# Keck LRIS spectra of late-M, L and T dwarfs
# spty = M7  (Spectral type)
#
#     WAVELENGTH	#           FLUX	
#     (ANGSTROM)	#  (ERG/CM2/S/A)	
################	################	
      6300.00000	     2.69854e-18	
      6301.90000	     4.08006e-18	
      6303.80000	     6.51839e-18	
      6305.70000	     5.52533e-18	
      6307.60000	     5.66517e-18	
      6309.50000	     5.37581e-18	
      6311.40000	     4.65414e-18	
      6313.30000	     6.06114e-18	
      6315.20000	     6.24031e-18	
      6317.10000	     6.09424e-18	
      6319.00000	     7.06600e-18	
      6320.90000	     7.25881e-18	
      6322.80000	     6.17472e-18	
      6324.70000	     6.04624e-18	
      6326.60000	     5.91912e-18	
      6328.50000	     6.32009e-18	
      6330.40000	     6.17974e-18	
      6332.30000	     5.29614e-18	
      6334.20000	     5.49831e-18	
      6336.10000	     6.22219e-18	
      6338.00000	     6.59626e-18	
      6339.90000	     6.48202e-18	
      6341.80000	     8.00917e-18	
      6343.70000	     9.92830e-18	
      6345.60000	     9.31987e-18	
      6347.50000	     8.30825e-18	
      6349.40000	     8.19990e-18	
      6351.30000	     7.53741e-18	
      6353.20000	     5.79430e-18	
      6355.10000	     8.23235e-18	
      6357.00000	     7.48595e-18	
      6358.90000	     7.39292e-18	
      6360.80000	     8.28572e-18	
      6362.70000	     8.09731e-18	
      6364.60000	     8.46377e-18	
      6366.50000	     6.58138e-18	
      6368.40000	     7.37474e-18	
      6370.30000	     7.11089e-18	
      6372.20000	     7.34299e-18	
      6374.10000	     8.22930e-18	
      6376.00000	     8.06564e-18	
      6377.90000	     7.65782e-18	
      6379.80000	     8.11208e-18	
      6381.70000	     7.61587e-18	
      6383.60000	     6.91589e-18	
      6385.50000	     6.46383e-18	
      6387.40000	     6.72565e-18	
      6389.30000	     5.90388e-18	
      6391.20000	     6.91039e-18	
      6393.10000	     6.61734e-18	
      6395.00000	     7.29782e-18	
      6396.90000	     1.05394e-17	
      6398.80000	     8.16407e-18	
      6400.70000	     7.84674e-18	
      6402.60000	     8.75266e-18	
      6404.50000	     8.59768e-18	
      6406.40000	     9.81126e-18	
      6408.30000	     8.76790e-18	
      6410.20000	     7.34387e-18	
      6412.10000	     8.60279e-18	
      6414.00000	     9.56326e-18	
      6415.90000	     8.41983e-18	
      6417.80000	     7.14706e-18	
      6419.70000	     7.62008e-18	
      6421.60000	     7.74930e-18	
      6423.50000	     6.67053e-18	
      6425.40000	     7.09719e-18	
      6427.30000	     7.85135e-18	
      6429.20000	     7.69540e-18	
      6431.10000	     7.45250e-18	
      6433.00000	     8.50806e-18	
      6434.90000	     8.62505e-18	
      6436.80000	     8.88867e-18	
      6438.70000	     8.05678e-18	
      6440.60000	     7.88021e-18	
      6442.50000	     9.02539e-18	
      6444.40000	     9.51045e-18	
      6446.30000	     7.93134e-18	
      6448.20000	     9.13635e-18	
      6450.10000	     8.53850e-18	
      6452.00000	     7.95776e-18	
      6453.90000	     8.76438e-18	
      6455.80000	     8.77592e-18	
      6457.70000	     1.01873e-17	
      6459.60000	     9.41426e-18	
      6461.50000	     9.82516e-18	
      6463.40000	     9.80465e-18	
      6465.30000	     9.33247e-18	
      6467.20000	     1.02536e-17	
      6469.10000	     9.80603e-18	
      6471.00000	     1.02155e-17	
      6472.90000	     1.00485e-17	
      6474.80000	     1.01422e-17	
      6476.70000	     1.22899e-17	
      6478.60000	     1.02456e-17	
      6480.50000	     8.45721e-18	
      6482.40000	     8.83833e-18	
      6484.30000	     9.13994e-18	
      6486.20000	     9.10401e-18	
      6488.10000	     1.00077e-17	
      6490.00000	     1.05099e-17	
      6491.90000	     9.76330e-18	
      6493.80000	     1.10191e-17	
      6495.70000	     1.15409e-17	
      6497.60000	     1.11081e-17	
      6499.50000	     1.11572e-17	
      6501.40000	     1.21507e-17	
      6503.30000	     1.33161e-17	
      6505.20000	     1.36805e-17	
      6507.10000	     1.28979e-17	
      6509.00000	     1.25577e-17	
      6510.90000	     1.34349e-17	
      6512.80000	     1.47093e-17	
      6514.70000	     1.38218e-17	
      6516.60000	     1.28190e-17	
      6518.50000	     1.49716e-17	
      6520.40000	     1.56570e-17	
      6522.30000	     1.60559e-17	
      6524.20000	     1.65450e-17	
      6526.10000	     1.51979e-17	
      6528.00000	     1.77717e-17	
      6529.90000	     1.95598e-17	
      6531.80000	     1.87587e-17	
      6533.70000	     1.93338e-17	
      6535.60000	     2.08679e-17	
      6537.50000	     1.97843e-17	
      6539.40000	     1.91778e-17	
      6541.30000	     1.96751e-17	
      6543.20000	     1.92246e-17	
      6545.10000	     1.86766e-17	
      6547.00000	     1.86746e-17	
      6548.90000	     1.72772e-17	
      6550.80000	     1.66301e-17	
      6552.70000	     1.45471e-17	
      6554.60000	     1.63650e-17	
      6556.50000	     1.80758e-17	
      6558.40000	     1.79677e-17	
      6560.30000	     2.11888e-17	
      6562.20000	     2.38257e-17	
      6564.10000	     2.40303e-17	
      6566.00000	     2.16488e-17	
      6567.90000	     1.58734e-17	
      6569.80000	     1.25060e-17	
      6571.70000	     1.20469e-17	
      6573.60000	     1.29425e-17	
      6575.50000	     1.39072e-17	
      6577.40000	     1.34810e-17	
      6579.30000	     1.10821e-17	
      6581.20000	     1.13376e-17	
      6583.10000	     1.22644e-17	
      6585.00000	     1.28528e-17	
      6586.90000	     1.33814e-17	
      6588.80000	     1.34224e-17	
      6590.70000	     1.32332e-17	
      6592.60000	     1.30132e-17	
      6594.50000	     1.14706e-17	
      6596.40000	     1.04552e-17	
      6598.30000	     1.19434e-17	
      6600.20000	     1.12558e-17	
      6602.10000	     1.10700e-17	
      6604.00000	     1.25724e-17	
      6605.90000	     1.10156e-17	
      6607.80000	     1.23077e-17	
      6609.70000	     1.26516e-17	
      6611.60000	     1.25085e-17	
      6613.50000	     1.32013e-17	
      6615.40000	     1.19529e-17	
      6617.30000	     1.16541e-17	
      6619.20000	     1.15143e-17	
      6621.10000	     1.19829e-17	
      6623.00000	     1.10087e-17	
      6624.90000	     1.00826e-17	
      6626.80000	     9.29909e-18	
      6628.70000	     8.87954e-18	
      6630.60000	     9.88939e-18	
      6632.50000	     1.03718e-17	
      6634.40000	     1.08906e-17	
      6636.30000	     1.12003e-17	
      6638.20000	     9.40474e-18	
      6640.10000	     9.16340e-18	
      6642.00000	     1.07019e-17	
      6643.90000	     1.12028e-17	
      6645.80000	     1.02861e-17	
      6647.70000	     9.28884e-18	
      6649.60000	     7.70345e-18	
      6651.50000	     8.43975e-18	
      6653.40000	     7.87589e-18	
      6655.30000	     6.88070e-18	
      6657.20000	     8.31157e-18	
      6659.10000	     7.73373e-18	
      6661.00000	     8.07214e-18	
      6662.90000	     7.84682e-18	
      6664.80000	     9.26651e-18	
      6666.70000	     1.03157e-17	
      6668.60000	     1.01115e-17	
      6670.50000	     1.07107e-17	
      6672.40000	     9.38730e-18	
      6674.30000	     8.62675e-18	
      6676.20000	     9.42400e-18	
      6678.10000	     8.89797e-18	
      6680.00000	     6.85402e-18	
      6681.90000	     7.26075e-18	
      6683.80000	     8.10565e-18	
      6685.70000	     7.25169e-18	
      6687.60000	     6.46964e-18	
      6689.50000	     7.58446e-18	
      6691.40000	     7.78566e-18	
      6693.30000	     8.34001e-18	
      6695.20000	     8.77595e-18	
      6697.10000	     6.50674e-18	
      6699.00000	     8.31861e-18	
      6700.90000	     8.08210e-18	
      6702.80000	     9.84821e-18	
      6704.70000	     9.79470e-18	
      6706.60000	     8.06062e-18	
      6708.50000	     8.58744e-18	
      6710.40000	     9.22281e-18	
      6712.30000	     7.48127e-18	
      6714.20000	     7.50118e-18	
      6716.10000	     7.49899e-18	
      6718.00000	     6.84169e-18	
      6719.90000	     6.22814e-18	
      6721.80000	     6.67848e-18	
      6723.70000	     7.45012e-18	
      6725.60000	     7.65259e-18	
      6727.50000	     6.33865e-18	
      6729.40000	     7.69498e-18	
      6731.30000	     8.62495e-18	
      6733.20000	     8.14979e-18	
      6735.10000	     7.90168e-18	
      6737.00000	     8.34033e-18	
      6738.90000	     8.80017e-18	
      6740.80000	     8.85659e-18	
      6742.70000	     8.01492e-18	
      6744.60000	     8.82956e-18	
      6746.50000	     8.61351e-18	
      6748.40000	     8.17040e-18	
      6750.30000	     6.86709e-18	
      6752.20000	     6.49059e-18	
      6754.10000	     7.13420e-18	
      6756.00000	     8.37095e-18	
      6757.90000	     7.78639e-18	
      6759.80000	     1.03115e-17	
      6761.70000	     9.18058e-18	
      6763.60000	     9.79203e-18	
      6765.50000	     9.52546e-18	
      6767.40000	     1.04130e-17	
      6769.30000	     1.08044e-17	
      6771.20000	     1.00684e-17	
      6773.10000	     1.02958e-17	
      6775.00000	     1.13760e-17	
      6776.90000	     1.16808e-17	
      6778.80000	     9.71335e-18	
      6780.70000	     9.66428e-18	
      6782.60000	     8.33020e-18	
      6784.50000	     7.04581e-18	
      6786.40000	     9.16037e-18	
      6788.30000	     8.70986e-18	
      6790.20000	     8.80122e-18	
      6792.10000	     8.43791e-18	
      6794.00000	     9.24183e-18	
      6795.90000	     1.00991e-17	
      6797.80000	     1.02062e-17	
      6799.70000	     1.04736e-17	
      6801.60000	     9.61035e-18	
      6803.50000	     9.92477e-18	
      6805.40000	     1.08680e-17	
      6807.30000	     9.56332e-18	
      6809.20000	     8.98236e-18	
      6811.10000	     9.59153e-18	
      6813.00000	     1.06950e-17	
      6814.90000	     8.73268e-18	
      6816.80000	     1.06039e-17	
      6818.70000	     1.05187e-17	
      6820.60000	     9.60454e-18	
      6822.50000	     1.06416e-17	
      6824.40000	     1.04901e-17	
      6826.30000	     1.03776e-17	
      6828.20000	     1.01008e-17	
      6830.10000	     9.56594e-18	
      6832.00000	     1.04965e-17	
      6833.90000	     1.14858e-17	
      6835.80000	     1.05787e-17	
      6837.70000	     8.95595e-18	
      6839.60000	     1.09930e-17	
      6841.50000	     1.18475e-17	
      6843.40000	     1.20462e-17	
      6845.30000	     1.11887e-17	
      6847.20000	     1.13503e-17	
      6849.10000	     1.10633e-17	
      6851.00000	     9.58710e-18	
      6852.90000	     1.04477e-17	
      6854.80000	     1.03419e-17	
      6856.70000	     1.08900e-17	
      6858.60000	     1.08390e-17	
      6860.50000	     1.03864e-17	
      6862.40000	     1.13144e-17	
      6864.30000	     1.11440e-17	
      6866.20000	     1.03858e-17	
      6868.10000	     8.86846e-18	
      6870.00000	     8.45374e-18	
      6871.90000	     7.82023e-18	
      6873.80000	     9.34912e-18	
      6875.70000	     9.35303e-18	
      6877.60000	     1.03969e-17	
      6879.50000	     1.17744e-17	
      6881.40000	     1.31784e-17	
      6883.30000	     1.26212e-17	
      6885.20000	     1.04491e-17	
      6887.10000	     1.14528e-17	
      6889.00000	     1.05161e-17	
      6890.90000	     9.46119e-18	
      6892.80000	     1.02217e-17	
      6894.70000	     1.23785e-17	
      6896.60000	     1.22793e-17	
      6898.50000	     1.27362e-17	
      6900.40000	     1.06382e-17	
      6902.30000	     1.03016e-17	
      6904.20000	     1.06650e-17	
      6906.10000	     1.33617e-17	
      6908.00000	     1.36929e-17	
      6909.90000	     1.40244e-17	
      6911.80000	     1.40356e-17	
      6913.70000	     1.52256e-17	
      6915.60000	     1.52359e-17	
      6917.50000	     1.31115e-17	
      6919.40000	     1.11308e-17	
      6921.30000	     1.29726e-17	
      6923.20000	     1.54829e-17	
      6925.10000	     1.59662e-17	
      6927.00000	     1.67173e-17	
      6928.90000	     1.65661e-17	
      6930.80000	     1.57282e-17	
      6932.70000	     1.65342e-17	
      6934.60000	     1.81153e-17	
      6936.50000	     1.83537e-17	
      6938.40000	     1.76450e-17	
      6940.30000	     1.91195e-17	
      6942.20000	     2.00117e-17	
      6944.10000	     2.10275e-17	
      6946.00000	     2.28156e-17	
      6947.90000	     2.20375e-17	
      6949.80000	     2.23497e-17	
      6951.70000	     2.22155e-17	
      6953.60000	     2.05783e-17	
      6955.50000	     1.97270e-17	
      6957.40000	     2.07437e-17	
      6959.30000	     2.17759e-17	
      6961.20000	     2.16594e-17	
      6963.10000	     2.28076e-17	
      6965.00000	     2.26849e-17	
      6966.90000	     2.30153e-17	
      6968.80000	     2.31439e-17	
      6970.70000	     2.14632e-17	
      6972.60000	     2.15511e-17	
      6974.50000	     2.25116e-17	
      6976.40000	     2.42363e-17	
      6978.30000	     2.56750e-17	
      6980.20000	     2.57278e-17	
      6982.10000	     2.46443e-17	
      6984.00000	     2.55141e-17	
      6985.90000	     2.59411e-17	
      6987.80000	     2.50743e-17	
      6989.70000	     2.40532e-17	
      6991.60000	     2.35800e-17	
      6993.50000	     2.43514e-17	
      6995.40000	     2.43156e-17	
      6997.30000	     2.51522e-17	
      6999.20000	     2.59196e-17	
      7001.10000	     2.65251e-17	
      7003.00000	     2.55522e-17	
      7004.90000	     2.46248e-17	
      7006.80000	     2.69925e-17	
      7008.70000	     2.90386e-17	
      7010.60000	     2.80229e-17	
      7012.50000	     2.87259e-17	
      7014.40000	     2.81632e-17	
      7016.30000	     2.95032e-17	
      7018.20000	     3.00562e-17	
      7020.10000	     3.03616e-17	
      7022.00000	     2.92642e-17	
      7023.90000	     2.87492e-17	
      7025.80000	     3.06183e-17	
      7027.70000	     3.19862e-17	
      7029.60000	     3.30578e-17	
      7031.50000	     3.33718e-17	
      7033.40000	     3.34771e-17	
      7035.30000	     3.56415e-17	
      7037.20000	     3.57268e-17	
      7039.10000	     3.81990e-17	
      7041.00000	     3.67158e-17	
      7042.90000	     3.78477e-17	
      7044.80000	     3.93662e-17	
      7046.70000	     3.88070e-17	
      7048.60000	     3.79044e-17	
      7050.50000	     3.83812e-17	
      7052.40000	     3.36229e-17	
      7054.30000	     2.57359e-17	
      7056.20000	     1.75673e-17	
      7058.10000	     1.38697e-17	
      7060.00000	     1.29409e-17	
      7061.90000	     1.25005e-17	
      7063.80000	     1.24872e-17	
      7065.70000	     1.33189e-17	
      7067.60000	     1.35044e-17	
      7069.50000	     1.51222e-17	
      7071.40000	     1.57861e-17	
      7073.30000	     1.64494e-17	
      7075.20000	     1.69252e-17	
      7077.10000	     1.69636e-17	
      7079.00000	     1.74244e-17	
      7080.90000	     1.72757e-17	
      7082.80000	     1.73369e-17	
      7084.70000	     1.81816e-17	
      7086.60000	     1.64240e-17	
      7088.50000	     1.20260e-17	
      7090.40000	     9.83753e-18	
      7092.30000	     9.77682e-18	
      7094.20000	     8.99413e-18	
      7096.10000	     8.84312e-18	
      7098.00000	     9.65007e-18	
      7099.90000	     1.06940e-17	
      7101.80000	     1.05768e-17	
      7103.70000	     1.06896e-17	
      7105.60000	     1.22354e-17	
      7107.50000	     1.25359e-17	
      7109.40000	     1.50064e-17	
      7111.30000	     1.59136e-17	
      7113.20000	     1.39105e-17	
      7115.10000	     1.45017e-17	
      7117.00000	     1.48628e-17	
      7118.90000	     1.48055e-17	
      7120.80000	     1.50308e-17	
      7122.70000	     1.53578e-17	
      7124.60000	     1.31158e-17	
      7126.50000	     9.97796e-18	
      7128.40000	     8.29481e-18	
      7130.30000	     7.15239e-18	
      7132.20000	     7.70861e-18	
      7134.10000	     8.78164e-18	
      7136.00000	     8.80711e-18	
      7137.90000	     7.98597e-18	
      7139.80000	     9.00005e-18	
      7141.70000	     1.01497e-17	
      7143.60000	     8.60984e-18	
      7145.50000	     1.00290e-17	
      7147.40000	     1.05253e-17	
      7149.30000	     1.04471e-17	
      7151.20000	     9.05008e-18	
      7153.10000	     1.10695e-17	
      7155.00000	     1.18821e-17	
      7156.90000	     1.21806e-17	
      7158.80000	     1.01916e-17	
      7160.70000	     1.12453e-17	
      7162.60000	     1.17871e-17	
      7164.50000	     1.11593e-17	
      7166.40000	     1.14664e-17	
      7168.30000	     1.13649e-17	
      7170.20000	     1.20246e-17	
      7172.10000	     1.26653e-17	
      7174.00000	     1.33277e-17	
      7175.90000	     1.24795e-17	
      7177.80000	     1.27309e-17	
      7179.70000	     1.39512e-17	
      7181.60000	     1.43057e-17	
      7183.50000	     1.44650e-17	
      7185.40000	     1.46339e-17	
      7187.30000	     1.43988e-17	
      7189.20000	     1.44125e-17	
      7191.10000	     1.53590e-17	
      7193.00000	     1.60681e-17	
      7194.90000	     1.67475e-17	
      7196.80000	     1.47121e-17	
      7198.70000	     1.21342e-17	
      7200.60000	     1.20990e-17	
      7202.50000	     1.26695e-17	
      7204.40000	     1.31523e-17	
      7206.30000	     1.34587e-17	
      7208.20000	     1.41572e-17	
      7210.10000	     1.40758e-17	
      7212.00000	     1.45607e-17	
      7213.90000	     1.47509e-17	
      7215.80000	     1.62288e-17	
      7217.70000	     1.71928e-17	
      7219.60000	     1.77209e-17	
      7221.50000	     1.72736e-17	
      7223.40000	     1.93570e-17	
      7225.30000	     1.90567e-17	
      7227.20000	     1.94929e-17	
      7229.10000	     2.07298e-17	
      7231.00000	     2.04612e-17	
      7232.90000	     1.96898e-17	
      7234.80000	     1.96895e-17	
      7236.70000	     2.03089e-17	
      7238.60000	     2.07476e-17	
      7240.50000	     2.08457e-17	
      7242.40000	     2.24489e-17	
      7244.30000	     2.35442e-17	
      7246.20000	     2.32668e-17	
      7248.10000	     2.51606e-17	
      7250.00000	     2.53356e-17	
      7251.90000	     2.55174e-17	
      7253.80000	     2.80233e-17	
      7255.70000	     2.80013e-17	
      7257.60000	     2.75368e-17	
      7259.50000	     2.97692e-17	
      7261.40000	     2.98919e-17	
      7263.30000	     3.01998e-17	
      7265.20000	     3.07206e-17	
      7267.10000	     3.09790e-17	
      7269.00000	     2.91224e-17	
      7270.90000	     2.99674e-17	
      7272.80000	     2.78187e-17	
      7274.70000	     3.01433e-17	
      7276.60000	     3.17965e-17	
      7278.50000	     3.16967e-17	
      7280.40000	     3.19013e-17	
      7282.30000	     3.19188e-17	
      7284.20000	     3.30768e-17	
      7286.10000	     3.43361e-17	
      7288.00000	     3.57260e-17	
      7289.90000	     3.61618e-17	
      7291.80000	     3.74669e-17	
      7293.70000	     3.73844e-17	
      7295.60000	     3.89262e-17	
      7297.50000	     3.91926e-17	
      7299.40000	     3.98245e-17	
      7301.30000	     4.05759e-17	
      7303.20000	     4.29276e-17	
      7305.10000	     4.37619e-17	
      7307.00000	     4.37446e-17	
      7308.90000	     4.34613e-17	
      7310.80000	     4.42931e-17	
      7312.70000	     4.51133e-17	
      7314.60000	     4.78009e-17	
      7316.50000	     4.88776e-17	
      7318.40000	     4.89205e-17	
      7320.30000	     4.83821e-17	
      7322.20000	     5.11044e-17	
      7324.10000	     5.30210e-17	
      7326.00000	     5.07010e-17	
      7327.90000	     5.11257e-17	
      7329.80000	     5.26188e-17	
      7331.70000	     5.27310e-17	
      7333.60000	     5.25291e-17	
      7335.50000	     5.55976e-17	
      7337.40000	     5.74247e-17	
      7339.30000	     5.81020e-17	
      7341.20000	     5.88329e-17	
      7343.10000	     5.46335e-17	
      7345.00000	     5.28858e-17	
      7346.90000	     5.37131e-17	
      7348.80000	     5.61566e-17	
      7350.70000	     5.84078e-17	
      7352.60000	     5.55678e-17	
      7354.50000	     5.42603e-17	
      7356.40000	     5.60133e-17	
      7358.30000	     5.70129e-17	
      7360.20000	     5.75347e-17	
      7362.10000	     6.05591e-17	
      7364.00000	     6.19191e-17	
      7365.90000	     6.27009e-17	
      7367.80000	     6.39705e-17	
      7369.70000	     6.26572e-17	
      7371.60000	     6.26812e-17	
      7373.50000	     6.08025e-17	
      7375.40000	     6.04470e-17	
      7377.30000	     6.15363e-17	
      7379.20000	     6.30240e-17	
      7381.10000	     6.29560e-17	
      7383.00000	     6.36758e-17	
      7384.90000	     6.34529e-17	
      7386.80000	     6.48960e-17	
      7388.70000	     6.70775e-17	
      7390.60000	     6.68691e-17	
      7392.50000	     6.53086e-17	
      7394.40000	     6.30799e-17	
      7396.30000	     6.21203e-17	
      7398.20000	     6.33627e-17	
      7400.10000	     6.42041e-17	
      7402.00000	     6.43501e-17	
      7403.90000	     6.16499e-17	
      7405.80000	     5.94643e-17	
      7407.70000	     6.18448e-17	
      7409.60000	     6.38005e-17	
      7411.50000	     6.80595e-17	
      7413.40000	     6.72117e-17	
      7415.30000	     6.42507e-17	
      7417.20000	     6.09947e-17	
      7419.10000	     6.06028e-17	
      7421.00000	     6.28371e-17	
      7422.90000	     6.46386e-17	
      7424.80000	     6.62281e-17	
      7426.70000	     6.69383e-17	
      7428.60000	     6.62179e-17	
      7430.50000	     6.68950e-17	
      7432.40000	     6.62063e-17	
      7434.30000	     6.26876e-17	
      7436.20000	     6.10760e-17	
      7438.10000	     6.34157e-17	
      7440.00000	     6.49033e-17	
      7441.90000	     6.46232e-17	
      7443.80000	     6.23348e-17	
      7445.70000	     6.14518e-17	
      7447.60000	     5.96807e-17	
      7449.50000	     6.25919e-17	
      7451.40000	     6.38847e-17	
      7453.30000	     6.35038e-17	
      7455.20000	     6.27293e-17	
      7457.10000	     6.33253e-17	
      7459.00000	     6.39609e-17	
      7460.90000	     6.53257e-17	
      7462.80000	     6.64234e-17	
      7464.70000	     6.77691e-17	
      7466.60000	     6.73684e-17	
      7468.50000	     6.84987e-17	
      7470.40000	     6.78463e-17	
      7472.30000	     6.45916e-17	
      7474.20000	     6.31896e-17	
      7476.10000	     6.70235e-17	
      7478.00000	     6.80116e-17	
      7479.90000	     6.61359e-17	
      7481.80000	     6.76542e-17	
      7483.70000	     6.96183e-17	
      7485.60000	     6.93254e-17	
      7487.50000	     6.92663e-17	
      7489.40000	     6.92569e-17	
      7491.30000	     6.88159e-17	
      7493.20000	     6.85200e-17	
      7495.10000	     6.78377e-17	
      7497.00000	     6.95585e-17	
      7498.90000	     7.26076e-17	
      7500.80000	     7.47208e-17	
      7502.70000	     7.50093e-17	
      7504.60000	     7.35524e-17	
      7506.50000	     7.15282e-17	
      7508.40000	     7.44535e-17	
      7510.30000	     7.55233e-17	
      7512.20000	     7.48022e-17	
      7514.10000	     7.43355e-17	
      7516.00000	     7.66200e-17	
      7517.90000	     7.46055e-17	
      7519.80000	     7.31876e-17	
      7521.70000	     7.34072e-17	
      7523.60000	     7.34834e-17	
      7525.50000	     7.09335e-17	
      7527.40000	     7.35026e-17	
      7529.30000	     7.61127e-17	
      7531.20000	     7.72904e-17	
      7533.10000	     7.66449e-17	
      7535.00000	     7.50604e-17	
      7536.90000	     7.83825e-17	
      7538.80000	     8.19840e-17	
      7540.70000	     8.26900e-17	
      7542.60000	     8.23691e-17	
      7544.50000	     8.24119e-17	
      7546.40000	     8.09567e-17	
      7548.30000	     8.26948e-17	
      7550.20000	     8.28600e-17	
      7552.10000	     8.38039e-17	
      7554.00000	     8.37208e-17	
      7555.90000	     8.32204e-17	
      7557.80000	     8.53996e-17	
      7559.70000	     8.62317e-17	
      7561.60000	     8.41713e-17	
      7563.50000	     8.26039e-17	
      7565.40000	     8.08089e-17	
      7567.30000	     7.94614e-17	
      7569.20000	     7.93408e-17	
      7571.10000	     8.46009e-17	
      7573.00000	     8.64773e-17	
      7574.90000	     8.53397e-17	
      7576.80000	     8.32959e-17	
      7578.70000	     8.63111e-17	
      7580.60000	     8.99934e-17	
      7582.50000	     9.09146e-17	
      7584.40000	     8.77621e-17	
      7586.30000	     7.71957e-17	
      7588.20000	     6.25014e-17	
      7590.10000	     5.05124e-17	
      7592.00000	     4.37996e-17	
      7593.90000	     4.12820e-17	
      7595.80000	     3.32128e-17	
      7597.70000	     2.92274e-17	
      7599.60000	     2.71230e-17	
      7601.50000	     2.44159e-17	
      7603.40000	     2.23261e-17	
      7605.30000	     2.10838e-17	
      7607.20000	     2.18313e-17	
      7609.10000	     2.51046e-17	
      7611.00000	     2.99327e-17	
      7612.90000	     3.63025e-17	
      7614.80000	     4.20791e-17	
      7616.70000	     4.77325e-17	
      7618.60000	     5.56798e-17	
      7620.50000	     5.49626e-17	
      7622.40000	     4.71538e-17	
      7624.30000	     4.17532e-17	
      7626.20000	     3.22314e-17	
      7628.10000	     2.51003e-17	
      7630.00000	     2.34739e-17	
      7631.90000	     2.43544e-17	
      7633.80000	     2.66231e-17	
      7635.70000	     2.71587e-17	
      7637.60000	     2.74744e-17	
      7639.50000	     2.74923e-17	
      7641.40000	     2.85867e-17	
      7643.30000	     2.96309e-17	
      7645.20000	     2.92655e-17	
      7647.10000	     3.19992e-17	
      7649.00000	     3.05569e-17	
      7650.90000	     2.73611e-17	
      7652.80000	     2.71816e-17	
      7654.70000	     2.55892e-17	
      7656.60000	     2.37249e-17	
      7658.50000	     2.22417e-17	
      7660.40000	     1.72554e-17	
      7662.30000	     1.19407e-17	
      7664.20000	     8.58027e-18	
      7666.10000	     9.05897e-18	
      7668.00000	     1.28534e-17	
      7669.90000	     1.51347e-17	
      7671.80000	     1.75891e-17	
      7673.70000	     2.07344e-17	
      7675.60000	     2.21862e-17	
      7677.50000	     2.29900e-17	
      7679.40000	     2.41669e-17	
      7681.30000	     2.57702e-17	
      7683.20000	     2.68414e-17	
      7685.10000	     2.63786e-17	
      7687.00000	     2.69115e-17	
      7688.90000	     2.79235e-17	
      7690.80000	     2.58814e-17	
      7692.70000	     2.49687e-17	
      7694.60000	     2.03602e-17	
      7696.50000	     1.49890e-17	
      7698.40000	     1.11796e-17	
      7700.30000	     1.35628e-17	
      7702.20000	     1.88200e-17	
      7704.10000	     2.18142e-17	
      7706.00000	     2.43143e-17	
      7707.90000	     2.74966e-17	
      7709.80000	     3.02035e-17	
      7711.70000	     3.11542e-17	
      7713.60000	     3.30105e-17	
      7715.50000	     3.53268e-17	
      7717.40000	     3.45723e-17	
      7719.30000	     3.50887e-17	
      7721.20000	     3.89567e-17	
      7723.10000	     4.01875e-17	
      7725.00000	     3.97697e-17	
      7726.90000	     4.02060e-17	
      7728.80000	     4.26252e-17	
      7730.70000	     4.40657e-17	
      7732.60000	     4.64809e-17	
      7734.50000	     4.74818e-17	
      7736.40000	     4.89455e-17	
      7738.30000	     4.87997e-17	
      7740.20000	     4.64336e-17	
      7742.10000	     4.42213e-17	
      7744.00000	     4.11084e-17	
      7745.90000	     3.80585e-17	
      7747.80000	     3.41441e-17	
      7749.70000	     3.25165e-17	
      7751.60000	     3.38820e-17	
      7753.50000	     3.45654e-17	
      7755.40000	     3.37911e-17	
      7757.30000	     3.47279e-17	
      7759.20000	     3.65974e-17	
      7761.10000	     3.84522e-17	
      7763.00000	     3.82103e-17	
      7764.90000	     3.86005e-17	
      7766.80000	     4.03386e-17	
      7768.70000	     4.10389e-17	
      7770.60000	     4.21970e-17	
      7772.50000	     4.35447e-17	
      7774.40000	     4.53369e-17	
      7776.30000	     4.42370e-17	
      7778.20000	     4.50198e-17	
      7780.10000	     4.29929e-17	
      7782.00000	     4.03544e-17	
      7783.90000	     3.70315e-17	
      7785.80000	     3.84761e-17	
      7787.70000	     4.16693e-17	
      7789.60000	     4.31310e-17	
      7791.50000	     4.33183e-17	
      7793.40000	     4.48613e-17	
      7795.30000	     4.52826e-17	
      7797.20000	     4.35178e-17	
      7799.10000	     4.01295e-17	
      7801.00000	     4.25353e-17	
      7802.90000	     4.97897e-17	
      7804.80000	     5.41714e-17	
      7806.70000	     5.44947e-17	
      7808.60000	     5.28997e-17	
      7810.50000	     5.42156e-17	
      7812.40000	     5.48065e-17	
      7814.30000	     5.64507e-17	
      7816.20000	     5.62514e-17	
      7818.10000	     5.48051e-17	
      7820.00000	     5.15689e-17	
      7821.90000	     5.08056e-17	
      7823.80000	     5.00977e-17	
      7825.70000	     4.85164e-17	
      7827.60000	     4.51717e-17	
      7829.50000	     4.36993e-17	
      7831.40000	     4.49879e-17	
      7833.30000	     4.55942e-17	
      7835.20000	     4.73834e-17	
      7837.10000	     4.80404e-17	
      7839.00000	     4.76868e-17	
      7840.90000	     4.89380e-17	
      7842.80000	     5.15772e-17	
      7844.70000	     5.34640e-17	
      7846.60000	     5.25519e-17	
      7848.50000	     5.11173e-17	
      7850.40000	     5.10035e-17	
      7852.30000	     5.22124e-17	
      7854.20000	     5.47162e-17	
      7856.10000	     5.72927e-17	
      7858.00000	     5.46672e-17	
      7859.90000	     5.18589e-17	
      7861.80000	     5.22487e-17	
      7863.70000	     5.20090e-17	
      7865.60000	     5.12966e-17	
      7867.50000	     5.08209e-17	
      7869.40000	     5.14577e-17	
      7871.30000	     5.17231e-17	
      7873.20000	     5.28126e-17	
      7875.10000	     5.55409e-17	
      7877.00000	     5.68151e-17	
      7878.90000	     6.01715e-17	
      7880.80000	     6.09578e-17	
      7882.70000	     6.03878e-17	
      7884.60000	     6.08901e-17	
      7886.50000	     6.08169e-17	
      7888.40000	     6.16135e-17	
      7890.30000	     6.37947e-17	
      7892.20000	     6.36638e-17	
      7894.10000	     6.11696e-17	
      7896.00000	     5.79519e-17	
      7897.90000	     5.47027e-17	
      7899.80000	     5.53387e-17	
      7901.70000	     5.85121e-17	
      7903.60000	     5.86330e-17	
      7905.50000	     5.71579e-17	
      7907.40000	     5.36445e-17	
      7909.30000	     5.14859e-17	
      7911.20000	     5.20684e-17	
      7913.10000	     5.34011e-17	
      7915.00000	     5.26159e-17	
      7916.90000	     5.23191e-17	
      7918.80000	     5.27876e-17	
      7920.70000	     5.47238e-17	
      7922.60000	     5.63911e-17	
      7924.50000	     5.73886e-17	
      7926.40000	     5.72816e-17	
      7928.30000	     5.85084e-17	
      7930.20000	     6.17135e-17	
      7932.10000	     6.30902e-17	
      7934.00000	     6.42523e-17	
      7935.90000	     6.35153e-17	
      7937.80000	     5.84368e-17	
      7939.70000	     5.54200e-17	
      7941.60000	     5.54137e-17	
      7943.50000	     5.53823e-17	
      7945.40000	     5.28722e-17	
      7947.30000	     5.15257e-17	
      7949.20000	     5.65867e-17	
      7951.10000	     6.20409e-17	
      7953.00000	     6.43882e-17	
      7954.90000	     6.53305e-17	
      7956.80000	     6.59950e-17	
      7958.70000	     6.26611e-17	
      7960.60000	     6.24094e-17	
      7962.50000	     6.40788e-17	
      7964.40000	     6.57522e-17	
      7966.30000	     7.00586e-17	
      7968.20000	     7.24192e-17	
      7970.10000	     7.21565e-17	
      7972.00000	     7.03596e-17	
      7973.90000	     6.51877e-17	
      7975.80000	     6.35554e-17	
      7977.70000	     6.40411e-17	
      7979.60000	     6.33408e-17	
      7981.50000	     6.15180e-17	
      7983.40000	     6.06861e-17	
      7985.30000	     5.97462e-17	
      7987.20000	     6.20056e-17	
      7989.10000	     6.47651e-17	
      7991.00000	     6.44269e-17	
      7992.90000	     6.45082e-17	
      7994.80000	     6.32624e-17	
      7996.70000	     6.64604e-17	
      7998.60000	     6.72283e-17	
      8000.50000	     6.84952e-17	
      8002.40000	     6.96246e-17	
      8004.30000	     7.27625e-17	
      8006.20000	     7.45219e-17	
      8008.10000	     7.63875e-17	
      8010.00000	     7.58084e-17	
      8011.90000	     7.66796e-17	
      8013.80000	     7.96146e-17	
      8015.70000	     7.93064e-17	
      8017.60000	     7.98318e-17	
      8019.50000	     7.96133e-17	
      8021.40000	     7.94112e-17	
      8023.30000	     8.08977e-17	
      8025.20000	     8.24718e-17	
      8027.10000	     8.58760e-17	
      8029.00000	     8.80314e-17	
      8030.90000	     8.99251e-17	
      8032.80000	     8.76211e-17	
      8034.70000	     8.79740e-17	
      8036.60000	     8.83213e-17	
      8038.50000	     8.66359e-17	
      8040.40000	     8.91267e-17	
      8042.30000	     9.13844e-17	
      8044.20000	     8.95072e-17	
      8046.10000	     8.82242e-17	
      8048.00000	     9.32834e-17	
      8049.90000	     9.87743e-17	
      8051.80000	     1.02144e-16	
      8053.70000	     1.02392e-16	
      8055.60000	     1.02259e-16	
      8057.50000	     1.05604e-16	
      8059.40000	     1.04508e-16	
      8061.30000	     1.02630e-16	
      8063.20000	     1.03074e-16	
      8065.10000	     1.04277e-16	
      8067.00000	     1.04122e-16	
      8068.90000	     1.02366e-16	
      8070.80000	     1.04779e-16	
      8072.70000	     1.07257e-16	
      8074.60000	     1.09430e-16	
      8076.50000	     1.10522e-16	
      8078.40000	     1.11251e-16	
      8080.30000	     1.13571e-16	
      8082.20000	     1.16483e-16	
      8084.10000	     1.16633e-16	
      8086.00000	     1.14555e-16	
      8087.90000	     1.16385e-16	
      8089.80000	     1.18970e-16	
      8091.70000	     1.18003e-16	
      8093.60000	     1.17018e-16	
      8095.50000	     1.17059e-16	
      8097.40000	     1.18273e-16	
      8099.30000	     1.19433e-16	
      8101.20000	     1.19324e-16	
      8103.10000	     1.19087e-16	
      8105.00000	     1.22067e-16	
      8106.90000	     1.24506e-16	
      8108.80000	     1.26799e-16	
      8110.70000	     1.28704e-16	
      8112.60000	     1.26979e-16	
      8114.50000	     1.24104e-16	
      8116.40000	     1.25834e-16	
      8118.30000	     1.31605e-16	
      8120.20000	     1.31889e-16	
      8122.10000	     1.33891e-16	
      8124.00000	     1.35278e-16	
      8125.90000	     1.37816e-16	
      8127.80000	     1.37337e-16	
      8129.70000	     1.35682e-16	
      8131.60000	     1.35295e-16	
      8133.50000	     1.38729e-16	
      8135.40000	     1.40166e-16	
      8137.30000	     1.41666e-16	
      8139.20000	     1.37769e-16	
      8141.10000	     1.34620e-16	
      8143.00000	     1.33761e-16	
      8144.90000	     1.33306e-16	
      8146.80000	     1.34614e-16	
      8148.70000	     1.33118e-16	
      8150.60000	     1.34594e-16	
      8152.50000	     1.35689e-16	
      8154.40000	     1.36751e-16	
      8156.30000	     1.36974e-16	
      8158.20000	     1.33377e-16	
      8160.10000	     1.32392e-16	
      8162.00000	     1.36976e-16	
      8163.90000	     1.38534e-16	
      8165.80000	     1.41871e-16	
      8167.70000	     1.43801e-16	
      8169.60000	     1.41339e-16	
      8171.50000	     1.38513e-16	
      8173.40000	     1.38541e-16	
      8175.30000	     1.33879e-16	
      8177.20000	     1.23596e-16	
      8179.10000	     1.06084e-16	
      8181.00000	     8.51648e-17	
      8182.90000	     8.41415e-17	
      8184.80000	     1.02555e-16	
      8186.70000	     1.16175e-16	
      8188.60000	     1.10677e-16	
      8190.50000	     9.44730e-17	
      8192.40000	     7.52668e-17	
      8194.30000	     7.35358e-17	
      8196.20000	     8.44906e-17	
      8198.10000	     1.00603e-16	
      8200.00000	     1.13061e-16	
      8201.90000	     1.21365e-16	
      8203.80000	     1.21043e-16	
      8205.70000	     1.17485e-16	
      8207.60000	     1.20698e-16	
      8209.50000	     1.24251e-16	
      8211.40000	     1.25423e-16	
      8213.30000	     1.23725e-16	
      8215.20000	     1.23627e-16	
      8217.10000	     1.26477e-16	
      8219.00000	     1.28496e-16	
      8220.90000	     1.32560e-16	
      8222.80000	     1.32567e-16	
      8224.70000	     1.33817e-16	
      8226.60000	     1.32309e-16	
      8228.50000	     1.33496e-16	
      8230.40000	     1.34967e-16	
      8232.30000	     1.32725e-16	
      8234.20000	     1.35284e-16	
      8236.10000	     1.38717e-16	
      8238.00000	     1.40217e-16	
      8239.90000	     1.42028e-16	
      8241.80000	     1.42089e-16	
      8243.70000	     1.43044e-16	
      8245.60000	     1.43651e-16	
      8247.50000	     1.42860e-16	
      8249.40000	     1.37596e-16	
      8251.30000	     1.32736e-16	
      8253.20000	     1.30257e-16	
      8255.10000	     1.29868e-16	
      8257.00000	     1.34732e-16	
      8258.90000	     1.39726e-16	
      8260.80000	     1.39288e-16	
      8262.70000	     1.38889e-16	
      8264.60000	     1.38904e-16	
      8266.50000	     1.39160e-16	
      8268.40000	     1.32336e-16	
      8270.30000	     1.29349e-16	
      8272.20000	     1.29411e-16	
      8274.10000	     1.33741e-16	
      8276.00000	     1.32669e-16	
      8277.90000	     1.31467e-16	
      8279.80000	     1.30650e-16	
      8281.70000	     1.26800e-16	
      8283.60000	     1.24433e-16	
      8285.50000	     1.22411e-16	
      8287.40000	     1.19412e-16	
      8289.30000	     1.17892e-16	
      8291.20000	     1.17264e-16	
      8293.10000	     1.21190e-16	
      8295.00000	     1.22240e-16	
      8296.90000	     1.18236e-16	
      8298.80000	     1.15688e-16	
      8300.70000	     1.10173e-16	
      8302.60000	     1.10053e-16	
      8304.50000	     1.12630e-16	
      8306.40000	     1.18327e-16	
      8308.30000	     1.19409e-16	
      8310.20000	     1.16299e-16	
      8312.10000	     1.18704e-16	
      8314.00000	     1.21401e-16	
      8315.90000	     1.24786e-16	
      8317.80000	     1.25764e-16	
      8319.70000	     1.26716e-16	
      8321.60000	     1.26361e-16	
      8323.50000	     1.25027e-16	
      8325.40000	     1.20990e-16	
      8327.30000	     1.22497e-16	
      8329.20000	     1.28002e-16	
      8331.10000	     1.23649e-16	
      8333.00000	     1.17727e-16	
      8334.90000	     1.20067e-16	
      8336.80000	     1.23921e-16	
      8338.70000	     1.26060e-16	
      8340.60000	     1.23187e-16	
      8342.50000	     1.20338e-16	
      8344.40000	     1.18928e-16	
      8346.30000	     1.16487e-16	
      8348.20000	     1.19386e-16	
      8350.10000	     1.21456e-16	
      8352.00000	     1.19270e-16	
      8353.90000	     1.23959e-16	
      8355.80000	     1.25728e-16	
      8357.70000	     1.25159e-16	
      8359.60000	     1.27232e-16	
      8361.50000	     1.24215e-16	
      8363.40000	     1.25873e-16	
      8365.30000	     1.33522e-16	
      8367.20000	     1.35760e-16	
      8369.10000	     1.31386e-16	
      8371.00000	     1.23859e-16	
      8372.90000	     1.19089e-16	
      8374.80000	     1.15941e-16	
      8376.70000	     1.18313e-16	
      8378.60000	     1.21686e-16	
      8380.50000	     1.19489e-16	
      8382.40000	     1.16769e-16	
      8384.30000	     1.12888e-16	
      8386.20000	     1.07790e-16	
      8388.10000	     1.12469e-16	
      8390.00000	     1.18604e-16	
      8391.90000	     1.18421e-16	
      8393.80000	     1.17648e-16	
      8395.70000	     1.17749e-16	
      8397.60000	     1.23648e-16	
      8399.50000	     1.24542e-16	
      8401.40000	     1.28211e-16	
      8403.30000	     1.32345e-16	
      8405.20000	     1.31117e-16	
      8407.10000	     1.30126e-16	
      8409.00000	     1.28139e-16	
      8410.90000	     1.26586e-16	
      8412.80000	     1.33678e-16	
      8414.70000	     1.36939e-16	
      8416.60000	     1.31882e-16	
      8418.50000	     1.25486e-16	
      8420.40000	     1.22910e-16	
      8422.30000	     1.23924e-16	
      8424.20000	     1.23259e-16	
      8426.10000	     1.21656e-16	
      8428.00000	     1.22351e-16	
      8429.90000	     1.17980e-16	
      8431.80000	     9.63126e-17	
      8433.70000	     8.38780e-17	
      8435.60000	     9.42108e-17	
      8437.50000	     1.01836e-16	
      8439.40000	     9.69313e-17	
      8441.30000	     8.34667e-17	
      8443.20000	     7.96163e-17	
      8445.10000	     8.06140e-17	
      8447.00000	     8.52791e-17	
      8448.90000	     8.14332e-17	
      8450.80000	     7.09920e-17	
      8452.70000	     6.50248e-17	
      8454.60000	     6.89811e-17	
      8456.50000	     7.19991e-17	
      8458.40000	     7.44037e-17	
      8460.30000	     7.87621e-17	
      8462.20000	     7.41408e-17	
      8464.10000	     7.33594e-17	
      8466.00000	     6.97241e-17	
      8467.90000	     7.01700e-17	
      8469.80000	     7.06985e-17	
      8471.70000	     7.09771e-17	
      8473.60000	     7.50606e-17	
      8475.50000	     7.62176e-17	
      8477.40000	     7.97271e-17	
      8479.30000	     7.96323e-17	
      8481.20000	     7.97849e-17	
      8483.10000	     8.12959e-17	
      8485.00000	     8.41654e-17	
      8486.90000	     8.53314e-17	
      8488.80000	     8.95330e-17	
      8490.70000	     9.10523e-17	
      8492.60000	     8.43422e-17	
      8494.50000	     8.06956e-17	
      8496.40000	     7.90777e-17	
      8498.30000	     8.10288e-17	
      8500.20000	     8.30613e-17	
      8502.10000	     8.02445e-17	
      8504.00000	     7.74123e-17	
      8505.90000	     7.60512e-17	
      8507.80000	     8.09527e-17	
      8509.70000	     8.33702e-17	
      8511.60000	     8.14066e-17	
      8513.50000	     7.55376e-17	
      8515.40000	     7.28330e-17	
      8517.30000	     7.23766e-17	
      8519.20000	     7.24652e-17	
      8521.10000	     7.79802e-17	
      8523.00000	     8.41659e-17	
      8524.90000	     8.32907e-17	
      8526.80000	     8.33444e-17	
      8528.70000	     8.47424e-17	
      8530.60000	     8.67845e-17	
      8532.50000	     8.73479e-17	
      8534.40000	     8.80487e-17	
      8536.30000	     8.77942e-17	
      8538.20000	     8.60780e-17	
      8540.10000	     8.55886e-17	
      8542.00000	     9.07019e-17	
      8543.90000	     9.49009e-17	
      8545.80000	     9.82873e-17	
      8547.70000	     1.01932e-16	
      8549.60000	     9.89983e-17	
      8551.50000	     9.94178e-17	
      8553.40000	     1.01739e-16	
      8555.30000	     1.00184e-16	
      8557.20000	     9.53349e-17	
      8559.10000	     9.39875e-17	
      8561.00000	     9.65027e-17	
      8562.90000	     1.01495e-16	
      8564.80000	     1.05365e-16	
      8566.70000	     1.03297e-16	
      8568.60000	     9.99983e-17	
      8570.50000	     9.76877e-17	
      8572.40000	     9.81724e-17	
      8574.30000	     1.01930e-16	
      8576.20000	     1.04837e-16	
      8578.10000	     1.02957e-16	
      8580.00000	     1.00820e-16	
      8581.90000	     1.02130e-16	
      8583.80000	     1.01456e-16	
      8585.70000	     1.03799e-16	
      8587.60000	     1.02415e-16	
      8589.50000	     1.02667e-16	
      8591.40000	     1.04714e-16	
      8593.30000	     1.05745e-16	
      8595.20000	     1.07302e-16	
      8597.10000	     1.09017e-16	
      8599.00000	     1.08137e-16	
      8600.90000	     1.12451e-16	
      8602.80000	     1.10574e-16	
      8604.70000	     1.11628e-16	
      8606.60000	     1.13617e-16	
      8608.50000	     1.12890e-16	
      8610.40000	     1.07368e-16	
      8612.30000	     1.08086e-16	
      8614.20000	     1.07195e-16	
      8616.10000	     1.07537e-16	
      8618.00000	     1.11693e-16	
      8619.90000	     1.11990e-16	
      8621.80000	     1.08588e-16	
      8623.70000	     1.05665e-16	
      8625.60000	     1.03750e-16	
      8627.50000	     1.02311e-16	
      8629.40000	     1.03739e-16	
      8631.30000	     1.08516e-16	
      8633.20000	     1.07961e-16	
      8635.10000	     1.03474e-16	
      8637.00000	     1.06315e-16	
      8638.90000	     1.07247e-16	
      8640.80000	     1.08517e-16	
      8642.70000	     1.05973e-16	
      8644.60000	     1.02592e-16	
      8646.50000	     1.05918e-16	
      8648.40000	     1.08105e-16	
      8650.30000	     1.14579e-16	
      8652.20000	     1.13848e-16	
      8654.10000	     1.17577e-16	
      8656.00000	     1.17038e-16	
      8657.90000	     1.10418e-16	
      8659.80000	     1.09873e-16	
      8661.70000	     1.10978e-16	
      8663.60000	     1.16075e-16	
      8665.50000	     1.19211e-16	
      8667.40000	     1.13389e-16	
      8669.30000	     1.14886e-16	
      8671.20000	     1.15083e-16	
      8673.10000	     1.17083e-16	
      8675.00000	     1.18658e-16	
      8676.90000	     1.22270e-16	
      8678.80000	     1.17814e-16	
      8680.70000	     1.17445e-16	
      8682.60000	     1.20183e-16	
      8684.50000	     1.16694e-16	
      8686.40000	     1.09926e-16	
      8688.30000	     1.05640e-16	
      8690.20000	     1.03087e-16	
      8692.10000	     9.72478e-17	
      8694.00000	     9.80574e-17	
      8695.90000	     1.03854e-16	
      8697.80000	     1.05863e-16	
      8699.70000	     1.06924e-16	
      8701.60000	     1.09729e-16	
      8703.50000	     1.10369e-16	
      8705.40000	     1.09549e-16	
      8707.30000	     1.06963e-16	
      8709.20000	     1.06271e-16	
      8711.10000	     1.05759e-16	
      8713.00000	     1.05114e-16	
      8714.90000	     1.05648e-16	
      8716.80000	     1.07113e-16	
      8718.70000	     1.07424e-16	
      8720.60000	     1.09710e-16	
      8722.50000	     1.12853e-16	
      8724.40000	     1.17347e-16	
      8726.30000	     1.22769e-16	
      8728.20000	     1.20666e-16	
      8730.10000	     1.19066e-16	
      8732.00000	     1.15677e-16	
      8733.90000	     1.11188e-16	
      8735.80000	     1.13148e-16	
      8737.70000	     1.15064e-16	
      8739.60000	     1.20871e-16	
      8741.50000	     1.27366e-16	
      8743.40000	     1.29685e-16	
      8745.30000	     1.25644e-16	
      8747.20000	     1.18713e-16	
      8749.10000	     1.23064e-16	
      8751.00000	     1.28483e-16	
      8752.90000	     1.30035e-16	
      8754.80000	     1.33268e-16	
      8756.70000	     1.37793e-16	
      8758.60000	     1.33955e-16	
      8760.50000	     1.30743e-16	
      8762.40000	     1.27141e-16	
      8764.30000	     1.23776e-16	
      8766.20000	     1.29730e-16	
      8768.10000	     1.37124e-16	
      8770.00000	     1.43516e-16	
      8771.90000	     1.48918e-16	
      8773.80000	     1.50225e-16	
      8775.70000	     1.42210e-16	
      8777.60000	     1.31803e-16	
      8779.50000	     1.29242e-16	
      8781.40000	     1.37906e-16	
      8783.30000	     1.42645e-16	
      8785.20000	     1.39171e-16	
      8787.10000	     1.39849e-16	
      8789.00000	     1.44848e-16	
      8790.90000	     1.44514e-16	
      8792.80000	     1.46891e-16	
      8794.70000	     1.51335e-16	
      8796.60000	     1.49493e-16	
      8798.50000	     1.35589e-16	
      8800.40000	     1.28171e-16	
      8802.30000	     1.31105e-16	
      8804.20000	     1.33082e-16	
      8806.10000	     1.39302e-16	
      8808.00000	     1.45274e-16	
      8809.90000	     1.53519e-16	
      8811.80000	     1.63024e-16	
      8813.70000	     1.66319e-16	
      8815.60000	     1.63205e-16	
      8817.50000	     1.57725e-16	
      8819.40000	     1.48389e-16	
      8821.30000	     1.42053e-16	
      8823.20000	     1.42318e-16	
      8825.10000	     1.49301e-16	
      8827.00000	     1.53621e-16	
      8828.90000	     1.56377e-16	
      8830.80000	     1.59574e-16	
      8832.70000	     1.62669e-16	
      8834.60000	     1.63535e-16	
      8836.50000	     1.64252e-16	
      8838.40000	     1.67572e-16	
      8840.30000	     1.63875e-16	
      8842.20000	     1.55131e-16	
      8844.10000	     1.49313e-16	
      8846.00000	     1.47858e-16	
      8847.90000	     1.53634e-16	
      8849.80000	     1.66393e-16	
      8851.70000	     1.72078e-16	
      8853.60000	     1.63999e-16	
      8855.50000	     1.52319e-16	
      8857.40000	     1.29113e-16	
      8859.30000	     1.18525e-16	
      8861.20000	     1.20819e-16	
      8863.10000	     1.30153e-16	
      8865.00000	     1.31192e-16	
      8866.90000	     1.15804e-16	
      8868.80000	     1.04047e-16	
      8870.70000	     1.05184e-16	
      8872.60000	     1.06189e-16	
      8874.50000	     1.17169e-16	
      8876.40000	     1.26649e-16	
      8878.30000	     1.30056e-16	
      8880.20000	     1.25912e-16	
      8882.10000	     1.23970e-16	
      8884.00000	     1.24518e-16	
      8885.90000	     1.27241e-16	
      8887.80000	     1.29942e-16	
      8889.70000	     1.34653e-16	
      8891.60000	     1.31068e-16	
      8893.50000	     1.24937e-16	
      8895.40000	     1.23571e-16	
      8897.30000	     1.32585e-16	
      8899.20000	     1.40287e-16	
      8901.10000	     1.44080e-16	
      8903.00000	     1.48736e-16	
      8904.90000	     1.44287e-16	
      8906.80000	     1.35555e-16	
      8908.70000	     1.34724e-16	
      8910.60000	     1.36844e-16	
      8912.50000	     1.43442e-16	
      8914.40000	     1.44897e-16	
      8916.30000	     1.48143e-16	
      8918.20000	     1.43507e-16	
      8920.10000	     1.41078e-16	
      8922.00000	     1.37966e-16	
      8923.90000	     1.38525e-16	
      8925.80000	     1.41189e-16	
      8927.70000	     1.46899e-16	
      8929.60000	     1.54377e-16	
      8931.50000	     1.62964e-16	
      8933.40000	     1.56839e-16	
      8935.30000	     1.38458e-16	
      8937.20000	     1.34168e-16	
      8939.10000	     1.33426e-16	
      8941.00000	     1.32433e-16	
      8942.90000	     1.30713e-16	
      8944.80000	     1.36364e-16	
      8946.70000	     1.40633e-16	
      8948.60000	     1.40136e-16	
      8950.50000	     1.37589e-16	
      8952.40000	     1.38025e-16	
      8954.30000	     1.41987e-16	
      8956.20000	     1.47872e-16	
      8958.10000	     1.42880e-16	
      8960.00000	     1.41349e-16	
      8961.90000	     1.42833e-16	
      8963.80000	     1.37835e-16	
      8965.70000	     1.39828e-16	
      8967.60000	     1.45517e-16	
      8969.50000	     1.44556e-16	
      8971.40000	     1.45293e-16	
      8973.30000	     1.54572e-16	
      8975.20000	     1.60527e-16	
      8977.10000	     1.54234e-16	
      8979.00000	     1.48449e-16	
      8980.90000	     1.56617e-16	
      8982.80000	     1.62647e-16	
      8984.70000	     1.60514e-16	
      8986.60000	     1.54529e-16	
      8988.50000	     1.50480e-16	
      8990.40000	     1.49211e-16	
      8992.30000	     1.50733e-16	
      8994.20000	     1.53391e-16	
      8996.10000	     1.49861e-16	
      8998.00000	     1.45741e-16	
      8999.90000	     1.54098e-16	
      9001.80000	     1.64156e-16	
      9003.70000	     1.67352e-16	
      9005.60000	     1.67086e-16	
      9007.50000	     1.63157e-16	
      9009.40000	     1.64393e-16	
      9011.30000	     1.65782e-16	
      9013.20000	     1.57681e-16	
      9015.10000	     1.52227e-16	
      9017.00000	     1.50591e-16	
      9018.90000	     1.47636e-16	
      9020.80000	     1.44474e-16	
      9022.70000	     1.42938e-16	
      9024.60000	     1.42896e-16	
      9026.50000	     1.45796e-16	
      9028.40000	     1.53234e-16	
      9030.30000	     1.57638e-16	
      9032.20000	     1.60839e-16	
      9034.10000	     1.67887e-16	
      9036.00000	     1.72829e-16	
      9037.90000	     1.69382e-16	
      9039.80000	     1.61598e-16	
      9041.70000	     1.64537e-16	
      9043.60000	     1.69548e-16	
      9045.50000	     1.72810e-16	
      9047.40000	     1.73328e-16	
      9049.30000	     1.66830e-16	
      9051.20000	     1.63088e-16	
      9053.10000	     1.65083e-16	
      9055.00000	     1.59353e-16	
      9056.90000	     1.58281e-16	
      9058.80000	     1.60023e-16	
      9060.70000	     1.59241e-16	
      9062.60000	     1.71754e-16	
      9064.50000	     1.60592e-16	
      9066.40000	     1.50848e-16	
      9068.30000	     1.50464e-16	
      9070.20000	     1.54020e-16	
      9072.10000	     1.56279e-16	
      9074.00000	     1.62292e-16	
      9075.90000	     1.71253e-16	
      9077.80000	     1.70303e-16	
      9079.70000	     1.65644e-16	
      9081.60000	     1.68963e-16	
      9083.50000	     1.67343e-16	
      9085.40000	     1.64962e-16	
      9087.30000	     1.61812e-16	
      9089.20000	     1.70047e-16	
      9091.10000	     1.69656e-16	
      9093.00000	     1.70799e-16	
      9094.90000	     1.75691e-16	
      9096.80000	     1.76523e-16	
      9098.70000	     1.77222e-16	
      9100.60000	     1.75722e-16	
      9102.50000	     1.72072e-16	
      9104.40000	     1.68306e-16	
      9106.30000	     1.70060e-16	
      9108.20000	     1.80340e-16	
      9110.10000	     1.81616e-16	
      9112.00000	     1.79087e-16	
      9113.90000	     1.79330e-16	
      9115.80000	     1.77425e-16	
      9117.70000	     1.79364e-16	
      9119.60000	     1.84191e-16	
      9121.50000	     1.84116e-16	
      9123.40000	     1.82384e-16	
      9125.30000	     1.83707e-16	
      9127.20000	     1.77864e-16	
      9129.10000	     1.80017e-16	
      9131.00000	     1.86177e-16	
      9132.90000	     1.86527e-16	
      9134.80000	     1.78550e-16	
      9136.70000	     1.66278e-16	
      9138.60000	     1.74340e-16	
      9140.50000	     1.78901e-16	
      9142.40000	     1.86204e-16	
      9144.30000	     1.87479e-16	
      9146.20000	     1.83444e-16	
      9148.10000	     1.79833e-16	
      9150.00000	     1.81792e-16	
      9151.90000	     1.89745e-16	
      9153.80000	     1.95019e-16	
      9155.70000	     1.89287e-16	
      9157.60000	     1.92331e-16	
      9159.50000	     1.88545e-16	
      9161.40000	     1.84795e-16	
      9163.30000	     1.97295e-16	
      9165.20000	     1.94925e-16	
      9167.10000	     1.94291e-16	
      9169.00000	     1.93384e-16	
      9170.90000	     1.87409e-16	
      9172.80000	     1.83746e-16	
      9174.70000	     1.83174e-16	
      9176.60000	     1.87549e-16	
      9178.50000	     1.89470e-16	
      9180.40000	     1.91786e-16	
      9182.30000	     1.90592e-16	
      9184.20000	     1.91298e-16	
      9186.10000	     1.98911e-16	
      9188.00000	     2.07642e-16	
      9189.90000	     2.00049e-16	
      9191.80000	     1.90580e-16	
      9193.70000	     1.94424e-16	
      9195.60000	     1.94795e-16	
      9197.50000	     1.95772e-16	
      9199.40000	     2.01016e-16	
      9201.30000	     2.01626e-16	
      9203.20000	     1.95634e-16	
      9205.10000	     1.84973e-16	
      9207.00000	     1.76574e-16	
      9208.90000	     1.79345e-16	
      9210.80000	     1.82882e-16	
      9212.70000	     1.82018e-16	
      9214.60000	     1.85509e-16	
      9216.50000	     1.82228e-16	
      9218.40000	     1.79834e-16	
      9220.30000	     1.77516e-16	
      9222.20000	     1.81303e-16	
      9224.10000	     1.85159e-16	
      9226.00000	     1.79887e-16	
      9227.90000	     1.75713e-16	
      9229.80000	     1.70765e-16	
      9231.70000	     1.71991e-16	
      9233.60000	     1.74428e-16	
      9235.50000	     1.70367e-16	
      9237.40000	     1.73824e-16	
      9239.30000	     1.84299e-16	
      9241.20000	     1.88540e-16	
      9243.10000	     1.79860e-16	
      9245.00000	     1.69357e-16	
      9246.90000	     1.69936e-16	
      9248.80000	     1.70006e-16	
      9250.70000	     1.70263e-16	
      9252.60000	     1.78019e-16	
      9254.50000	     1.85369e-16	
      9256.40000	     1.87353e-16	
      9258.30000	     1.81319e-16	
      9260.20000	     1.78134e-16	
      9262.10000	     1.82085e-16	
      9264.00000	     1.88777e-16	
      9265.90000	     1.92785e-16	
      9267.80000	     1.87112e-16	
      9269.70000	     1.81797e-16	
      9271.60000	     1.75964e-16	
      9273.50000	     1.74113e-16	
      9275.40000	     1.72702e-16	
      9277.30000	     1.71968e-16	
      9279.20000	     1.73893e-16	
      9281.10000	     1.79581e-16	
      9283.00000	     1.78826e-16	
      9284.90000	     1.71710e-16	
      9286.80000	     1.70754e-16	
      9288.70000	     1.76016e-16	
      9290.60000	     1.76396e-16	
      9292.50000	     1.75362e-16	
      9294.40000	     1.74693e-16	
      9296.30000	     1.66309e-16	
      9298.20000	     1.57047e-16	
      9300.10000	     1.59741e-16	
      9302.00000	     1.65479e-16	
      9303.90000	     1.68052e-16	
      9305.80000	     1.69383e-16	
      9307.70000	     1.64543e-16	
      9309.60000	     1.69533e-16	
      9311.50000	     1.70610e-16	
      9313.40000	     1.58491e-16	
      9315.30000	     1.47050e-16	
      9317.20000	     1.48937e-16	
      9319.10000	     1.58793e-16	
      9321.00000	     1.62121e-16	
      9322.90000	     1.49994e-16	
      9324.80000	     1.51608e-16	
      9326.70000	     1.56862e-16	
      9328.60000	     1.59559e-16	
      9330.50000	     1.58350e-16	
      9332.40000	     1.53691e-16	
      9334.30000	     1.52825e-16	
      9336.20000	     1.58235e-16	
      9338.10000	     1.52757e-16	
      9340.00000	     1.42168e-16	
      9341.90000	     1.31719e-16	
      9343.80000	     1.39025e-16	
      9345.70000	     1.51887e-16	
      9347.60000	     1.66494e-16	
      9349.50000	     1.66311e-16	
      9351.40000	     1.54148e-16	
      9353.30000	     1.45936e-16	
      9355.20000	     1.44007e-16	
      9357.10000	     1.49763e-16	
      9359.00000	     1.66216e-16	
      9360.90000	     1.70857e-16	
      9362.80000	     1.68949e-16	
      9364.70000	     1.57660e-16	
      9366.60000	     1.53574e-16	
      9368.50000	     1.48070e-16	
      9370.40000	     1.45053e-16	
      9372.30000	     1.65284e-16	
      9374.20000	     1.71674e-16	
      9376.10000	     1.68095e-16	
      9378.00000	     1.57772e-16	
      9379.90000	     1.51856e-16	
      9381.80000	     1.58162e-16	
      9383.70000	     1.61330e-16	
      9385.60000	     1.57405e-16	
      9387.50000	     1.62747e-16	
      9389.40000	     1.73177e-16	
      9391.30000	     1.77061e-16	
      9393.20000	     1.76368e-16	
      9395.10000	     1.68665e-16	
      9397.00000	     1.66995e-16	
      9398.90000	     1.68594e-16	
      9400.80000	     1.71475e-16	
      9402.70000	     1.75784e-16	
      9404.60000	     1.85346e-16	
      9406.50000	     1.93600e-16	
      9408.40000	     1.86139e-16	
      9410.30000	     1.78199e-16	
      9412.20000	     1.76784e-16	
      9414.10000	     1.75728e-16	
      9416.00000	     1.74366e-16	
      9417.90000	     1.78675e-16	
      9419.80000	     1.84590e-16	
      9421.70000	     1.78699e-16	
      9423.60000	     1.68246e-16	
      9425.50000	     1.54352e-16	
      9427.40000	     1.51917e-16	
      9429.30000	     1.71254e-16	
      9431.20000	     1.83483e-16	
      9433.10000	     1.91703e-16	
      9435.00000	     1.81883e-16	
      9436.90000	     1.64377e-16	
      9438.80000	     1.50434e-16	
      9440.70000	     1.53352e-16	
      9442.60000	     1.64297e-16	
      9444.50000	     1.79087e-16	
      9446.40000	     1.83549e-16	
      9448.30000	     1.83523e-16	
      9450.20000	     1.84989e-16	
      9452.10000	     1.82203e-16	
      9454.00000	     1.74527e-16	
      9455.90000	     1.68547e-16	
      9457.80000	     1.65365e-16	
      9459.70000	     1.68934e-16	
      9461.60000	     1.75073e-16	
      9463.50000	     1.86011e-16	
      9465.40000	     1.87407e-16	
      9467.30000	     1.82130e-16	
      9469.20000	     1.84769e-16	
      9471.10000	     1.95425e-16	
      9473.00000	     2.02103e-16	
      9474.90000	     2.03420e-16	
      9476.80000	     2.05761e-16	
      9478.70000	     1.91408e-16	
      9480.60000	     1.81858e-16	
      9482.50000	     1.84537e-16	
      9484.40000	     1.91530e-16	
      9486.30000	     2.03945e-16	
      9488.20000	     2.06860e-16	
      9490.10000	     1.99851e-16	
      9492.00000	     1.79602e-16	
      9493.90000	     1.75359e-16	
      9495.80000	     1.80737e-16	
      9497.70000	     1.79626e-16	
      9499.60000	     1.73680e-16	
      9501.50000	     1.78974e-16	
      9503.40000	     1.93024e-16	
      9505.30000	     1.98961e-16	
      9507.20000	     2.03155e-16	
      9509.10000	     2.06537e-16	
      9511.00000	     1.98004e-16	
      9512.90000	     1.83863e-16	
      9514.80000	     1.81551e-16	
      9516.70000	     1.79457e-16	
      9518.60000	     1.79978e-16	
      9520.50000	     1.78317e-16	
      9522.40000	     1.88465e-16	
      9524.30000	     2.02374e-16	
      9526.20000	     2.01540e-16	
      9528.10000	     2.01143e-16	
      9530.00000	     2.05950e-16	
      9531.90000	     2.05948e-16	
      9533.80000	     2.06963e-16	
      9535.70000	     2.07744e-16	
      9537.60000	     2.08962e-16	
      9539.50000	     2.11548e-16	
      9541.40000	     1.99099e-16	
      9543.30000	     1.84164e-16	
      9545.20000	     1.90714e-16	
      9547.10000	     2.05615e-16	
      9549.00000	     2.02768e-16	
      9550.90000	     2.02570e-16	
      9552.80000	     2.06072e-16	
      9554.70000	     2.07256e-16	
      9556.60000	     2.10157e-16	
      9558.50000	     2.17075e-16	
      9560.40000	     2.10566e-16	
      9562.30000	     2.01990e-16	
      9564.20000	     2.04988e-16	
      9566.10000	     2.12808e-16	
      9568.00000	     2.26223e-16	
      9569.90000	     2.16663e-16	
      9571.80000	     2.14196e-16	
      9573.70000	     2.10579e-16	
      9575.60000	     2.14064e-16	
      9577.50000	     2.10401e-16	
      9579.40000	     2.06012e-16	
      9581.30000	     2.06176e-16	
      9583.20000	     2.06742e-16	
      9585.10000	     2.01116e-16	
      9587.00000	     1.93771e-16	
      9588.90000	     1.82175e-16	
      9590.80000	     1.86842e-16	
      9592.70000	     1.94172e-16	
      9594.60000	     1.87715e-16	
      9596.50000	     1.84816e-16	
      9598.40000	     1.91261e-16	
      9600.30000	     2.02478e-16	
      9602.20000	     2.03077e-16	
      9604.10000	     2.03552e-16	
      9606.00000	     2.13271e-16	
      9607.90000	     2.11590e-16	
      9609.80000	     2.12207e-16	
      9611.70000	     2.11230e-16	
      9613.60000	     2.05995e-16	
      9615.50000	     2.07090e-16	
      9617.40000	     2.11381e-16	
      9619.30000	     2.06874e-16	
      9621.20000	     2.04468e-16	
      9623.10000	     2.08601e-16	
      9625.00000	     2.08046e-16	
      9626.90000	     2.06997e-16	
      9628.80000	     2.09560e-16	
      9630.70000	     2.12366e-16	
      9632.60000	     2.06067e-16	
      9634.50000	     1.91350e-16	
      9636.40000	     1.81399e-16	
      9638.30000	     1.94711e-16	
      9640.20000	     2.06973e-16	
      9642.10000	     2.07284e-16	
      9644.00000	     2.08811e-16	
      9645.90000	     2.11246e-16	
      9647.80000	     2.14673e-16	
      9649.70000	     2.18414e-16	
      9651.60000	     2.17063e-16	
      9653.50000	     2.13288e-16	
      9655.40000	     2.18919e-16	
      9657.30000	     2.21372e-16	
      9659.20000	     2.22913e-16	
      9661.10000	     2.19025e-16	
      9663.00000	     2.08488e-16	
      9664.90000	     2.15143e-16	
      9666.80000	     2.17358e-16	
      9668.70000	     2.09058e-16	
      9670.60000	     2.11614e-16	
      9672.50000	     2.09604e-16	
      9674.40000	     2.07601e-16	
      9676.30000	     2.12738e-16	
      9678.20000	     2.19670e-16	
      9680.10000	     2.18371e-16	
      9682.00000	     2.15999e-16	
      9683.90000	     2.14921e-16	
      9685.80000	     2.13563e-16	
      9687.70000	     2.19869e-16	
      9689.60000	     2.25222e-16	
      9691.50000	     2.27742e-16	
      9693.40000	     2.34802e-16	
      9695.30000	     2.38723e-16	
      9697.20000	     2.27952e-16	
      9699.10000	     2.20485e-16	
      9701.00000	     2.19209e-16	
      9702.90000	     2.15744e-16	
      9704.80000	     2.18357e-16	
      9706.70000	     2.29526e-16	
      9708.60000	     2.34054e-16	
      9710.50000	     2.37081e-16	
      9712.40000	     2.35601e-16	
      9714.30000	     2.42118e-16	
      9716.20000	     2.39568e-16	
      9718.10000	     2.37754e-16	
      9720.00000	     2.44373e-16	
      9721.90000	     2.41295e-16	
      9723.80000	     2.31429e-16	
      9725.70000	     2.23965e-16	
      9727.60000	     2.24610e-16	
      9729.50000	     2.30026e-16	
      9731.40000	     2.39566e-16	
      9733.30000	     2.35594e-16	
      9735.20000	     2.28897e-16	
      9737.10000	     2.35297e-16	
      9739.00000	     2.31306e-16	
      9740.90000	     2.23584e-16	
      9742.80000	     2.18579e-16	
      9744.70000	     2.24570e-16	
      9746.60000	     2.29736e-16	
      9748.50000	     2.33368e-16	
      9750.40000	     2.34329e-16	
      9752.30000	     2.38581e-16	
      9754.20000	     2.40075e-16	
      9756.10000	     2.39364e-16	
      9758.00000	     2.37598e-16	
      9759.90000	     2.38941e-16	
      9761.80000	     2.46052e-16	
      9763.70000	     2.44256e-16	
      9765.60000	     2.29808e-16	
      9767.50000	     2.26176e-16	
      9769.40000	     2.32666e-16	
      9771.30000	     2.32754e-16	
      9773.20000	     2.31451e-16	
      9775.10000	     2.38380e-16	
      9777.00000	     2.34722e-16	
      9778.90000	     2.17237e-16	
      9780.80000	     2.16709e-16	
      9782.70000	     2.22027e-16	
      9784.60000	     2.21221e-16	
      9786.50000	     2.25853e-16	
      9788.40000	     2.33326e-16	
      9790.30000	     2.24847e-16	
      9792.20000	     2.16804e-16	
      9794.10000	     2.29215e-16	
      9796.00000	     2.45057e-16	
      9797.90000	     2.43738e-16	
      9799.80000	     2.43814e-16	
      9801.70000	     2.41035e-16	
      9803.60000	     2.48595e-16	
      9805.50000	     2.52402e-16	
      9807.40000	     2.53968e-16	
      9809.30000	     2.51278e-16	
      9811.20000	     2.47668e-16	
      9813.10000	     2.47974e-16	
      9815.00000	     2.40850e-16	
      9816.90000	     2.43719e-16	
      9818.80000	     2.45776e-16	
      9820.70000	     2.49118e-16	
      9822.60000	     2.53006e-16	
      9824.50000	     2.42861e-16	
      9826.40000	     2.39317e-16	
      9828.30000	     2.41969e-16	
      9830.20000	     2.39993e-16	
      9832.10000	     2.45196e-16	
      9834.00000	     2.47633e-16	
      9835.90000	     2.41640e-16	
      9837.80000	     2.42973e-16	
      9839.70000	     2.47017e-16	
      9841.60000	     2.45610e-16	
      9843.50000	     2.43554e-16	
      9845.40000	     2.37913e-16	
      9847.30000	     2.39770e-16	
      9849.20000	     2.45425e-16	
      9851.10000	     2.63169e-16	
      9853.00000	     2.54765e-16	
      9854.90000	     2.56386e-16	
      9856.80000	     2.62909e-16	
      9858.70000	     2.52186e-16	
      9860.60000	     2.53561e-16	
      9862.50000	     2.64627e-16	
      9864.40000	     2.64258e-16	
      9866.30000	     2.61616e-16	
      9868.20000	     2.55243e-16	
      9870.10000	     2.54967e-16	
      9872.00000	     2.60782e-16	
      9873.90000	     2.58807e-16	
      9875.80000	     2.60238e-16	
      9877.70000	     2.62464e-16	
      9879.60000	     2.65545e-16	
      9881.50000	     2.69730e-16	
      9883.40000	     2.72093e-16	
      9885.30000	     2.81446e-16	
      9887.20000	     2.74840e-16	
      9889.10000	     2.59610e-16	
      9891.00000	     2.54323e-16	
      9892.90000	     2.36211e-16	
      9894.80000	     2.17429e-16	
      9896.70000	     2.05839e-16	
      9898.60000	     2.10493e-16	
      9900.50000	     1.97741e-16	
      9902.40000	     1.84992e-16	
      9904.30000	     1.85884e-16	
      9906.20000	     1.89954e-16	
      9908.10000	     1.88712e-16	
      9910.00000	     1.71678e-16	
      9911.90000	     1.45566e-16	
      9913.80000	     1.45324e-16	
      9915.70000	     1.62012e-16	
      9917.60000	     1.80954e-16	
      9919.50000	     1.88449e-16	
      9921.40000	     1.87774e-16	
      9923.30000	     1.89968e-16	
      9925.20000	     2.06274e-16	
      9927.10000	     2.10014e-16	
      9929.00000	     1.97705e-16	
      9930.90000	     1.92471e-16	
      9932.80000	     2.12159e-16	
      9934.70000	     2.27449e-16	
      9936.60000	     2.41210e-16	
      9938.50000	     2.49661e-16	
      9940.40000	     2.51173e-16	
      9942.30000	     2.66195e-16	
      9944.20000	     2.66443e-16	
      9946.10000	     2.57304e-16	
      9948.00000	     2.63742e-16	
      9949.90000	     2.52793e-16	
      9951.80000	     2.43588e-16	
      9953.70000	     2.36753e-16	
      9955.60000	     2.41654e-16	
      9957.50000	     2.52897e-16	
      9959.40000	     2.57052e-16	
      9961.30000	     2.56034e-16	
      9963.20000	     2.42339e-16	
      9965.10000	     2.18537e-16	
      9967.00000	     2.01740e-16	
      9968.90000	     2.10473e-16	
      9970.80000	     2.20399e-16	
      9972.70000	     2.12563e-16	
      9974.60000	     2.24969e-16	
      9976.50000	     2.37306e-16	
      9978.40000	     2.37079e-16	
      9980.30000	     2.18170e-16	
      9982.20000	     2.21870e-16	
      9984.10000	     2.25156e-16	
      9986.00000	     2.13142e-16	
      9987.90000	     2.20661e-16	
      9989.80000	     2.29304e-16	
      9991.70000	     2.18098e-16	
      9993.60000	     2.22747e-16	
      9995.50000	     2.31326e-16	
      9997.40000	     2.46102e-16	
      9999.30000	     2.46012e-16	
     10001.20000	     2.46386e-16	
     10003.10000	     2.53233e-16	
     10005.00000	     2.33107e-16	
     10006.90000	     2.49306e-16	
     10008.80000	     2.44387e-16	
     10010.70000	     2.57348e-16	
     10012.60000	     2.71703e-16	
     10014.50000	     2.54494e-16	
     10016.40000	     2.47429e-16	
     10018.30000	     2.47972e-16	
     10020.20000	     2.49101e-16	
     10022.10000	     2.41035e-16	
     10024.00000	     2.34040e-16	
     10025.90000	     2.46320e-16	
     10027.80000	     2.63784e-16	
     10029.70000	     2.52144e-16	
     10031.60000	     2.32362e-16	
     10033.50000	     2.44929e-16	
     10035.40000	     2.61128e-16	
     10037.30000	     2.75282e-16	
     10039.20000	     2.78791e-16	
     10041.10000	     2.78408e-16	
     10043.00000	     2.71709e-16	
     10044.90000	     2.63187e-16	
     10046.80000	     2.51892e-16	
     10048.70000	     2.29974e-16	
     10050.60000	     2.28271e-16	
     10052.50000	     2.35491e-16	
     10054.40000	     2.47671e-16	
     10056.30000	     2.53349e-16	
     10058.20000	     2.45194e-16	
     10060.10000	     2.51360e-16	
     10062.00000	     2.65277e-16	
     10063.90000	     2.59673e-16	
     10065.80000	     2.49384e-16	
     10067.70000	     2.52540e-16	
     10069.60000	     2.62031e-16	
     10071.50000	     2.86088e-16	
     10073.40000	     2.95053e-16	
     10075.30000	     3.05976e-16	
     10077.20000	     3.19911e-16	
     10079.10000	     3.30994e-16	
     10081.00000	     3.45532e-16	
     10082.90000	     3.05235e-16	
     10084.80000	     3.02237e-16	
     10086.70000	     3.02743e-16	
     10088.60000	     2.92602e-16	
     10090.50000	     3.06117e-16	
     10092.40000	     3.12895e-16	
     10094.30000	     3.25013e-16	
     10096.20000	     3.12496e-16	
     10098.10000	     3.05781e-16	
#time:0.058280
