# Keck LRIS spectra of late-M, L and T dwarfs
# spty = M9.5  (Spectral type)
#
#     WAVELENGTH	#           FLUX	
#     (ANGSTROM)	#  (ERG/CM2/S/A)	
################	################	
      6300.00000	     0.00000e+00	
      6301.90095	     0.00000e+00	
      6303.80190	     0.00000e+00	
      6305.70285	     0.00000e+00	
      6307.60380	     0.00000e+00	
      6309.50475	     0.00000e+00	
      6311.40570	     0.00000e+00	
      6313.30665	     0.00000e+00	
      6315.20760	     1.84223e-17	
      6317.10855	     2.07256e-17	
      6319.00950	     2.06730e-17	
      6320.91046	     2.27364e-17	
      6322.81141	     2.31191e-17	
      6324.71236	     2.31676e-17	
      6326.61331	     2.38233e-17	
      6328.51426	     2.21035e-17	
      6330.41521	     2.46304e-17	
      6332.31616	     1.46584e-17	
      6334.21711	     9.18974e-18	
      6336.11806	     2.19015e-17	
      6338.01901	     2.32195e-17	
      6339.91996	     2.37989e-17	
      6341.82091	     2.43923e-17	
      6343.72186	     2.55837e-17	
      6345.62281	     2.46747e-17	
      6347.52376	     2.26304e-17	
      6349.42471	     2.60589e-17	
      6351.32566	     2.57780e-17	
      6353.22661	     2.57052e-17	
      6355.12756	     2.38064e-17	
      6357.02851	     2.53507e-17	
      6358.92946	     2.69074e-17	
      6360.83042	     2.62944e-17	
      6362.73137	     2.56553e-17	
      6364.63232	     2.54709e-17	
      6366.53327	     2.84570e-17	
      6368.43422	     2.72744e-17	
      6370.33517	     2.84449e-17	
      6372.23612	     2.83746e-17	
      6374.13707	     2.69058e-17	
      6376.03802	     2.69075e-17	
      6377.93897	     2.62631e-17	
      6379.83992	     2.61958e-17	
      6381.74087	     2.80866e-17	
      6383.64182	     2.80703e-17	
      6385.54277	     2.65576e-17	
      6387.44372	     2.76058e-17	
      6389.34467	     2.71993e-17	
      6391.24562	     2.60396e-17	
      6393.14657	     2.69184e-17	
      6395.04752	     2.82335e-17	
      6396.94847	     2.88665e-17	
      6398.84942	     2.87380e-17	
      6400.75038	     2.92902e-17	
      6402.65133	     2.92126e-17	
      6404.55228	     2.82340e-17	
      6406.45323	     2.80371e-17	
      6408.35418	     2.64375e-17	
      6410.25513	     2.62017e-17	
      6412.15608	     3.07885e-17	
      6414.05703	     3.03916e-17	
      6415.95798	     2.98073e-17	
      6417.85893	     2.87447e-17	
      6419.75988	     2.82688e-17	
      6421.66083	     2.80125e-17	
      6423.56178	     2.80927e-17	
      6425.46273	     2.91262e-17	
      6427.36368	     2.94392e-17	
      6429.26463	     2.59389e-17	
      6431.16558	     2.76864e-17	
      6433.06653	     2.89320e-17	
      6434.96748	     2.72308e-17	
      6436.86843	     2.65100e-17	
      6438.76938	     2.79088e-17	
      6440.67034	     2.99033e-17	
      6442.57129	     3.17778e-17	
      6444.47224	     3.00725e-17	
      6446.37319	     2.72018e-17	
      6448.27414	     2.78493e-17	
      6450.17509	     2.72253e-17	
      6452.07604	     2.95610e-17	
      6453.97699	     2.83657e-17	
      6455.87794	     2.89751e-17	
      6457.77889	     3.20084e-17	
      6459.67984	     3.13967e-17	
      6461.58079	     3.00774e-17	
      6463.48174	     3.02817e-17	
      6465.38269	     3.17293e-17	
      6467.28364	     3.08209e-17	
      6469.18459	     3.24254e-17	
      6471.08554	     3.01153e-17	
      6472.98649	     3.21449e-17	
      6474.88744	     3.20523e-17	
      6476.78839	     3.24095e-17	
      6478.68934	     3.20029e-17	
      6480.59030	     3.13898e-17	
      6482.49125	     3.12891e-17	
      6484.39220	     3.23830e-17	
      6486.29315	     3.27278e-17	
      6488.19410	     3.20908e-17	
      6490.09505	     3.20382e-17	
      6491.99600	     3.22144e-17	
      6493.89695	     3.41584e-17	
      6495.79790	     3.35149e-17	
      6497.69885	     3.26114e-17	
      6499.59980	     3.51704e-17	
      6501.50075	     3.57685e-17	
      6503.40170	     3.60523e-17	
      6505.30265	     3.74216e-17	
      6507.20360	     3.74961e-17	
      6509.10455	     3.85750e-17	
      6511.00550	     4.11301e-17	
      6512.90645	     4.19182e-17	
      6514.80740	     4.17287e-17	
      6516.70835	     4.48806e-17	
      6518.60930	     4.21215e-17	
      6520.51026	     4.27546e-17	
      6522.41121	     4.36824e-17	
      6524.31216	     4.38467e-17	
      6526.21311	     4.53121e-17	
      6528.11406	     4.69782e-17	
      6530.01501	     5.13705e-17	
      6531.91596	     5.03160e-17	
      6533.81691	     5.03276e-17	
      6535.71786	     4.94845e-17	
      6537.61881	     4.91855e-17	
      6539.51976	     5.05043e-17	
      6541.42071	     5.06582e-17	
      6543.32166	     5.10860e-17	
      6545.22261	     5.15600e-17	
      6547.12356	     4.87942e-17	
      6549.02451	     4.77157e-17	
      6550.92546	     4.70715e-17	
      6552.82641	     4.76365e-17	
      6554.72736	     5.11148e-17	
      6556.62831	     5.36863e-17	
      6558.52926	     6.02512e-17	
      6560.43022	     8.26912e-17	
      6562.33117	     9.37838e-17	
      6564.23212	     8.63918e-17	
      6566.13307	     7.07674e-17	
      6568.03402	     5.39013e-17	
      6569.93497	     4.43450e-17	
      6571.83592	     4.24865e-17	
      6573.73687	     4.13743e-17	
      6575.63782	     4.16979e-17	
      6577.53877	     4.08865e-17	
      6579.43972	     3.91309e-17	
      6581.34067	     4.14083e-17	
      6583.24162	     4.16044e-17	
      6585.14257	     3.87272e-17	
      6587.04352	     3.83911e-17	
      6588.94447	     4.13358e-17	
      6590.84542	     4.24033e-17	
      6592.74637	     4.27595e-17	
      6594.64732	     4.04456e-17	
      6596.54827	     3.96456e-17	
      6598.44922	     4.15255e-17	
      6600.35018	     4.06429e-17	
      6602.25113	     4.05587e-17	
      6604.15208	     4.00524e-17	
      6606.05303	     4.18538e-17	
      6607.95398	     4.30383e-17	
      6609.85493	     4.14877e-17	
      6611.75588	     4.33658e-17	
      6613.65683	     4.31202e-17	
      6615.55778	     4.09887e-17	
      6617.45873	     4.26753e-17	
      6619.35968	     4.18286e-17	
      6621.26063	     4.22781e-17	
      6623.16158	     4.20786e-17	
      6625.06253	     4.27995e-17	
      6626.96348	     4.12239e-17	
      6628.86443	     3.92094e-17	
      6630.76538	     3.97109e-17	
      6632.66633	     3.94776e-17	
      6634.56728	     3.82515e-17	
      6636.46823	     3.90448e-17	
      6638.36918	     3.99126e-17	
      6640.27014	     4.01602e-17	
      6642.17109	     4.16090e-17	
      6644.07204	     3.96259e-17	
      6645.97299	     3.94280e-17	
      6647.87394	     3.98107e-17	
      6649.77489	     3.92651e-17	
      6651.67584	     3.88001e-17	
      6653.57679	     3.63156e-17	
      6655.47774	     3.79928e-17	
      6657.37869	     3.87900e-17	
      6659.27964	     3.94332e-17	
      6661.18059	     3.79280e-17	
      6663.08154	     3.76810e-17	
      6664.98249	     4.23899e-17	
      6666.88344	     4.12643e-17	
      6668.78439	     4.07281e-17	
      6670.68534	     4.11715e-17	
      6672.58629	     4.01364e-17	
      6674.48724	     4.04119e-17	
      6676.38819	     3.96613e-17	
      6678.28914	     4.02520e-17	
      6680.19010	     3.89468e-17	
      6682.09105	     3.70367e-17	
      6683.99200	     3.94763e-17	
      6685.89295	     3.91971e-17	
      6687.79390	     3.69403e-17	
      6689.69485	     3.75944e-17	
      6691.59580	     3.82729e-17	
      6693.49675	     3.81032e-17	
      6695.39770	     3.79767e-17	
      6697.29865	     3.76677e-17	
      6699.19960	     3.88984e-17	
      6701.10055	     4.14903e-17	
      6703.00150	     4.25463e-17	
      6704.90245	     4.27813e-17	
      6706.80340	     4.20646e-17	
      6708.70435	     4.24606e-17	
      6710.60530	     4.16182e-17	
      6712.50625	     4.01334e-17	
      6714.40720	     4.00633e-17	
      6716.30815	     3.97248e-17	
      6718.20910	     3.71295e-17	
      6720.11006	     3.69183e-17	
      6722.01101	     3.91771e-17	
      6723.91196	     3.72341e-17	
      6725.81291	     3.83325e-17	
      6727.71386	     3.91502e-17	
      6729.61481	     3.99786e-17	
      6731.51576	     4.04520e-17	
      6733.41671	     4.03344e-17	
      6735.31766	     4.14976e-17	
      6737.21861	     4.02637e-17	
      6739.11956	     4.12843e-17	
      6741.02051	     4.39268e-17	
      6742.92146	     4.57849e-17	
      6744.82241	     4.45047e-17	
      6746.72336	     4.20411e-17	
      6748.62431	     4.07784e-17	
      6750.52526	     4.19713e-17	
      6752.42621	     4.12721e-17	
      6754.32716	     4.28659e-17	
      6756.22811	     4.33507e-17	
      6758.12906	     4.40978e-17	
      6760.03002	     4.27286e-17	
      6761.93097	     4.55571e-17	
      6763.83192	     4.50922e-17	
      6765.73287	     4.49369e-17	
      6767.63382	     4.69586e-17	
      6769.53477	     4.59540e-17	
      6771.43572	     4.91571e-17	
      6773.33667	     4.75233e-17	
      6775.23762	     4.73093e-17	
      6777.13857	     4.75644e-17	
      6779.03952	     4.55698e-17	
      6780.94047	     4.29690e-17	
      6782.84142	     4.29668e-17	
      6784.74237	     4.23265e-17	
      6786.64332	     4.06447e-17	
      6788.54427	     4.11869e-17	
      6790.44522	     4.19960e-17	
      6792.34617	     4.17300e-17	
      6794.24712	     4.30467e-17	
      6796.14807	     4.65264e-17	
      6798.04902	     4.57934e-17	
      6799.94997	     4.72259e-17	
      6801.85093	     4.77468e-17	
      6803.75188	     4.67148e-17	
      6805.65283	     4.64953e-17	
      6807.55378	     4.92380e-17	
      6809.45473	     4.64060e-17	
      6811.35568	     4.50963e-17	
      6813.25663	     4.60002e-17	
      6815.15758	     4.67772e-17	
      6817.05853	     4.59223e-17	
      6818.95948	     4.41243e-17	
      6820.86043	     4.57588e-17	
      6822.76138	     4.64059e-17	
      6824.66233	     4.66538e-17	
      6826.56328	     4.59186e-17	
      6828.46423	     4.71638e-17	
      6830.36518	     4.83966e-17	
      6832.26613	     5.08470e-17	
      6834.16708	     5.15363e-17	
      6836.06803	     4.70264e-17	
      6837.96898	     4.62274e-17	
      6839.86993	     4.91461e-17	
      6841.77089	     4.89233e-17	
      6843.67184	     4.81136e-17	
      6845.57279	     4.75714e-17	
      6847.47374	     4.91626e-17	
      6849.37469	     4.71794e-17	
      6851.27564	     4.64833e-17	
      6853.17659	     4.54738e-17	
      6855.07754	     4.56977e-17	
      6856.97849	     4.63113e-17	
      6858.87944	     4.75445e-17	
      6860.78039	     4.59669e-17	
      6862.68134	     4.87179e-17	
      6864.58229	     4.53277e-17	
      6866.48324	     4.03012e-17	
      6868.38419	     3.63052e-17	
      6870.28514	     3.89639e-17	
      6872.18609	     3.87930e-17	
      6874.08704	     4.09599e-17	
      6875.98799	     4.32430e-17	
      6877.88894	     4.65267e-17	
      6879.78989	     4.81419e-17	
      6881.69085	     5.24708e-17	
      6883.59180	     4.87778e-17	
      6885.49275	     4.61770e-17	
      6887.39370	     4.59857e-17	
      6889.29465	     4.68338e-17	
      6891.19560	     4.72639e-17	
      6893.09655	     4.66880e-17	
      6894.99750	     4.84179e-17	
      6896.89845	     4.81275e-17	
      6898.79940	     4.83121e-17	
      6900.70035	     4.76586e-17	
      6902.60130	     4.74826e-17	
      6904.50225	     4.94275e-17	
      6906.40320	     5.37264e-17	
      6908.30415	     5.35100e-17	
      6910.20510	     5.41115e-17	
      6912.10605	     5.32277e-17	
      6914.00700	     5.33439e-17	
      6915.90795	     5.44791e-17	
      6917.80890	     5.17652e-17	
      6919.70985	     5.16237e-17	
      6921.61081	     5.25118e-17	
      6923.51176	     5.70097e-17	
      6925.41271	     5.68948e-17	
      6927.31366	     5.82264e-17	
      6929.21461	     6.15613e-17	
      6931.11556	     6.17595e-17	
      6933.01651	     6.33124e-17	
      6934.91746	     6.44549e-17	
      6936.81841	     6.46374e-17	
      6938.71936	     6.28572e-17	
      6940.62031	     6.56139e-17	
      6942.52126	     6.86404e-17	
      6944.42221	     6.95249e-17	
      6946.32316	     7.29054e-17	
      6948.22411	     7.38540e-17	
      6950.12506	     7.28761e-17	
      6952.02601	     7.12803e-17	
      6953.92696	     6.88516e-17	
      6955.82791	     6.76917e-17	
      6957.72886	     7.03532e-17	
      6959.62981	     7.22057e-17	
      6961.53077	     7.24121e-17	
      6963.43172	     7.49610e-17	
      6965.33267	     7.83865e-17	
      6967.23362	     7.77206e-17	
      6969.13457	     7.51479e-17	
      6971.03552	     7.53391e-17	
      6972.93647	     7.61524e-17	
      6974.83742	     7.75520e-17	
      6976.73837	     7.96442e-17	
      6978.63932	     8.03296e-17	
      6980.54027	     8.07971e-17	
      6982.44122	     7.95895e-17	
      6984.34217	     8.12862e-17	
      6986.24312	     8.16131e-17	
      6988.14407	     7.87115e-17	
      6990.04502	     8.01410e-17	
      6991.94597	     8.03761e-17	
      6993.84692	     7.91136e-17	
      6995.74787	     8.11267e-17	
      6997.64882	     7.83549e-17	
      6999.54977	     7.81349e-17	
      7001.45073	     7.87860e-17	
      7003.35168	     7.78202e-17	
      7005.25263	     8.09491e-17	
      7007.15358	     8.49838e-17	
      7009.05453	     8.78311e-17	
      7010.95548	     8.85013e-17	
      7012.85643	     8.86395e-17	
      7014.75738	     8.82927e-17	
      7016.65833	     8.77081e-17	
      7018.55928	     8.81723e-17	
      7020.46023	     8.63561e-17	
      7022.36118	     8.65746e-17	
      7024.26213	     8.72333e-17	
      7026.16308	     9.16359e-17	
      7028.06403	     9.58176e-17	
      7029.96498	     9.48513e-17	
      7031.86593	     9.83826e-17	
      7033.76688	     1.00047e-16	
      7035.66783	     9.79637e-17	
      7037.56878	     1.00976e-16	
      7039.46973	     1.02095e-16	
      7041.37069	     1.02508e-16	
      7043.27164	     1.01220e-16	
      7045.17259	     1.01543e-16	
      7047.07354	     1.02788e-16	
      7048.97449	     1.04042e-16	
      7050.87544	     9.98746e-17	
      7052.77639	     8.91577e-17	
      7054.67734	     7.47709e-17	
      7056.57829	     6.27948e-17	
      7058.47924	     5.88487e-17	
      7060.38019	     5.47014e-17	
      7062.28114	     5.55371e-17	
      7064.18209	     5.76491e-17	
      7066.08304	     5.72812e-17	
      7067.98399	     5.74393e-17	
      7069.88494	     6.03371e-17	
      7071.78589	     6.34087e-17	
      7073.68684	     6.30015e-17	
      7075.58779	     6.26731e-17	
      7077.48874	     6.21670e-17	
      7079.38969	     6.36351e-17	
      7081.29065	     6.42877e-17	
      7083.19160	     6.43161e-17	
      7085.09255	     6.32328e-17	
      7086.99350	     5.93162e-17	
      7088.89445	     5.34391e-17	
      7090.79540	     5.12729e-17	
      7092.69635	     5.09270e-17	
      7094.59730	     5.20959e-17	
      7096.49825	     5.20923e-17	
      7098.39920	     5.49531e-17	
      7100.30015	     5.63341e-17	
      7102.20110	     5.72351e-17	
      7104.10205	     5.60168e-17	
      7106.00300	     5.70444e-17	
      7107.90395	     5.93094e-17	
      7109.80490	     6.14385e-17	
      7111.70585	     6.28456e-17	
      7113.60680	     6.15923e-17	
      7115.50775	     6.08074e-17	
      7117.40870	     6.30480e-17	
      7119.30965	     6.65734e-17	
      7121.21061	     6.43098e-17	
      7123.11156	     6.12019e-17	
      7125.01251	     5.95502e-17	
      7126.91346	     5.46944e-17	
      7128.81441	     5.10062e-17	
      7130.71536	     5.17278e-17	
      7132.61631	     5.20453e-17	
      7134.51726	     5.09359e-17	
      7136.41821	     5.06818e-17	
      7138.31916	     5.19279e-17	
      7140.22011	     5.30427e-17	
      7142.12106	     5.17789e-17	
      7144.02201	     5.51517e-17	
      7145.92296	     5.70962e-17	
      7147.82391	     5.71537e-17	
      7149.72486	     5.87483e-17	
      7151.62581	     5.65297e-17	
      7153.52676	     5.77767e-17	
      7155.42771	     6.05795e-17	
      7157.32866	     5.75781e-17	
      7159.22961	     5.70308e-17	
      7161.13057	     5.98684e-17	
      7163.03152	     5.78543e-17	
      7164.93247	     5.81673e-17	
      7166.83342	     5.72516e-17	
      7168.73437	     5.77932e-17	
      7170.63532	     5.94694e-17	
      7172.53627	     5.90581e-17	
      7174.43722	     5.92251e-17	
      7176.33817	     6.00230e-17	
      7178.23912	     6.26315e-17	
      7180.14007	     6.35712e-17	
      7182.04102	     6.47776e-17	
      7183.94197	     6.76400e-17	
      7185.84292	     6.74886e-17	
      7187.74387	     6.78413e-17	
      7189.64482	     6.87745e-17	
      7191.54577	     6.84795e-17	
      7193.44672	     6.98227e-17	
      7195.34767	     6.64033e-17	
      7197.24862	     6.45262e-17	
      7199.14957	     6.45673e-17	
      7201.05053	     6.43426e-17	
      7202.95148	     6.50195e-17	
      7204.85243	     6.44863e-17	
      7206.75338	     6.41557e-17	
      7208.65433	     6.86312e-17	
      7210.55528	     7.20751e-17	
      7212.45623	     7.15873e-17	
      7214.35718	     7.09162e-17	
      7216.25813	     7.08647e-17	
      7218.15908	     6.99049e-17	
      7220.06003	     7.47169e-17	
      7221.96098	     7.43162e-17	
      7223.86193	     7.50485e-17	
      7225.76288	     7.89068e-17	
      7227.66383	     7.85299e-17	
      7229.56478	     7.77735e-17	
      7231.46573	     7.65097e-17	
      7233.36668	     7.80586e-17	
      7235.26763	     8.17810e-17	
      7237.16858	     8.26299e-17	
      7239.06953	     8.14995e-17	
      7240.97049	     8.14530e-17	
      7242.87144	     8.79601e-17	
      7244.77239	     8.99026e-17	
      7246.67334	     8.91965e-17	
      7248.57429	     9.33414e-17	
      7250.47524	     9.22595e-17	
      7252.37619	     9.02631e-17	
      7254.27714	     9.48054e-17	
      7256.17809	     9.66335e-17	
      7258.07904	     9.77721e-17	
      7259.97999	     9.94913e-17	
      7261.88094	     1.02985e-16	
      7263.78189	     1.03324e-16	
      7265.68284	     1.01589e-16	
      7267.58379	     1.01639e-16	
      7269.48474	     9.97764e-17	
      7271.38569	     9.94362e-17	
      7273.28664	     1.02416e-16	
      7275.18759	     9.98842e-17	
      7277.08854	     1.03616e-16	
      7278.98949	     1.07084e-16	
      7280.89045	     1.05257e-16	
      7282.79140	     1.07231e-16	
      7284.69235	     1.10440e-16	
      7286.59330	     1.11400e-16	
      7288.49425	     1.10779e-16	
      7290.39520	     1.15488e-16	
      7292.29615	     1.15919e-16	
      7294.19710	     1.20183e-16	
      7296.09805	     1.23467e-16	
      7297.99900	     1.24034e-16	
      7299.89995	     1.30645e-16	
      7301.80090	     1.33286e-16	
      7303.70185	     1.36534e-16	
      7305.60280	     1.39103e-16	
      7307.50375	     1.38129e-16	
      7309.40470	     1.41877e-16	
      7311.30565	     1.45789e-16	
      7313.20660	     1.48894e-16	
      7315.10755	     1.52411e-16	
      7317.00850	     1.51946e-16	
      7318.90945	     1.52321e-16	
      7320.81041	     1.54639e-16	
      7322.71136	     1.55975e-16	
      7324.61231	     1.58378e-16	
      7326.51326	     1.60257e-16	
      7328.41421	     1.59399e-16	
      7330.31516	     1.56485e-16	
      7332.21611	     1.58793e-16	
      7334.11706	     1.65688e-16	
      7336.01801	     1.69043e-16	
      7337.91896	     1.73594e-16	
      7339.81991	     1.75728e-16	
      7341.72086	     1.69997e-16	
      7343.62181	     1.64794e-16	
      7345.52276	     1.57299e-16	
      7347.42371	     1.59693e-16	
      7349.32466	     1.60858e-16	
      7351.22561	     1.65572e-16	
      7353.12656	     1.63714e-16	
      7355.02751	     1.60093e-16	
      7356.92846	     1.62733e-16	
      7358.82941	     1.66881e-16	
      7360.73037	     1.68460e-16	
      7362.63132	     1.75711e-16	
      7364.53227	     1.83718e-16	
      7366.43322	     1.87625e-16	
      7368.33417	     1.88749e-16	
      7370.23512	     1.87862e-16	
      7372.13607	     1.82236e-16	
      7374.03702	     1.75218e-16	
      7375.93797	     1.75343e-16	
      7377.83892	     1.76434e-16	
      7379.73987	     1.77208e-16	
      7381.64082	     1.78660e-16	
      7383.54177	     1.77674e-16	
      7385.44272	     1.80900e-16	
      7387.34367	     1.88772e-16	
      7389.24462	     1.89230e-16	
      7391.14557	     1.78572e-16	
      7393.04652	     1.72847e-16	
      7394.94747	     1.70375e-16	
      7396.84842	     1.69832e-16	
      7398.74937	     1.75949e-16	
      7400.65033	     1.79062e-16	
      7402.55128	     1.75904e-16	
      7404.45223	     1.67268e-16	
      7406.35318	     1.67262e-16	
      7408.25413	     1.72397e-16	
      7410.15508	     1.75426e-16	
      7412.05603	     1.81439e-16	
      7413.95698	     1.78051e-16	
      7415.85793	     1.71234e-16	
      7417.75888	     1.65214e-16	
      7419.65983	     1.60398e-16	
      7421.56078	     1.62778e-16	
      7423.46173	     1.69709e-16	
      7425.36268	     1.74365e-16	
      7427.26363	     1.73147e-16	
      7429.16458	     1.75308e-16	
      7431.06553	     1.72793e-16	
      7432.96648	     1.67356e-16	
      7434.86743	     1.66748e-16	
      7436.76838	     1.64875e-16	
      7438.66933	     1.64206e-16	
      7440.57029	     1.65036e-16	
      7442.47124	     1.62391e-16	
      7444.37219	     1.63200e-16	
      7446.27314	     1.57435e-16	
      7448.17409	     1.63112e-16	
      7450.07504	     1.70333e-16	
      7451.97599	     1.67765e-16	
      7453.87694	     1.63626e-16	
      7455.77789	     1.63083e-16	
      7457.67884	     1.60212e-16	
      7459.57979	     1.60982e-16	
      7461.48074	     1.64016e-16	
      7463.38169	     1.67880e-16	
      7465.28264	     1.66918e-16	
      7467.18359	     1.73452e-16	
      7469.08454	     1.73260e-16	
      7470.98549	     1.68783e-16	
      7472.88644	     1.69850e-16	
      7474.78739	     1.72664e-16	
      7476.68834	     1.71297e-16	
      7478.58929	     1.72853e-16	
      7480.49025	     1.79880e-16	
      7482.39120	     1.80046e-16	
      7484.29215	     1.84948e-16	
      7486.19310	     1.89145e-16	
      7488.09405	     1.88558e-16	
      7489.99500	     1.84858e-16	
      7491.89595	     1.79494e-16	
      7493.79690	     1.79590e-16	
      7495.69785	     1.79883e-16	
      7497.59880	     1.84207e-16	
      7499.49975	     1.87914e-16	
      7501.40070	     1.89066e-16	
      7503.30165	     1.85180e-16	
      7505.20260	     1.84218e-16	
      7507.10355	     1.94533e-16	
      7509.00450	     1.96941e-16	
      7510.90545	     1.93003e-16	
      7512.80640	     1.92884e-16	
      7514.70735	     1.91917e-16	
      7516.60830	     1.90744e-16	
      7518.50925	     1.92896e-16	
      7520.41021	     1.91903e-16	
      7522.31116	     1.93519e-16	
      7524.21211	     1.96778e-16	
      7526.11306	     1.95214e-16	
      7528.01401	     1.94788e-16	
      7529.91496	     1.98528e-16	
      7531.81591	     1.97688e-16	
      7533.71686	     1.97797e-16	
      7535.61781	     2.08847e-16	
      7537.51876	     2.12673e-16	
      7539.41971	     2.11793e-16	
      7541.32066	     2.18833e-16	
      7543.22161	     2.18764e-16	
      7545.12256	     2.16189e-16	
      7547.02351	     2.14123e-16	
      7548.92446	     2.15138e-16	
      7550.82541	     2.17464e-16	
      7552.72636	     2.20386e-16	
      7554.62731	     2.21831e-16	
      7556.52826	     2.22446e-16	
      7558.42921	     2.29069e-16	
      7560.33017	     2.26448e-16	
      7562.23112	     2.22458e-16	
      7564.13207	     2.23678e-16	
      7566.03302	     2.18403e-16	
      7567.93397	     2.18845e-16	
      7569.83492	     2.22383e-16	
      7571.73587	     2.26882e-16	
      7573.63682	     2.28971e-16	
      7575.53777	     2.25811e-16	
      7577.43872	     2.30059e-16	
      7579.33967	     2.31121e-16	
      7581.24062	     2.35711e-16	
      7583.14157	     2.27819e-16	
      7585.04252	     2.08535e-16	
      7586.94347	     1.80092e-16	
      7588.84442	     1.51701e-16	
      7590.74537	     1.25322e-16	
      7592.64632	     1.01814e-16	
      7594.54727	     8.79863e-17	
      7596.44822	     7.88484e-17	
      7598.34917	     6.70520e-17	
      7600.25013	     5.73725e-17	
      7602.15108	     5.26752e-17	
      7604.05203	     5.02198e-17	
      7605.95298	     5.21828e-17	
      7607.85393	     6.09913e-17	
      7609.75488	     7.03346e-17	
      7611.65583	     8.40175e-17	
      7613.55678	     1.05868e-16	
      7615.45773	     1.28879e-16	
      7617.35868	     1.38226e-16	
      7619.25963	     1.37628e-16	
      7621.16058	     1.23382e-16	
      7623.06153	     1.05754e-16	
      7624.96248	     8.95082e-17	
      7626.86343	     7.69906e-17	
      7628.76438	     6.92480e-17	
      7630.66533	     6.76784e-17	
      7632.56628	     6.82084e-17	
      7634.46723	     7.12009e-17	
      7636.36818	     7.38267e-17	
      7638.26913	     7.78128e-17	
      7640.17009	     8.05437e-17	
      7642.07104	     7.97073e-17	
      7643.97199	     8.42119e-17	
      7645.87294	     8.52745e-17	
      7647.77389	     8.36245e-17	
      7649.67484	     8.50797e-17	
      7651.57579	     8.39392e-17	
      7653.47674	     8.17135e-17	
      7655.37769	     7.83501e-17	
      7657.27864	     7.21506e-17	
      7659.17959	     6.63141e-17	
      7661.08054	     5.58371e-17	
      7662.98149	     4.67429e-17	
      7664.88244	     4.79047e-17	
      7666.78339	     5.46616e-17	
      7668.68434	     5.99271e-17	
      7670.58529	     6.70011e-17	
      7672.48624	     7.27826e-17	
      7674.38719	     7.80675e-17	
      7676.28814	     8.33036e-17	
      7678.18909	     8.79844e-17	
      7680.09005	     8.96972e-17	
      7681.99100	     9.11055e-17	
      7683.89195	     9.14796e-17	
      7685.79290	     9.27410e-17	
      7687.69385	     9.45079e-17	
      7689.59480	     9.23371e-17	
      7691.49575	     8.93045e-17	
      7693.39670	     7.92421e-17	
      7695.29765	     6.49353e-17	
      7697.19860	     6.00262e-17	
      7699.09955	     5.90362e-17	
      7701.00050	     6.64718e-17	
      7702.90145	     7.50096e-17	
      7704.80240	     8.72750e-17	
      7706.70335	     9.32731e-17	
      7708.60430	     9.59627e-17	
      7710.50525	     9.95778e-17	
      7712.40620	     1.02284e-16	
      7714.30715	     1.03466e-16	
      7716.20810	     1.09180e-16	
      7718.10905	     1.11966e-16	
      7720.01001	     1.09494e-16	
      7721.91096	     1.16890e-16	
      7723.81191	     1.21719e-16	
      7725.71286	     1.27296e-16	
      7727.61381	     1.30416e-16	
      7729.51476	     1.32810e-16	
      7731.41571	     1.35003e-16	
      7733.31666	     1.40044e-16	
      7735.21761	     1.46258e-16	
      7737.11856	     1.48260e-16	
      7739.01951	     1.46866e-16	
      7740.92046	     1.42776e-16	
      7742.82141	     1.35764e-16	
      7744.72236	     1.26933e-16	
      7746.62331	     1.21532e-16	
      7748.52426	     1.14413e-16	
      7750.42521	     1.16522e-16	
      7752.32616	     1.24415e-16	
      7754.22711	     1.31486e-16	
      7756.12806	     1.31135e-16	
      7758.02901	     1.31761e-16	
      7759.92996	     1.31626e-16	
      7761.83092	     1.29684e-16	
      7763.73187	     1.32799e-16	
      7765.63282	     1.34243e-16	
      7767.53377	     1.34841e-16	
      7769.43472	     1.38080e-16	
      7771.33567	     1.39979e-16	
      7773.23662	     1.39126e-16	
      7775.13757	     1.39005e-16	
      7777.03852	     1.42888e-16	
      7778.93947	     1.38955e-16	
      7780.84042	     1.35136e-16	
      7782.74137	     1.30114e-16	
      7784.64232	     1.36085e-16	
      7786.54327	     1.36284e-16	
      7788.44422	     1.39329e-16	
      7790.34517	     1.41674e-16	
      7792.24612	     1.47298e-16	
      7794.14707	     1.45215e-16	
      7796.04802	     1.33782e-16	
      7797.94897	     1.31346e-16	
      7799.84992	     1.34544e-16	
      7801.75088	     1.47701e-16	
      7803.65183	     1.58707e-16	
      7805.55278	     1.60986e-16	
      7807.45373	     1.60635e-16	
      7809.35468	     1.65806e-16	
      7811.25563	     1.66631e-16	
      7813.15658	     1.74812e-16	
      7815.05753	     1.76941e-16	
      7816.95848	     1.70309e-16	
      7818.85943	     1.66660e-16	
      7820.76038	     1.60821e-16	
      7822.66133	     1.58790e-16	
      7824.56228	     1.58483e-16	
      7826.46323	     1.53847e-16	
      7828.36418	     1.53077e-16	
      7830.26513	     1.54545e-16	
      7832.16608	     1.54198e-16	
      7834.06703	     1.56000e-16	
      7835.96798	     1.62178e-16	
      7837.86893	     1.61491e-16	
      7839.76988	     1.61222e-16	
      7841.67084	     1.68264e-16	
      7843.57179	     1.74040e-16	
      7845.47274	     1.77172e-16	
      7847.37369	     1.76517e-16	
      7849.27464	     1.75159e-16	
      7851.17559	     1.74527e-16	
      7853.07654	     1.78986e-16	
      7854.97749	     1.82528e-16	
      7856.87844	     1.84547e-16	
      7858.77939	     1.82301e-16	
      7860.68034	     1.79379e-16	
      7862.58129	     1.72286e-16	
      7864.48224	     1.63629e-16	
      7866.38319	     1.61786e-16	
      7868.28414	     1.57054e-16	
      7870.18509	     1.53356e-16	
      7872.08604	     1.57744e-16	
      7873.98699	     1.62925e-16	
      7875.88794	     1.61848e-16	
      7877.78889	     1.71543e-16	
      7879.68984	     1.80828e-16	
      7881.59080	     1.83018e-16	
      7883.49175	     1.89081e-16	
      7885.39270	     1.96580e-16	
      7887.29365	     1.94576e-16	
      7889.19460	     1.96927e-16	
      7891.09555	     1.92217e-16	
      7892.99650	     1.87975e-16	
      7894.89745	     1.77645e-16	
      7896.79840	     1.70539e-16	
      7898.69935	     1.65743e-16	
      7900.60030	     1.72723e-16	
      7902.50125	     1.79700e-16	
      7904.40220	     1.74237e-16	
      7906.30315	     1.64344e-16	
      7908.20410	     1.56050e-16	
      7910.10505	     1.61279e-16	
      7912.00600	     1.65629e-16	
      7913.90695	     1.62447e-16	
      7915.80790	     1.66196e-16	
      7917.70885	     1.60931e-16	
      7919.60980	     1.63826e-16	
      7921.51076	     1.69936e-16	
      7923.41171	     1.73979e-16	
      7925.31266	     1.77071e-16	
      7927.21361	     1.81551e-16	
      7929.11456	     1.86429e-16	
      7931.01551	     1.95205e-16	
      7932.91646	     1.98417e-16	
      7934.81741	     1.92951e-16	
      7936.71836	     1.78409e-16	
      7938.61931	     1.71113e-16	
      7940.52026	     1.66227e-16	
      7942.42121	     1.57407e-16	
      7944.32216	     1.50669e-16	
      7946.22311	     1.47599e-16	
      7948.12406	     1.55919e-16	
      7950.02501	     1.71179e-16	
      7951.92596	     1.79552e-16	
      7953.82691	     1.88206e-16	
      7955.72786	     1.84642e-16	
      7957.62881	     1.74715e-16	
      7959.52976	     1.73129e-16	
      7961.43072	     1.72065e-16	
      7963.33167	     1.73357e-16	
      7965.23262	     1.83314e-16	
      7967.13357	     1.93024e-16	
      7969.03452	     1.98547e-16	
      7970.93547	     1.95268e-16	
      7972.83642	     1.86631e-16	
      7974.73737	     1.82260e-16	
      7976.63832	     1.81001e-16	
      7978.53927	     1.80368e-16	
      7980.44022	     1.73348e-16	
      7982.34117	     1.70245e-16	
      7984.24212	     1.75108e-16	
      7986.14307	     1.77841e-16	
      7988.04402	     1.80370e-16	
      7989.94497	     1.80370e-16	
      7991.84592	     1.81732e-16	
      7993.74687	     1.81827e-16	
      7995.64782	     1.79633e-16	
      7997.54877	     1.82895e-16	
      7999.44972	     1.86380e-16	
      8001.35068	     1.92034e-16	
      8003.25163	     2.06552e-16	
      8005.15258	     2.15112e-16	
      8007.05353	     2.14779e-16	
      8008.95448	     2.12335e-16	
      8010.85543	     2.12690e-16	
      8012.75638	     2.12636e-16	
      8014.65733	     2.17062e-16	
      8016.55828	     2.24781e-16	
      8018.45923	     2.33095e-16	
      8020.36018	     2.32239e-16	
      8022.26113	     2.38004e-16	
      8024.16208	     2.50166e-16	
      8026.06303	     2.50055e-16	
      8027.96398	     2.44837e-16	
      8029.86493	     2.45807e-16	
      8031.76588	     2.46048e-16	
      8033.66683	     2.46962e-16	
      8035.56778	     2.47879e-16	
      8037.46873	     2.47568e-16	
      8039.36968	     2.54437e-16	
      8041.27064	     2.58864e-16	
      8043.17159	     2.61546e-16	
      8045.07254	     2.68095e-16	
      8046.97349	     2.76208e-16	
      8048.87444	     2.87608e-16	
      8050.77539	     3.00514e-16	
      8052.67634	     3.04744e-16	
      8054.57729	     3.04183e-16	
      8056.47824	     3.04858e-16	
      8058.37919	     3.12551e-16	
      8060.28014	     3.07114e-16	
      8062.18109	     2.99921e-16	
      8064.08204	     3.01754e-16	
      8065.98299	     3.00009e-16	
      8067.88394	     3.07552e-16	
      8069.78489	     3.21933e-16	
      8071.68584	     3.30544e-16	
      8073.58679	     3.39182e-16	
      8075.48774	     3.52551e-16	
      8077.38869	     3.56438e-16	
      8079.28964	     3.52136e-16	
      8081.19060	     3.50716e-16	
      8083.09155	     3.58427e-16	
      8084.99250	     3.63181e-16	
      8086.89345	     3.72061e-16	
      8088.79440	     3.76093e-16	
      8090.69535	     3.72250e-16	
      8092.59630	     3.74139e-16	
      8094.49725	     3.72320e-16	
      8096.39820	     3.75566e-16	
      8098.29915	     3.83432e-16	
      8100.20010	     3.80772e-16	
      8102.10105	     3.83099e-16	
      8104.00200	     4.01871e-16	
      8105.90295	     4.12195e-16	
      8107.80390	     4.09280e-16	
      8109.70485	     4.23193e-16	
      8111.60580	     4.27169e-16	
      8113.50675	     4.20872e-16	
      8115.40770	     4.19544e-16	
      8117.30865	     4.23213e-16	
      8119.20960	     4.28796e-16	
      8121.11056	     4.29288e-16	
      8123.01151	     4.45309e-16	
      8124.91246	     4.57103e-16	
      8126.81341	     4.61436e-16	
      8128.71436	     4.64296e-16	
      8130.61531	     4.71022e-16	
      8132.51626	     4.82094e-16	
      8134.41721	     4.88473e-16	
      8136.31816	     4.87132e-16	
      8138.21911	     4.74302e-16	
      8140.12006	     4.62553e-16	
      8142.02101	     4.46707e-16	
      8143.92196	     4.45934e-16	
      8145.82291	     4.50276e-16	
      8147.72386	     4.53572e-16	
      8149.62481	     4.57217e-16	
      8151.52576	     4.63854e-16	
      8153.42671	     4.70726e-16	
      8155.32766	     4.64464e-16	
      8157.22861	     4.55199e-16	
      8159.12956	     4.63058e-16	
      8161.03052	     4.68237e-16	
      8162.93147	     4.75626e-16	
      8164.83242	     4.95141e-16	
      8166.73337	     5.08043e-16	
      8168.63432	     5.12394e-16	
      8170.53527	     5.22724e-16	
      8172.43622	     5.15735e-16	
      8174.33717	     4.98342e-16	
      8176.23812	     4.68330e-16	
      8178.13907	     4.16152e-16	
      8180.04002	     3.64690e-16	
      8181.94097	     3.58469e-16	
      8183.84192	     3.79643e-16	
      8185.74287	     4.13900e-16	
      8187.64382	     4.42127e-16	
      8189.54477	     4.01273e-16	
      8191.44572	     3.42475e-16	
      8193.34667	     3.18485e-16	
      8195.24762	     3.26034e-16	
      8197.14857	     3.64838e-16	
      8199.04952	     4.10162e-16	
      8200.95048	     4.33455e-16	
      8202.85143	     4.35108e-16	
      8204.75238	     4.28903e-16	
      8206.65333	     4.21961e-16	
      8208.55428	     4.20560e-16	
      8210.45523	     4.24855e-16	
      8212.35618	     4.24608e-16	
      8214.25713	     4.30799e-16	
      8216.15808	     4.41253e-16	
      8218.05903	     4.56583e-16	
      8219.95998	     4.70490e-16	
      8221.86093	     4.73344e-16	
      8223.76188	     4.77002e-16	
      8225.66283	     4.91316e-16	
      8227.56378	     4.96756e-16	
      8229.46473	     4.89665e-16	
      8231.36568	     4.93883e-16	
      8233.26663	     5.00147e-16	
      8235.16758	     5.07774e-16	
      8237.06853	     5.15578e-16	
      8238.96948	     5.16036e-16	
      8240.87044	     5.15557e-16	
      8242.77139	     5.20634e-16	
      8244.67234	     5.17354e-16	
      8246.57329	     5.04160e-16	
      8248.47424	     4.86841e-16	
      8250.37519	     4.67820e-16	
      8252.27614	     4.58968e-16	
      8254.17709	     4.73151e-16	
      8256.07804	     4.98134e-16	
      8257.97899	     5.13485e-16	
      8259.87994	     5.26051e-16	
      8261.78089	     5.31252e-16	
      8263.68184	     5.23093e-16	
      8265.58279	     5.06719e-16	
      8267.48374	     4.83897e-16	
      8269.38469	     4.66175e-16	
      8271.28564	     4.60756e-16	
      8273.18659	     4.65559e-16	
      8275.08754	     4.69683e-16	
      8276.98849	     4.68947e-16	
      8278.88944	     4.58328e-16	
      8280.79040	     4.39273e-16	
      8282.69135	     4.20121e-16	
      8284.59230	     3.98351e-16	
      8286.49325	     3.85186e-16	
      8288.39420	     3.71243e-16	
      8290.29515	     3.74582e-16	
      8292.19610	     3.82365e-16	
      8294.09705	     3.82836e-16	
      8295.99800	     3.79185e-16	
      8297.89895	     3.65989e-16	
      8299.79990	     3.60059e-16	
      8301.70085	     3.61906e-16	
      8303.60180	     3.72808e-16	
      8305.50275	     3.80893e-16	
      8307.40370	     3.92081e-16	
      8309.30465	     4.00707e-16	
      8311.20560	     4.03603e-16	
      8313.10655	     4.17645e-16	
      8315.00750	     4.33400e-16	
      8316.90845	     4.49653e-16	
      8318.80940	     4.61902e-16	
      8320.71036	     4.65844e-16	
      8322.61131	     4.51244e-16	
      8324.51226	     4.45473e-16	
      8326.41321	     4.42167e-16	
      8328.31416	     4.45233e-16	
      8330.21511	     4.37573e-16	
      8332.11606	     4.30040e-16	
      8334.01701	     4.23144e-16	
      8335.91796	     4.24781e-16	
      8337.81891	     4.24550e-16	
      8339.71986	     4.08687e-16	
      8341.62081	     3.85822e-16	
      8343.52176	     3.74365e-16	
      8345.42271	     3.85331e-16	
      8347.32366	     4.00070e-16	
      8349.22461	     4.09712e-16	
      8351.12556	     4.25037e-16	
      8353.02651	     4.40424e-16	
      8354.92746	     4.47765e-16	
      8356.82841	     4.52593e-16	
      8358.72936	     4.51525e-16	
      8360.63032	     4.43749e-16	
      8362.53127	     4.51674e-16	
      8364.43222	     4.63038e-16	
      8366.33317	     4.71560e-16	
      8368.23412	     4.73638e-16	
      8370.13507	     4.59253e-16	
      8372.03602	     4.37591e-16	
      8373.93697	     4.19330e-16	
      8375.83792	     4.13672e-16	
      8377.73887	     4.07651e-16	
      8379.63982	     4.08657e-16	
      8381.54077	     4.13142e-16	
      8383.44172	     4.04936e-16	
      8385.34267	     4.04820e-16	
      8387.24362	     4.13275e-16	
      8389.14457	     4.19582e-16	
      8391.04552	     4.21628e-16	
      8392.94647	     4.30135e-16	
      8394.84742	     4.39143e-16	
      8396.74837	     4.43384e-16	
      8398.64932	     4.54970e-16	
      8400.55028	     4.70803e-16	
      8402.45123	     4.68945e-16	
      8404.35218	     4.68264e-16	
      8406.25313	     4.69522e-16	
      8408.15408	     4.59094e-16	
      8410.05503	     4.55024e-16	
      8411.95598	     4.65116e-16	
      8413.85693	     4.65333e-16	
      8415.75788	     4.51245e-16	
      8417.65883	     4.29594e-16	
      8419.55978	     4.33314e-16	
      8421.46073	     4.28913e-16	
      8423.36168	     4.26343e-16	
      8425.26263	     4.17009e-16	
      8427.16358	     4.06774e-16	
      8429.06453	     3.78973e-16	
      8430.96548	     3.47808e-16	
      8432.86643	     3.30743e-16	
      8434.76738	     3.37767e-16	
      8436.66833	     3.50885e-16	
      8438.56928	     3.48731e-16	
      8440.47024	     3.23245e-16	
      8442.37119	     2.96894e-16	
      8444.27214	     2.89920e-16	
      8446.17309	     2.87196e-16	
      8448.07404	     2.74429e-16	
      8449.97499	     2.47005e-16	
      8451.87594	     2.36493e-16	
      8453.77689	     2.45497e-16	
      8455.67784	     2.57214e-16	
      8457.57879	     2.64154e-16	
      8459.47974	     2.59239e-16	
      8461.38069	     2.45752e-16	
      8463.28164	     2.37095e-16	
      8465.18259	     2.36243e-16	
      8467.08354	     2.32295e-16	
      8468.98449	     2.33549e-16	
      8470.88544	     2.32750e-16	
      8472.78639	     2.46182e-16	
      8474.68734	     2.52622e-16	
      8476.58829	     2.58429e-16	
      8478.48924	     2.58478e-16	
      8480.39020	     2.61026e-16	
      8482.29115	     2.72947e-16	
      8484.19210	     2.73603e-16	
      8486.09305	     2.82714e-16	
      8487.99400	     2.88594e-16	
      8489.89495	     2.92639e-16	
      8491.79590	     2.89412e-16	
      8493.69685	     2.84053e-16	
      8495.59780	     2.75903e-16	
      8497.49875	     2.77616e-16	
      8499.39970	     2.82734e-16	
      8501.30065	     2.71752e-16	
      8503.20160	     2.58125e-16	
      8505.10255	     2.53384e-16	
      8507.00350	     2.54543e-16	
      8508.90445	     2.66500e-16	
      8510.80540	     2.76162e-16	
      8512.70635	     2.66729e-16	
      8514.60730	     2.61691e-16	
      8516.50825	     2.58488e-16	
      8518.40920	     2.60575e-16	
      8520.31016	     2.71235e-16	
      8522.21111	     2.80284e-16	
      8524.11206	     2.77056e-16	
      8526.01301	     2.78450e-16	
      8527.91396	     2.77344e-16	
      8529.81491	     2.85720e-16	
      8531.71586	     3.04147e-16	
      8533.61681	     3.16351e-16	
      8535.51776	     3.12803e-16	
      8537.41871	     2.99275e-16	
      8539.31966	     2.94434e-16	
      8541.22061	     3.09150e-16	
      8543.12156	     3.28007e-16	
      8545.02251	     3.42827e-16	
      8546.92346	     3.51936e-16	
      8548.82441	     3.60266e-16	
      8550.72536	     3.65456e-16	
      8552.62631	     3.65055e-16	
      8554.52726	     3.65566e-16	
      8556.42821	     3.59439e-16	
      8558.32916	     3.48229e-16	
      8560.23012	     3.42968e-16	
      8562.13107	     3.42187e-16	
      8564.03202	     3.41692e-16	
      8565.93297	     3.41322e-16	
      8567.83392	     3.30785e-16	
      8569.73487	     3.21254e-16	
      8571.63582	     3.27331e-16	
      8573.53677	     3.28209e-16	
      8575.43772	     3.33947e-16	
      8577.33867	     3.37122e-16	
      8579.23962	     3.44177e-16	
      8581.14057	     3.52886e-16	
      8583.04152	     3.58438e-16	
      8584.94247	     3.63959e-16	
      8586.84342	     3.70378e-16	
      8588.74437	     3.67450e-16	
      8590.64532	     3.70766e-16	
      8592.54627	     3.72070e-16	
      8594.44722	     3.79810e-16	
      8596.34817	     3.83216e-16	
      8598.24912	     3.92439e-16	
      8600.15008	     3.97556e-16	
      8602.05103	     3.93973e-16	
      8603.95198	     3.92000e-16	
      8605.85293	     3.83070e-16	
      8607.75388	     3.71157e-16	
      8609.65483	     3.51322e-16	
      8611.55578	     3.37751e-16	
      8613.45673	     3.24916e-16	
      8615.35768	     3.31355e-16	
      8617.25863	     3.40320e-16	
      8619.15958	     3.45607e-16	
      8621.06053	     3.43573e-16	
      8622.96148	     3.35004e-16	
      8624.86243	     3.28119e-16	
      8626.76338	     3.22521e-16	
      8628.66433	     3.26643e-16	
      8630.56528	     3.42610e-16	
      8632.46623	     3.43683e-16	
      8634.36718	     3.51495e-16	
      8636.26813	     3.40771e-16	
      8638.16908	     3.42995e-16	
      8640.07004	     3.46748e-16	
      8641.97099	     3.45606e-16	
      8643.87194	     3.42255e-16	
      8645.77289	     3.48697e-16	
      8647.67384	     3.42089e-16	
      8649.57479	     3.52476e-16	
      8651.47574	     3.65926e-16	
      8653.37669	     3.52199e-16	
      8655.27764	     3.55341e-16	
      8657.17859	     3.53329e-16	
      8659.07954	     3.49160e-16	
      8660.98049	     3.47057e-16	
      8662.88144	     3.55820e-16	
      8664.78239	     3.51826e-16	
      8666.68334	     3.44579e-16	
      8668.58429	     3.43814e-16	
      8670.48524	     3.47027e-16	
      8672.38619	     3.59162e-16	
      8674.28714	     3.66850e-16	
      8676.18809	     3.72284e-16	
      8678.08904	     3.67616e-16	
      8679.98999	     3.67411e-16	
      8681.89095	     3.71994e-16	
      8683.79190	     3.68265e-16	
      8685.69285	     3.53903e-16	
      8687.59380	     3.47539e-16	
      8689.49475	     3.32091e-16	
      8691.39570	     3.19903e-16	
      8693.29665	     3.09250e-16	
      8695.19760	     3.15223e-16	
      8697.09855	     3.24572e-16	
      8698.99950	     3.34623e-16	
      8700.90045	     3.40670e-16	
      8702.80140	     3.47946e-16	
      8704.70235	     3.42838e-16	
      8706.60330	     3.30414e-16	
      8708.50425	     3.21928e-16	
      8710.40520	     3.19387e-16	
      8712.30615	     3.28483e-16	
      8714.20710	     3.39014e-16	
      8716.10805	     3.48594e-16	
      8718.00900	     3.61753e-16	
      8719.90995	     3.60760e-16	
      8721.81091	     3.64568e-16	
      8723.71186	     3.78151e-16	
      8725.61281	     3.91802e-16	
      8727.51376	     3.87506e-16	
      8729.41471	     3.85166e-16	
      8731.31566	     3.89493e-16	
      8733.21661	     3.91206e-16	
      8735.11756	     3.88598e-16	
      8737.01851	     3.92180e-16	
      8738.91946	     4.15846e-16	
      8740.82041	     4.35869e-16	
      8742.72136	     4.43099e-16	
      8744.62231	     4.31642e-16	
      8746.52326	     4.20103e-16	
      8748.42421	     4.20359e-16	
      8750.32516	     4.32454e-16	
      8752.22611	     4.36463e-16	
      8754.12706	     4.45705e-16	
      8756.02801	     4.64066e-16	
      8757.92896	     4.74249e-16	
      8759.82991	     4.64520e-16	
      8761.73087	     4.46943e-16	
      8763.63182	     4.35507e-16	
      8765.53277	     4.43651e-16	
      8767.43372	     4.74154e-16	
      8769.33467	     4.96032e-16	
      8771.23562	     5.18493e-16	
      8773.13657	     5.33109e-16	
      8775.03752	     5.12831e-16	
      8776.93847	     4.85061e-16	
      8778.83942	     4.77030e-16	
      8780.74037	     4.84046e-16	
      8782.64132	     4.88599e-16	
      8784.54227	     4.94367e-16	
      8786.44322	     4.99125e-16	
      8788.34417	     5.06777e-16	
      8790.24512	     5.18862e-16	
      8792.14607	     5.24068e-16	
      8794.04702	     5.29575e-16	
      8795.94797	     5.26226e-16	
      8797.84892	     4.91869e-16	
      8799.74987	     4.56777e-16	
      8801.65083	     4.47337e-16	
      8803.55178	     4.41543e-16	
      8805.45273	     4.47764e-16	
      8807.35368	     4.74611e-16	
      8809.25463	     5.03188e-16	
      8811.15558	     5.38289e-16	
      8813.05653	     5.61563e-16	
      8814.95748	     5.75734e-16	
      8816.85843	     5.73543e-16	
      8818.75938	     5.46710e-16	
      8820.66033	     5.14028e-16	
      8822.56128	     5.03975e-16	
      8824.46223	     5.02361e-16	
      8826.36318	     5.14582e-16	
      8828.26413	     5.32502e-16	
      8830.16508	     5.41156e-16	
      8832.06603	     5.57019e-16	
      8833.96698	     5.71101e-16	
      8835.86793	     5.87090e-16	
      8837.76888	     6.05297e-16	
      8839.66983	     5.98267e-16	
      8841.57079	     5.75576e-16	
      8843.47174	     5.52812e-16	
      8845.37269	     5.28876e-16	
      8847.27364	     5.42030e-16	
      8849.17459	     6.05588e-16	
      8851.07554	     6.37199e-16	
      8852.97649	     6.24948e-16	
      8854.87744	     5.86555e-16	
      8856.77839	     5.10922e-16	
      8858.67934	     4.54361e-16	
      8860.58029	     4.43231e-16	
      8862.48124	     4.48761e-16	
      8864.38219	     4.57038e-16	
      8866.28314	     4.23438e-16	
      8868.18409	     3.84303e-16	
      8870.08504	     3.60638e-16	
      8871.98599	     3.60312e-16	
      8873.88694	     3.81907e-16	
      8875.78789	     4.16135e-16	
      8877.68884	     4.34732e-16	
      8879.58979	     4.30275e-16	
      8881.49075	     4.08725e-16	
      8883.39170	     4.11803e-16	
      8885.29265	     4.24917e-16	
      8887.19360	     4.58325e-16	
      8889.09455	     4.65127e-16	
      8890.99550	     4.64814e-16	
      8892.89645	     4.48422e-16	
      8894.79740	     4.41021e-16	
      8896.69835	     4.63112e-16	
      8898.59930	     4.92772e-16	
      8900.50025	     5.16585e-16	
      8902.40120	     5.37098e-16	
      8904.30215	     5.26306e-16	
      8906.20310	     5.14215e-16	
      8908.10405	     5.02466e-16	
      8910.00500	     4.99438e-16	
      8911.90595	     5.12164e-16	
      8913.80690	     5.32326e-16	
      8915.70785	     5.34527e-16	
      8917.60880	     5.32739e-16	
      8919.50975	     5.22288e-16	
      8921.41071	     5.02642e-16	
      8923.31166	     5.06460e-16	
      8925.21261	     5.01883e-16	
      8927.11356	     5.24851e-16	
      8929.01451	     5.70873e-16	
      8930.91546	     5.96176e-16	
      8932.81641	     5.86959e-16	
      8934.71736	     5.45265e-16	
      8936.61831	     4.93971e-16	
      8938.51926	     4.84127e-16	
      8940.42021	     4.70827e-16	
      8942.32116	     4.66795e-16	
      8944.22211	     4.95497e-16	
      8946.12306	     5.15312e-16	
      8948.02401	     5.03832e-16	
      8949.92496	     4.95573e-16	
      8951.82591	     5.14253e-16	
      8953.72686	     5.36835e-16	
      8955.62781	     5.53302e-16	
      8957.52876	     5.56505e-16	
      8959.42971	     5.37974e-16	
      8961.33067	     5.22171e-16	
      8963.23162	     5.04883e-16	
      8965.13257	     4.99703e-16	
      8967.03352	     5.22517e-16	
      8968.93447	     5.27759e-16	
      8970.83542	     5.39474e-16	
      8972.73637	     5.63478e-16	
      8974.63732	     5.73171e-16	
      8976.53827	     5.56263e-16	
      8978.43922	     5.49426e-16	
      8980.34017	     5.75199e-16	
      8982.24112	     6.06354e-16	
      8984.14207	     6.07684e-16	
      8986.04302	     5.95353e-16	
      8987.94397	     5.79150e-16	
      8989.84492	     5.73646e-16	
      8991.74587	     5.80236e-16	
      8993.64682	     5.67461e-16	
      8995.54777	     5.49969e-16	
      8997.44872	     5.49726e-16	
      8999.34967	     5.78448e-16	
      9001.25063	     6.22052e-16	
      9003.15158	     6.36432e-16	
      9005.05253	     6.28871e-16	
      9006.95348	     6.22647e-16	
      9008.85443	     6.24267e-16	
      9010.75538	     6.25827e-16	
      9012.65633	     6.17158e-16	
      9014.55728	     6.04678e-16	
      9016.45823	     5.89434e-16	
      9018.35918	     5.62896e-16	
      9020.26013	     5.45057e-16	
      9022.16108	     5.29560e-16	
      9024.06203	     5.19584e-16	
      9025.96298	     5.36486e-16	
      9027.86393	     5.57194e-16	
      9029.76488	     5.85754e-16	
      9031.66583	     6.13711e-16	
      9033.56678	     6.37646e-16	
      9035.46773	     6.51410e-16	
      9037.36868	     6.50666e-16	
      9039.26963	     6.32191e-16	
      9041.17059	     6.27471e-16	
      9043.07154	     6.50225e-16	
      9044.97249	     6.61863e-16	
      9046.87344	     6.63645e-16	
      9048.77439	     6.46332e-16	
      9050.67534	     6.30669e-16	
      9052.57629	     6.24620e-16	
      9054.47724	     6.10338e-16	
      9056.37819	     5.96877e-16	
      9058.27914	     6.02418e-16	
      9060.18009	     5.93105e-16	
      9062.08104	     5.78253e-16	
      9063.98199	     5.66752e-16	
      9065.88294	     5.56419e-16	
      9067.78389	     5.46991e-16	
      9069.68484	     5.62001e-16	
      9071.58579	     5.68195e-16	
      9073.48674	     5.90528e-16	
      9075.38769	     6.16211e-16	
      9077.28864	     6.24486e-16	
      9079.18959	     6.20629e-16	
      9081.09055	     6.14467e-16	
      9082.99150	     6.05997e-16	
      9084.89245	     6.03140e-16	
      9086.79340	     6.01050e-16	
      9088.69435	     6.28002e-16	
      9090.59530	     6.53271e-16	
      9092.49625	     6.51869e-16	
      9094.39720	     6.55924e-16	
      9096.29815	     6.60285e-16	
      9098.19910	     6.60830e-16	
      9100.10005	     6.64250e-16	
      9102.00100	     6.54074e-16	
      9103.90195	     6.47739e-16	
      9105.80290	     6.58949e-16	
      9107.70385	     6.70134e-16	
      9109.60480	     6.83602e-16	
      9111.50575	     7.02768e-16	
      9113.40670	     7.02509e-16	
      9115.30765	     6.91187e-16	
      9117.20860	     6.92461e-16	
      9119.10955	     6.85507e-16	
      9121.01051	     6.91811e-16	
      9122.91146	     6.92085e-16	
      9124.81241	     6.90906e-16	
      9126.71336	     6.78238e-16	
      9128.61431	     6.83169e-16	
      9130.51526	     7.07610e-16	
      9132.41621	     7.15757e-16	
      9134.31716	     6.92667e-16	
      9136.21811	     6.65403e-16	
      9138.11906	     6.51276e-16	
      9140.02001	     6.66412e-16	
      9141.92096	     6.88557e-16	
      9143.82191	     7.13709e-16	
      9145.72286	     7.01453e-16	
      9147.62381	     6.90711e-16	
      9149.52476	     7.05772e-16	
      9151.42571	     7.20557e-16	
      9153.32666	     7.48501e-16	
      9155.22761	     7.62589e-16	
      9157.12856	     7.48098e-16	
      9159.02951	     7.29745e-16	
      9160.93047	     7.26316e-16	
      9162.83142	     7.42446e-16	
      9164.73237	     7.54797e-16	
      9166.63332	     7.57668e-16	
      9168.53427	     7.53659e-16	
      9170.43522	     7.37296e-16	
      9172.33617	     7.12529e-16	
      9174.23712	     7.02470e-16	
      9176.13807	     7.17398e-16	
      9178.03902	     7.42680e-16	
      9179.93997	     7.47918e-16	
      9181.84092	     7.37449e-16	
      9183.74187	     7.49382e-16	
      9185.64282	     7.92432e-16	
      9187.54377	     8.30414e-16	
      9189.44472	     8.11035e-16	
      9191.34567	     7.85433e-16	
      9193.24662	     7.89470e-16	
      9195.14757	     8.03239e-16	
      9197.04852	     8.13042e-16	
      9198.94947	     8.25382e-16	
      9200.85043	     8.25171e-16	
      9202.75138	     7.95965e-16	
      9204.65233	     7.49056e-16	
      9206.55328	     7.13574e-16	
      9208.45423	     7.16219e-16	
      9210.35518	     7.20948e-16	
      9212.25613	     7.40241e-16	
      9214.15708	     7.53777e-16	
      9216.05803	     7.40694e-16	
      9217.95898	     7.45003e-16	
      9219.85993	     7.34468e-16	
      9221.76088	     7.38886e-16	
      9223.66183	     7.40462e-16	
      9225.56278	     7.24277e-16	
      9227.46373	     7.14335e-16	
      9229.36468	     6.97972e-16	
      9231.26563	     6.75597e-16	
      9233.16658	     6.63711e-16	
      9235.06753	     6.73083e-16	
      9236.96848	     6.75752e-16	
      9238.86943	     6.88717e-16	
      9240.77039	     6.92768e-16	
      9242.67134	     6.88878e-16	
      9244.57229	     6.75717e-16	
      9246.47324	     6.54361e-16	
      9248.37419	     6.52122e-16	
      9250.27514	     6.61002e-16	
      9252.17609	     7.03644e-16	
      9254.07704	     7.40802e-16	
      9255.97799	     7.44880e-16	
      9257.87894	     7.40363e-16	
      9259.77989	     7.36583e-16	
      9261.68084	     7.41907e-16	
      9263.58179	     7.65659e-16	
      9265.48274	     7.72239e-16	
      9267.38369	     7.44717e-16	
      9269.28464	     7.13039e-16	
      9271.18559	     6.90375e-16	
      9273.08654	     6.68952e-16	
      9274.98749	     6.45553e-16	
      9276.88844	     6.35798e-16	
      9278.78939	     6.61948e-16	
      9280.69035	     7.06732e-16	
      9282.59130	     7.03784e-16	
      9284.49225	     6.87498e-16	
      9286.39320	     6.92615e-16	
      9288.29415	     6.93008e-16	
      9290.19510	     6.86311e-16	
      9292.09605	     6.86164e-16	
      9293.99700	     6.75684e-16	
      9295.89795	     6.58939e-16	
      9297.79890	     6.33700e-16	
      9299.69985	     6.32429e-16	
      9301.60080	     6.34908e-16	
      9303.50175	     6.37835e-16	
      9305.40270	     6.31402e-16	
      9307.30365	     6.30619e-16	
      9309.20460	     6.60737e-16	
      9311.10555	     6.68363e-16	
      9313.00650	     6.34761e-16	
      9314.90745	     6.20976e-16	
      9316.80840	     6.19518e-16	
      9318.70935	     6.36471e-16	
      9320.61031	     6.20428e-16	
      9322.51126	     5.90599e-16	
      9324.41221	     6.03836e-16	
      9326.31316	     6.29474e-16	
      9328.21411	     6.51037e-16	
      9330.11506	     6.33481e-16	
      9332.01601	     6.36214e-16	
      9333.91696	     6.40853e-16	
      9335.81791	     6.60315e-16	
      9337.71886	     6.56682e-16	
      9339.61981	     6.06673e-16	
      9341.52076	     5.82473e-16	
      9343.42171	     6.03017e-16	
      9345.32266	     6.36610e-16	
      9347.22361	     6.49142e-16	
      9349.12456	     6.35636e-16	
      9351.02551	     5.88046e-16	
      9352.92646	     5.47974e-16	
      9354.82741	     5.39995e-16	
      9356.72836	     5.75503e-16	
      9358.62931	     6.31923e-16	
      9360.53027	     6.54770e-16	
      9362.43122	     6.33036e-16	
      9364.33217	     6.12153e-16	
      9366.23312	     5.80899e-16	
      9368.13407	     5.54462e-16	
      9370.03502	     5.70431e-16	
      9371.93597	     6.14885e-16	
      9373.83692	     6.29145e-16	
      9375.73787	     6.36661e-16	
      9377.63882	     6.11841e-16	
      9379.53977	     6.32957e-16	
      9381.44072	     6.59018e-16	
      9383.34167	     6.83665e-16	
      9385.24262	     6.99943e-16	
      9387.14357	     7.39987e-16	
      9389.04452	     7.86616e-16	
      9390.94547	     7.87332e-16	
      9392.84642	     7.62452e-16	
      9394.74737	     7.35438e-16	
      9396.64832	     7.34459e-16	
      9398.54927	     7.24114e-16	
      9400.45023	     7.27447e-16	
      9402.35118	     7.37898e-16	
      9404.25213	     7.25318e-16	
      9406.15308	     7.15052e-16	
      9408.05403	     7.00835e-16	
      9409.95498	     6.87476e-16	
      9411.85593	     6.87302e-16	
      9413.75688	     6.72428e-16	
      9415.65783	     6.61101e-16	
      9417.55878	     6.69141e-16	
      9419.45973	     6.68565e-16	
      9421.36068	     6.66537e-16	
      9423.26163	     6.33206e-16	
      9425.16258	     6.02537e-16	
      9427.06353	     6.20739e-16	
      9428.96448	     6.67644e-16	
      9430.86543	     7.20896e-16	
      9432.76638	     7.41761e-16	
      9434.66733	     7.24238e-16	
      9436.56828	     6.98403e-16	
      9438.46923	     6.63234e-16	
      9440.37019	     6.51071e-16	
      9442.27114	     6.66714e-16	
      9444.17209	     6.83742e-16	
      9446.07304	     7.02944e-16	
      9447.97399	     7.11190e-16	
      9449.87494	     7.00066e-16	
      9451.77589	     6.90707e-16	
      9453.67684	     6.91787e-16	
      9455.57779	     6.77030e-16	
      9457.47874	     6.81645e-16	
      9459.37969	     7.07171e-16	
      9461.28064	     7.49776e-16	
      9463.18159	     7.88742e-16	
      9465.08254	     7.81917e-16	
      9466.98349	     7.37206e-16	
      9468.88444	     7.25513e-16	
      9470.78539	     7.48486e-16	
      9472.68634	     7.84727e-16	
      9474.58729	     8.12992e-16	
      9476.48824	     8.15293e-16	
      9478.38919	     8.05471e-16	
      9480.29015	     8.02650e-16	
      9482.19110	     8.44540e-16	
      9484.09205	     8.79996e-16	
      9485.99300	     9.25846e-16	
      9487.89395	     9.30294e-16	
      9489.79490	     8.82691e-16	
      9491.69585	     8.56663e-16	
      9493.59680	     8.49425e-16	
      9495.49775	     8.33698e-16	
      9497.39870	     7.93040e-16	
      9499.29965	     8.03534e-16	
      9501.20060	     8.32849e-16	
      9503.10155	     8.53896e-16	
      9505.00250	     8.95031e-16	
      9506.90345	     9.14717e-16	
      9508.80440	     9.16114e-16	
      9510.70535	     8.96261e-16	
      9512.60630	     8.63564e-16	
      9514.50725	     8.15686e-16	
      9516.40820	     7.91251e-16	
      9518.30915	     7.73912e-16	
      9520.21011	     7.81271e-16	
      9522.11106	     8.08308e-16	
      9524.01201	     8.22957e-16	
      9525.91296	     8.42311e-16	
      9527.81391	     8.55877e-16	
      9529.71486	     8.62401e-16	
      9531.61581	     8.54755e-16	
      9533.51676	     8.40278e-16	
      9535.41771	     8.44932e-16	
      9537.31866	     8.42188e-16	
      9539.21961	     8.10178e-16	
      9541.12056	     7.58336e-16	
      9543.02151	     7.55426e-16	
      9544.92246	     7.74499e-16	
      9546.82341	     7.82408e-16	
      9548.72436	     7.62316e-16	
      9550.62531	     7.53635e-16	
      9552.52626	     7.57826e-16	
      9554.42721	     7.84863e-16	
      9556.32816	     8.04368e-16	
      9558.22911	     8.16823e-16	
      9560.13007	     7.78536e-16	
      9562.03102	     7.62497e-16	
      9563.93197	     7.71334e-16	
      9565.83292	     7.89020e-16	
      9567.73387	     8.21083e-16	
      9569.63482	     8.23076e-16	
      9571.53577	     8.11023e-16	
      9573.43672	     7.93552e-16	
      9575.33767	     7.83801e-16	
      9577.23862	     7.80404e-16	
      9579.13957	     7.74557e-16	
      9581.04052	     7.77104e-16	
      9582.94147	     7.78583e-16	
      9584.84242	     7.54442e-16	
      9586.74337	     7.25349e-16	
      9588.64432	     7.27883e-16	
      9590.54527	     7.62860e-16	
      9592.44622	     7.74853e-16	
      9594.34717	     7.66877e-16	
      9596.24812	     7.78165e-16	
      9598.14907	     8.40973e-16	
      9600.05003	     8.76122e-16	
      9601.95098	     8.82856e-16	
      9603.85193	     8.90924e-16	
      9605.75288	     8.47383e-16	
      9607.65383	     7.89262e-16	
      9609.55478	     7.65147e-16	
      9611.45573	     7.65835e-16	
      9613.35668	     7.75759e-16	
      9615.25763	     7.87746e-16	
      9617.15858	     7.71662e-16	
      9619.05953	     7.68279e-16	
      9620.96048	     7.92519e-16	
      9622.86143	     8.14772e-16	
      9624.76238	     8.14206e-16	
      9626.66333	     8.18260e-16	
      9628.56428	     8.15484e-16	
      9630.46523	     7.94260e-16	
      9632.36618	     7.48737e-16	
      9634.26713	     6.98789e-16	
      9636.16808	     6.93731e-16	
      9638.06903	     7.05317e-16	
      9639.96998	     7.35180e-16	
      9641.87094	     7.72599e-16	
      9643.77189	     7.83537e-16	
      9645.67284	     8.09768e-16	
      9647.57379	     8.50941e-16	
      9649.47474	     8.59783e-16	
      9651.37569	     8.84434e-16	
      9653.27664	     9.00539e-16	
      9655.17759	     9.23659e-16	
      9657.07854	     9.52346e-16	
      9658.97949	     9.54173e-16	
      9660.88044	     9.65348e-16	
      9662.78139	     9.87617e-16	
      9664.68234	     9.78414e-16	
      9666.58329	     9.82666e-16	
      9668.48424	     9.77035e-16	
      9670.38519	     9.58557e-16	
      9672.28614	     9.27847e-16	
      9674.18709	     9.41558e-16	
      9676.08804	     9.50007e-16	
      9677.98899	     9.51669e-16	
      9679.88994	     9.21185e-16	
      9681.79090	     8.98741e-16	
      9683.69185	     8.95611e-16	
      9685.59280	     8.79480e-16	
      9687.49375	     9.18872e-16	
      9689.39470	     9.61447e-16	
      9691.29565	     9.71127e-16	
      9693.19660	     1.00433e-15	
      9695.09755	     9.97201e-16	
      9696.99850	     9.77545e-16	
      9698.89945	     9.86220e-16	
      9700.80040	     9.55436e-16	
      9702.70135	     9.25866e-16	
      9704.60230	     9.42111e-16	
      9706.50325	     9.65391e-16	
      9708.40420	     9.94855e-16	
      9710.30515	     9.80553e-16	
      9712.20610	     1.00015e-15	
      9714.10705	     1.00529e-15	
      9716.00800	     9.65310e-16	
      9717.90895	     9.30271e-16	
      9719.80990	     9.14495e-16	
      9721.71086	     8.97171e-16	
      9723.61181	     8.76688e-16	
      9725.51276	     8.40223e-16	
      9727.41371	     8.22375e-16	
      9729.31466	     8.38574e-16	
      9731.21561	     8.33166e-16	
      9733.11656	     8.20423e-16	
      9735.01751	     8.26677e-16	
      9736.91846	     8.32279e-16	
      9738.81941	     8.15709e-16	
      9740.72036	     7.99845e-16	
      9742.62131	     7.94099e-16	
      9744.52226	     8.13048e-16	
      9746.42321	     8.25770e-16	
      9748.32416	     8.37745e-16	
      9750.22511	     8.45177e-16	
      9752.12606	     8.51831e-16	
      9754.02701	     8.40517e-16	
      9755.92796	     8.48771e-16	
      9757.82891	     8.49628e-16	
      9759.72986	     8.46677e-16	
      9761.63082	     8.76340e-16	
      9763.53177	     8.83551e-16	
      9765.43272	     8.79407e-16	
      9767.33367	     8.82536e-16	
      9769.23462	     8.74618e-16	
      9771.13557	     8.66833e-16	
      9773.03652	     8.95846e-16	
      9774.93747	     8.93282e-16	
      9776.83842	     8.81586e-16	
      9778.73937	     8.85581e-16	
      9780.64032	     8.86523e-16	
      9782.54127	     8.87613e-16	
      9784.44222	     9.15153e-16	
      9786.34317	     9.44548e-16	
      9788.24412	     9.71448e-16	
      9790.14507	     9.97451e-16	
      9792.04602	     1.04239e-15	
      9793.94697	     1.07825e-15	
      9795.84792	     1.08838e-15	
      9797.74887	     1.09329e-15	
      9799.64982	     1.11284e-15	
      9801.55078	     1.12399e-15	
      9803.45173	     1.11562e-15	
      9805.35268	     1.12008e-15	
      9807.25363	     1.11533e-15	
      9809.15458	     1.08193e-15	
      9811.05553	     1.02542e-15	
      9812.95648	     1.00624e-15	
      9814.85743	     1.01184e-15	
      9816.75838	     1.00670e-15	
      9818.65933	     1.01737e-15	
      9820.56028	     1.00889e-15	
      9822.46123	     1.01726e-15	
      9824.36218	     1.01473e-15	
      9826.26313	     9.96644e-16	
      9828.16408	     9.90590e-16	
      9830.06503	     9.76696e-16	
      9831.96598	     9.76980e-16	
      9833.86693	     9.77760e-16	
      9835.76788	     9.46037e-16	
      9837.66883	     9.26731e-16	
      9839.56978	     9.30768e-16	
      9841.47074	     9.31754e-16	
      9843.37169	     9.67356e-16	
      9845.27264	     9.73149e-16	
      9847.17359	     9.57143e-16	
      9849.07454	     9.70649e-16	
      9850.97549	     1.01186e-15	
      9852.87644	     1.08791e-15	
      9854.77739	     1.10798e-15	
      9856.67834	     1.11559e-15	
      9858.57929	     1.12394e-15	
      9860.48024	     1.13558e-15	
      9862.38119	     1.12324e-15	
      9864.28214	     1.12461e-15	
      9866.18309	     1.11250e-15	
      9868.08404	     1.11874e-15	
      9869.98499	     1.14157e-15	
      9871.88594	     1.14289e-15	
      9873.78689	     1.13346e-15	
      9875.68784	     1.13255e-15	
      9877.58879	     1.15428e-15	
      9879.48974	     1.16150e-15	
      9881.39070	     1.15859e-15	
      9883.29165	     1.15356e-15	
      9885.19260	     1.13468e-15	
      9887.09355	     1.11131e-15	
      9888.99450	     1.06914e-15	
      9890.89545	     1.00020e-15	
      9892.79640	     9.20604e-16	
      9894.69735	     8.56318e-16	
      9896.59830	     8.22429e-16	
      9898.49925	     7.72178e-16	
      9900.40020	     7.08979e-16	
      9902.30115	     6.77353e-16	
      9904.20210	     6.66888e-16	
      9906.10305	     6.65331e-16	
      9908.00400	     6.59093e-16	
      9909.90495	     6.47286e-16	
      9911.80590	     6.47088e-16	
      9913.70685	     6.51754e-16	
      9915.60780	     6.73504e-16	
      9917.50875	     6.75247e-16	
      9919.40970	     6.49689e-16	
      9921.31066	     6.45763e-16	
      9923.21161	     6.80729e-16	
      9925.11256	     7.26775e-16	
      9927.01351	     7.33860e-16	
      9928.91446	     7.48088e-16	
      9930.81541	     7.76172e-16	
      9932.71636	     7.98039e-16	
      9934.61731	     8.19471e-16	
      9936.51826	     8.59286e-16	
      9938.41921	     8.59207e-16	
      9940.32016	     8.77761e-16	
      9942.22111	     8.99017e-16	
      9944.12206	     8.98437e-16	
      9946.02301	     9.08369e-16	
      9947.92396	     9.33090e-16	
      9949.82491	     9.07381e-16	
      9951.72586	     8.95848e-16	
      9953.62681	     8.70392e-16	
      9955.52776	     8.56324e-16	
      9957.42871	     8.70971e-16	
      9959.32966	     9.06881e-16	
      9961.23062	     9.25656e-16	
      9963.13157	     8.85256e-16	
      9965.03252	     8.32322e-16	
      9966.93347	     7.72719e-16	
      9968.83442	     7.53471e-16	
      9970.73537	     7.71075e-16	
      9972.63632	     7.65703e-16	
      9974.53727	     7.70309e-16	
      9976.43822	     7.87142e-16	
      9978.33917	     7.51107e-16	
      9980.24012	     7.21091e-16	
      9982.14107	     7.04465e-16	
      9984.04202	     6.90606e-16	
      9985.94297	     6.73162e-16	
      9987.84392	     6.72980e-16	
      9989.74487	     6.92166e-16	
      9991.64582	     6.95178e-16	
      9993.54677	     7.04098e-16	
      9995.44772	     7.59706e-16	
      9997.34867	     8.11102e-16	
      9999.24962	     8.69024e-16	
     10001.15058	     8.96516e-16	
     10003.05153	     9.22916e-16	
     10004.95248	     8.95222e-16	
     10006.85343	     9.02984e-16	
     10008.75438	     9.29870e-16	
     10010.65533	     9.13530e-16	
     10012.55628	     9.09332e-16	
     10014.45723	     9.42026e-16	
     10016.35818	     9.07139e-16	
     10018.25913	     9.03572e-16	
     10020.16008	     8.93910e-16	
     10022.06103	     8.44007e-16	
     10023.96198	     8.51458e-16	
     10025.86293	     8.23107e-16	
     10027.76388	     7.97341e-16	
     10029.66483	     7.78390e-16	
     10031.56578	     7.67104e-16	
     10033.46673	     7.53030e-16	
     10035.36768	     7.65905e-16	
     10037.26863	     7.76435e-16	
     10039.16958	     8.02596e-16	
     10041.07054	     8.30528e-16	
     10042.97149	     8.21586e-16	
     10044.87244	     7.79420e-16	
     10046.77339	     7.86307e-16	
     10048.67434	     7.59298e-16	
     10050.57529	     7.38793e-16	
     10052.47624	     7.62958e-16	
     10054.37719	     7.89570e-16	
     10056.27814	     8.07227e-16	
     10058.17909	     8.40928e-16	
     10060.08004	     9.35629e-16	
     10061.98099	     9.32657e-16	
     10063.88194	     9.30201e-16	
     10065.78289	     9.30572e-16	
     10067.68384	     9.50002e-16	
     10069.58479	     9.03103e-16	
     10071.48574	     8.65894e-16	
     10073.38669	     8.62704e-16	
     10075.28764	     8.65466e-16	
     10077.18859	     8.54337e-16	
     10079.08954	     8.69625e-16	
     10080.99050	     8.31326e-16	
     10082.89145	     8.05378e-16	
     10084.79240	     8.41352e-16	
     10086.69335	     8.42248e-16	
     10088.59430	     8.34343e-16	
     10090.49525	     8.42595e-16	
     10092.39620	     8.98539e-16	
     10094.29715	     9.01602e-16	
     10096.19810	     9.16397e-16	
     10098.09905	     9.44404e-16	
     10100.00000	     9.30564e-16	
#time:0.025608
