# Keck LRIS spectra of late-M, L and T dwarfs
# spty = L0.5  (Spectral type)
#
#    WAVELENGTH	#           FLUX	
#    (ANGSTROM)	#  (ERG/CM2/S/A)	
###############	################	
     6160.00000	     1.54064e-18	
     6161.90000	     8.60022e-19	
     6163.80000	     3.13757e-20	
     6165.70000	     1.75628e-18	
     6167.60000	     2.69639e-18	
     6169.50000	     1.86046e-18	
     6171.40000	     1.38052e-18	
     6173.30000	     1.03090e-18	
     6175.20000	     2.51052e-18	
     6177.10000	     8.30186e-19	
     6179.00000	     6.54114e-19	
     6180.90000	     1.52572e-18	
     6182.80000	     7.39125e-19	
     6184.70000	     3.29305e-19	
     6186.60000	     5.08052e-19	
     6188.50000	     1.11252e-18	
     6190.40000	     9.49353e-19	
     6192.30000	     2.13846e-18	
     6194.20000	     8.92880e-19	
     6196.10000	     9.92453e-19	
     6198.00000	     8.35573e-19	
     6199.90000	     7.12750e-19	
     6201.80000	     1.21041e-18	
     6203.70000	     2.09707e-18	
     6205.60000	     2.57124e-18	
     6207.50000	     1.48567e-18	
     6209.40000	     1.99705e-18	
     6211.30000	     3.10063e-18	
     6213.20000	     1.38907e-18	
     6215.10000	     2.02384e-18	
     6217.00000	     2.55410e-18	
     6218.90000	     6.70783e-19	
     6220.80000	     1.24247e-18	
     6222.70000	     1.05954e-18	
     6224.60000	     1.17517e-18	
     6226.50000	     1.92804e-18	
     6228.40000	     2.63391e-18	
     6230.30000	     2.13653e-18	
     6232.20000	     1.06075e-18	
     6234.10000	     2.65350e-18	
     6236.00000	     2.87187e-18	
     6237.90000	     1.27365e-18	
     6239.80000	     1.93609e-18	
     6241.70000	     1.10930e-18	
     6243.60000	     2.94743e-18	
     6245.50000	     2.44383e-18	
     6247.40000	     1.63315e-18	
     6249.30000	     5.20149e-19	
     6251.20000	     2.59706e-19	
     6253.10000	     2.24542e-18	
     6255.00000	     4.00607e-18	
     6256.90000	     2.45923e-18	
     6258.80000	     1.25512e-18	
     6260.70000	     8.24497e-19	
     6262.60000	     1.22378e-18	
     6264.50000	     1.43064e-18	
     6266.40000	     1.13702e-18	
     6268.30000	     7.10215e-19	
     6270.20000	     1.32814e-18	
     6272.10000	     2.79258e-18	
     6274.00000	     2.57806e-18	
     6275.90000	     2.56474e-18	
     6277.80000	     1.97410e-18	
     6279.70000	     2.00810e-18	
     6281.60000	     1.66142e-18	
     6283.50000	     9.52407e-19	
     6285.40000	     1.68517e-18	
     6287.30000	     2.59620e-18	
     6289.20000	     2.45854e-18	
     6291.10000	     2.91904e-18	
     6293.00000	     2.51608e-18	
     6294.90000	     1.69451e-18	
     6296.80000	     2.01543e-18	
     6298.70000	     2.92553e-19	
     6300.60000	     3.09670e-18	
     6302.50000	     4.10104e-18	
     6304.40000	     1.33323e-18	
     6306.30000	     1.92152e-18	
     6308.20000	     3.76338e-18	
     6310.10000	     2.91336e-18	
     6312.00000	     2.07019e-18	
     6313.90000	     4.17648e-18	
     6315.80000	     3.34016e-18	
     6317.70000	     3.99136e-18	
     6319.60000	     3.39450e-18	
     6321.50000	     4.19411e-18	
     6323.40000	     3.03749e-18	
     6325.30000	     3.79426e-18	
     6327.20000	     4.66709e-18	
     6329.10000	     4.38628e-18	
     6331.00000	     5.65126e-18	
     6332.90000	     4.31626e-18	
     6334.80000	     4.54164e-18	
     6336.70000	     5.88095e-18	
     6338.60000	     5.10430e-18	
     6340.50000	     4.55652e-18	
     6342.40000	     4.76273e-18	
     6344.30000	     5.15922e-18	
     6346.20000	     5.22214e-18	
     6348.10000	     4.28342e-18	
     6350.00000	     3.91576e-18	
     6351.90000	     4.64456e-18	
     6353.80000	     5.03043e-18	
     6355.70000	     4.12470e-18	
     6357.60000	     4.61658e-18	
     6359.50000	     5.50964e-18	
     6361.40000	     6.23213e-18	
     6363.30000	     6.86033e-18	
     6365.20000	     4.88023e-18	
     6367.10000	     3.96801e-18	
     6369.00000	     3.78324e-18	
     6370.90000	     4.84523e-18	
     6372.80000	     4.76913e-18	
     6374.70000	     4.27509e-18	
     6376.60000	     5.39024e-18	
     6378.50000	     4.54981e-18	
     6380.40000	     3.69121e-18	
     6382.30000	     5.34101e-18	
     6384.20000	     4.84093e-18	
     6386.10000	     5.21486e-18	
     6388.00000	     4.43479e-18	
     6389.90000	     4.13015e-18	
     6391.80000	     4.24157e-18	
     6393.70000	     4.66835e-18	
     6395.60000	     4.70504e-18	
     6397.50000	     4.57799e-18	
     6399.40000	     5.88046e-18	
     6401.30000	     6.05042e-18	
     6403.20000	     4.76929e-18	
     6405.10000	     3.83253e-18	
     6407.00000	     5.27729e-18	
     6408.90000	     4.97997e-18	
     6410.80000	     4.95454e-18	
     6412.70000	     4.30065e-18	
     6414.60000	     4.87686e-18	
     6416.50000	     4.94844e-18	
     6418.40000	     4.43134e-18	
     6420.30000	     4.65537e-18	
     6422.20000	     4.21012e-18	
     6424.10000	     5.55094e-18	
     6426.00000	     6.39219e-18	
     6427.90000	     4.36625e-18	
     6429.80000	     3.68439e-18	
     6431.70000	     4.59483e-18	
     6433.60000	     4.51295e-18	
     6435.50000	     4.84051e-18	
     6437.40000	     5.23779e-18	
     6439.30000	     5.29345e-18	
     6441.20000	     4.63315e-18	
     6443.10000	     4.67161e-18	
     6445.00000	     5.30036e-18	
     6446.90000	     5.72086e-18	
     6448.80000	     6.39418e-18	
     6450.70000	     5.24167e-18	
     6452.60000	     5.65389e-18	
     6454.50000	     5.30207e-18	
     6456.40000	     4.36205e-18	
     6458.30000	     5.12356e-18	
     6460.20000	     5.64480e-18	
     6462.10000	     4.60429e-18	
     6464.00000	     5.07411e-18	
     6465.90000	     3.97329e-18	
     6467.80000	     4.29047e-18	
     6469.70000	     5.44320e-18	
     6471.60000	     4.83827e-18	
     6473.50000	     1.39428e-17	
     6475.40000	     2.21997e-17	
     6477.30000	     1.08614e-17	
     6479.20000	     5.89802e-18	
     6481.10000	     6.01933e-18	
     6483.00000	     6.07348e-18	
     6484.90000	     5.35306e-18	
     6486.80000	     4.57683e-18	
     6488.70000	     5.01638e-18	
     6490.60000	     5.50371e-18	
     6492.50000	     4.16724e-18	
     6494.40000	     4.53737e-18	
     6496.30000	     7.38036e-18	
     6498.20000	     7.62956e-18	
     6500.10000	     6.24765e-18	
     6502.00000	     5.37392e-18	
     6503.90000	     6.20528e-18	
     6505.80000	     5.52070e-18	
     6507.70000	     6.51913e-18	
     6509.60000	     6.91068e-18	
     6511.50000	     6.18864e-18	
     6513.40000	     6.36614e-18	
     6515.30000	     7.76406e-18	
     6517.20000	     8.63417e-18	
     6519.10000	     7.31959e-18	
     6521.00000	     7.76968e-18	
     6522.90000	     7.94676e-18	
     6524.80000	     8.51830e-18	
     6526.70000	     8.30985e-18	
     6528.60000	     7.51602e-18	
     6530.50000	     7.52033e-18	
     6532.40000	     9.18774e-18	
     6534.30000	     8.93500e-18	
     6536.20000	     8.85409e-18	
     6538.10000	     9.13816e-18	
     6540.00000	     8.93716e-18	
     6541.90000	     9.58510e-18	
     6543.80000	     9.04774e-18	
     6545.70000	     8.28878e-18	
     6547.60000	     8.22660e-18	
     6549.50000	     7.78914e-18	
     6551.40000	     9.39557e-18	
     6553.30000	     1.07756e-17	
     6555.20000	     9.24888e-18	
     6557.10000	     8.43340e-18	
     6559.00000	     1.08896e-17	
     6560.90000	     9.27174e-18	
     6562.80000	     8.52040e-18	
     6564.70000	     8.81823e-18	
     6566.60000	     9.71044e-18	
     6568.50000	     9.87410e-18	
     6570.40000	     8.87788e-18	
     6572.30000	     8.33800e-18	
     6574.20000	     8.14066e-18	
     6576.10000	     7.97991e-18	
     6578.00000	     8.38272e-18	
     6579.90000	     8.06817e-18	
     6581.80000	     7.79997e-18	
     6583.70000	     8.58072e-18	
     6585.60000	     7.53374e-18	
     6587.50000	     7.03024e-18	
     6589.40000	     8.09463e-18	
     6591.30000	     9.21837e-18	
     6593.20000	     8.81963e-18	
     6595.10000	     9.35562e-18	
     6597.00000	     7.89667e-18	
     6598.90000	     8.75675e-18	
     6600.80000	     9.86428e-18	
     6602.70000	     8.53085e-18	
     6604.60000	     8.64940e-18	
     6606.50000	     7.60394e-18	
     6608.40000	     9.10302e-18	
     6610.30000	     8.16279e-18	
     6612.20000	     9.55075e-18	
     6614.10000	     1.05419e-17	
     6616.00000	     9.62053e-18	
     6617.90000	     9.54117e-18	
     6619.80000	     9.30196e-18	
     6621.70000	     9.63837e-18	
     6623.60000	     9.68225e-18	
     6625.50000	     1.01042e-17	
     6627.40000	     9.76360e-18	
     6629.30000	     1.02235e-17	
     6631.20000	     8.66561e-18	
     6633.10000	     9.29666e-18	
     6635.00000	     9.85182e-18	
     6636.90000	     9.16953e-18	
     6638.80000	     8.07875e-18	
     6640.70000	     8.08855e-18	
     6642.60000	     9.61533e-18	
     6644.50000	     9.48959e-18	
     6646.40000	     1.02149e-17	
     6648.30000	     9.94607e-18	
     6650.20000	     1.09309e-17	
     6652.10000	     9.67154e-18	
     6654.00000	     9.91586e-18	
     6655.90000	     1.00053e-17	
     6657.80000	     1.05289e-17	
     6659.70000	     9.78065e-18	
     6661.60000	     9.89585e-18	
     6663.50000	     1.00528e-17	
     6665.40000	     9.94465e-18	
     6667.30000	     1.03087e-17	
     6669.20000	     1.02658e-17	
     6671.10000	     1.05423e-17	
     6673.00000	     9.66955e-18	
     6674.90000	     9.69960e-18	
     6676.80000	     8.81572e-18	
     6678.70000	     9.24780e-18	
     6680.60000	     1.01867e-17	
     6682.50000	     1.04738e-17	
     6684.40000	     1.00189e-17	
     6686.30000	     1.02452e-17	
     6688.20000	     1.00892e-17	
     6690.10000	     1.01043e-17	
     6692.00000	     1.11207e-17	
     6693.90000	     1.04486e-17	
     6695.80000	     9.39805e-18	
     6697.70000	     9.67232e-18	
     6699.60000	     8.67339e-18	
     6701.50000	     9.05857e-18	
     6703.40000	     9.38284e-18	
     6705.30000	     8.99341e-18	
     6707.20000	     9.06522e-18	
     6709.10000	     9.55363e-18	
     6711.00000	     9.35678e-18	
     6712.90000	     1.00614e-17	
     6714.80000	     9.73119e-18	
     6716.70000	     9.60788e-18	
     6718.60000	     9.24607e-18	
     6720.50000	     1.04520e-17	
     6722.40000	     1.09668e-17	
     6724.30000	     9.59110e-18	
     6726.20000	     9.22882e-18	
     6728.10000	     9.73036e-18	
     6730.00000	     1.10948e-17	
     6731.90000	     1.19702e-17	
     6733.80000	     1.19603e-17	
     6735.70000	     1.19677e-17	
     6737.60000	     1.17712e-17	
     6739.50000	     1.14130e-17	
     6741.40000	     1.13827e-17	
     6743.30000	     1.09571e-17	
     6745.20000	     1.09697e-17	
     6747.10000	     1.14490e-17	
     6749.00000	     1.15567e-17	
     6750.90000	     1.09094e-17	
     6752.80000	     1.19615e-17	
     6754.70000	     1.27299e-17	
     6756.60000	     1.07738e-17	
     6758.50000	     1.20573e-17	
     6760.40000	     1.18815e-17	
     6762.30000	     1.23269e-17	
     6764.20000	     1.14511e-17	
     6766.10000	     1.12155e-17	
     6768.00000	     1.26438e-17	
     6769.90000	     1.14246e-17	
     6771.80000	     1.19986e-17	
     6773.70000	     1.20252e-17	
     6775.60000	     1.07822e-17	
     6777.50000	     1.19627e-17	
     6779.40000	     1.23620e-17	
     6781.30000	     1.06868e-17	
     6783.20000	     1.11015e-17	
     6785.10000	     1.11799e-17	
     6787.00000	     1.16305e-17	
     6788.90000	     1.19489e-17	
     6790.80000	     1.20779e-17	
     6792.70000	     1.10471e-17	
     6794.60000	     1.16779e-17	
     6796.50000	     1.11629e-17	
     6798.40000	     1.16554e-17	
     6800.30000	     1.06270e-17	
     6802.20000	     1.18800e-17	
     6804.10000	     1.14839e-17	
     6806.00000	     1.50825e-17	
     6807.90000	     1.69907e-17	
     6809.80000	     1.11015e-17	
     6811.70000	     1.14123e-17	
     6813.60000	     1.10507e-17	
     6815.50000	     1.23455e-17	
     6817.40000	     1.12370e-17	
     6819.30000	     1.13178e-17	
     6821.20000	     1.06232e-17	
     6823.10000	     1.11278e-17	
     6825.00000	     1.15423e-17	
     6826.90000	     1.13566e-17	
     6828.80000	     1.17677e-17	
     6830.70000	     1.10542e-17	
     6832.60000	     1.03520e-17	
     6834.50000	     1.12188e-17	
     6836.40000	     1.18217e-17	
     6838.30000	     1.04341e-17	
     6840.20000	     1.03066e-17	
     6842.10000	     1.06573e-17	
     6844.00000	     1.00936e-17	
     6845.90000	     1.06288e-17	
     6847.80000	     1.02730e-17	
     6849.70000	     1.09701e-17	
     6851.60000	     1.13752e-17	
     6853.50000	     1.06948e-17	
     6855.40000	     1.01833e-17	
     6857.30000	     1.01542e-17	
     6859.20000	     1.06831e-17	
     6861.10000	     1.15109e-17	
     6863.00000	     1.19246e-17	
     6864.90000	     1.00718e-17	
     6866.80000	     8.93503e-18	
     6868.70000	     9.81216e-18	
     6870.60000	     9.07740e-18	
     6872.50000	     8.28409e-18	
     6874.40000	     9.74459e-18	
     6876.30000	     1.11137e-17	
     6878.20000	     1.09409e-17	
     6880.10000	     1.01645e-17	
     6882.00000	     1.02871e-17	
     6883.90000	     1.03697e-17	
     6885.80000	     9.40531e-18	
     6887.70000	     9.38002e-18	
     6889.60000	     9.57329e-18	
     6891.50000	     8.71625e-18	
     6893.40000	     7.32800e-18	
     6895.30000	     1.03942e-17	
     6897.20000	     1.09318e-17	
     6899.10000	     8.95460e-18	
     6901.00000	     1.05779e-17	
     6902.90000	     9.54289e-18	
     6904.80000	     1.01115e-17	
     6906.70000	     1.10280e-17	
     6908.60000	     1.04459e-17	
     6910.50000	     1.13781e-17	
     6912.40000	     1.16774e-17	
     6914.30000	     1.09823e-17	
     6916.20000	     1.06062e-17	
     6918.10000	     9.87734e-18	
     6920.00000	     1.01854e-17	
     6921.90000	     1.14036e-17	
     6923.80000	     1.06369e-17	
     6925.70000	     1.18232e-17	
     6927.60000	     1.14580e-17	
     6929.50000	     1.18738e-17	
     6931.40000	     1.25157e-17	
     6933.30000	     1.24659e-17	
     6935.20000	     1.24778e-17	
     6937.10000	     1.21741e-17	
     6939.00000	     1.31149e-17	
     6940.90000	     1.31537e-17	
     6942.80000	     1.43443e-17	
     6944.70000	     1.43168e-17	
     6946.60000	     1.43731e-17	
     6948.50000	     1.41861e-17	
     6950.40000	     1.47790e-17	
     6952.30000	     1.46527e-17	
     6954.20000	     1.50225e-17	
     6956.10000	     1.38972e-17	
     6958.00000	     1.43963e-17	
     6959.90000	     1.49332e-17	
     6961.80000	     1.51280e-17	
     6963.70000	     1.46324e-17	
     6965.60000	     1.46237e-17	
     6967.50000	     1.46220e-17	
     6969.40000	     1.31832e-17	
     6971.30000	     1.47466e-17	
     6973.20000	     1.42297e-17	
     6975.10000	     1.47344e-17	
     6977.00000	     1.55772e-17	
     6978.90000	     1.34079e-17	
     6980.80000	     1.41138e-17	
     6982.70000	     1.50910e-17	
     6984.60000	     1.44193e-17	
     6986.50000	     1.40486e-17	
     6988.40000	     1.47502e-17	
     6990.30000	     1.51939e-17	
     6992.20000	     1.52025e-17	
     6994.10000	     1.53150e-17	
     6996.00000	     1.43613e-17	
     6997.90000	     1.50991e-17	
     6999.80000	     1.48139e-17	
     7001.70000	     1.57394e-17	
     7003.60000	     1.60463e-17	
     7005.50000	     1.66778e-17	
     7007.40000	     1.62125e-17	
     7009.30000	     1.68142e-17	
     7011.20000	     1.70422e-17	
     7013.10000	     1.75906e-17	
     7015.00000	     1.65456e-17	
     7016.90000	     1.70480e-17	
     7018.80000	     1.71958e-17	
     7020.70000	     1.77620e-17	
     7022.60000	     1.82669e-17	
     7024.50000	     1.91636e-17	
     7026.40000	     1.91846e-17	
     7028.30000	     1.97951e-17	
     7030.20000	     1.96163e-17	
     7032.10000	     1.97901e-17	
     7034.00000	     2.04043e-17	
     7035.90000	     2.12846e-17	
     7037.80000	     2.17774e-17	
     7039.70000	     2.20584e-17	
     7041.60000	     2.14422e-17	
     7043.50000	     2.23681e-17	
     7045.40000	     2.26029e-17	
     7047.30000	     2.33146e-17	
     7049.20000	     2.26543e-17	
     7051.10000	     2.09870e-17	
     7053.00000	     1.90995e-17	
     7054.90000	     1.67599e-17	
     7056.80000	     1.66492e-17	
     7058.70000	     1.50592e-17	
     7060.60000	     1.61178e-17	
     7062.50000	     1.51467e-17	
     7064.40000	     1.61127e-17	
     7066.30000	     1.75693e-17	
     7068.20000	     1.67876e-17	
     7070.10000	     1.76254e-17	
     7072.00000	     1.84870e-17	
     7073.90000	     1.73145e-17	
     7075.80000	     1.66251e-17	
     7077.70000	     1.75843e-17	
     7079.60000	     1.81560e-17	
     7081.50000	     1.79280e-17	
     7083.40000	     1.77602e-17	
     7085.30000	     1.66092e-17	
     7087.20000	     1.56159e-17	
     7089.10000	     1.40790e-17	
     7091.00000	     1.41807e-17	
     7092.90000	     1.57244e-17	
     7094.80000	     1.60163e-17	
     7096.70000	     1.62273e-17	
     7098.60000	     1.65346e-17	
     7100.50000	     1.62751e-17	
     7102.40000	     1.65653e-17	
     7104.30000	     1.69874e-17	
     7106.20000	     1.62904e-17	
     7108.10000	     1.68869e-17	
     7110.00000	     1.72375e-17	
     7111.90000	     1.71035e-17	
     7113.80000	     1.73038e-17	
     7115.70000	     1.73673e-17	
     7117.60000	     1.81933e-17	
     7119.50000	     2.03567e-17	
     7121.40000	     1.72238e-17	
     7123.30000	     1.68632e-17	
     7125.20000	     1.68133e-17	
     7127.10000	     1.63883e-17	
     7129.00000	     1.66509e-17	
     7130.90000	     1.62207e-17	
     7132.80000	     1.66454e-17	
     7134.70000	     1.59905e-17	
     7136.60000	     1.64011e-17	
     7138.50000	     1.63713e-17	
     7140.40000	     1.66793e-17	
     7142.30000	     1.78172e-17	
     7144.20000	     1.81383e-17	
     7146.10000	     1.74630e-17	
     7148.00000	     1.61734e-17	
     7149.90000	     1.71166e-17	
     7151.80000	     1.78644e-17	
     7153.70000	     1.89755e-17	
     7155.60000	     2.00007e-17	
     7157.50000	     1.80348e-17	
     7159.40000	     1.68115e-17	
     7161.30000	     1.76873e-17	
     7163.20000	     1.85412e-17	
     7165.10000	     1.73614e-17	
     7167.00000	     1.72137e-17	
     7168.90000	     1.80723e-17	
     7170.80000	     1.81893e-17	
     7172.70000	     1.69555e-17	
     7174.60000	     1.73811e-17	
     7176.50000	     1.90787e-17	
     7178.40000	     1.88867e-17	
     7180.30000	     1.88930e-17	
     7182.20000	     1.83147e-17	
     7184.10000	     1.86381e-17	
     7186.00000	     1.88944e-17	
     7187.90000	     2.07427e-17	
     7189.80000	     1.91754e-17	
     7191.70000	     1.90713e-17	
     7193.60000	     1.97989e-17	
     7195.50000	     1.96375e-17	
     7197.40000	     1.89415e-17	
     7199.30000	     1.86861e-17	
     7201.20000	     1.90790e-17	
     7203.10000	     2.01379e-17	
     7205.00000	     2.01569e-17	
     7206.90000	     2.10134e-17	
     7208.80000	     2.06470e-17	
     7210.70000	     2.16585e-17	
     7212.60000	     2.16242e-17	
     7214.50000	     2.05847e-17	
     7216.40000	     2.13103e-17	
     7218.30000	     2.11118e-17	
     7220.20000	     2.00797e-17	
     7222.10000	     2.15312e-17	
     7224.00000	     2.21114e-17	
     7225.90000	     2.16756e-17	
     7227.80000	     2.27499e-17	
     7229.70000	     2.43796e-17	
     7231.60000	     2.46580e-17	
     7233.50000	     2.44769e-17	
     7235.40000	     2.30426e-17	
     7237.30000	     2.32891e-17	
     7239.20000	     2.24228e-17	
     7241.10000	     2.21837e-17	
     7243.00000	     2.16292e-17	
     7244.90000	     2.35777e-17	
     7246.80000	     2.42263e-17	
     7248.70000	     2.46575e-17	
     7250.60000	     2.47366e-17	
     7252.50000	     2.52001e-17	
     7254.40000	     2.68624e-17	
     7256.30000	     2.73519e-17	
     7258.20000	     2.63472e-17	
     7260.10000	     2.65221e-17	
     7262.00000	     2.66599e-17	
     7263.90000	     2.65519e-17	
     7265.80000	     2.78608e-17	
     7267.70000	     2.67156e-17	
     7269.60000	     2.60382e-17	
     7271.50000	     2.70063e-17	
     7273.40000	     2.79549e-17	
     7275.30000	     2.60327e-17	
     7277.20000	     2.79809e-17	
     7279.10000	     2.77672e-17	
     7281.00000	     2.75260e-17	
     7282.90000	     2.79876e-17	
     7284.80000	     2.87712e-17	
     7286.70000	     2.77089e-17	
     7288.60000	     2.79658e-17	
     7290.50000	     2.98539e-17	
     7292.40000	     3.01108e-17	
     7294.30000	     3.19841e-17	
     7296.20000	     3.17659e-17	
     7298.10000	     3.17447e-17	
     7300.00000	     3.21199e-17	
     7301.90000	     3.28812e-17	
     7303.80000	     3.10062e-17	
     7305.70000	     3.28789e-17	
     7307.60000	     3.36068e-17	
     7309.50000	     3.28233e-17	
     7311.40000	     3.44159e-17	
     7313.30000	     3.52377e-17	
     7315.20000	     3.64508e-17	
     7317.10000	     3.76442e-17	
     7319.00000	     3.82790e-17	
     7320.90000	     3.71417e-17	
     7322.80000	     3.68212e-17	
     7324.70000	     3.80937e-17	
     7326.60000	     3.64032e-17	
     7328.50000	     3.61574e-17	
     7330.40000	     3.58111e-17	
     7332.30000	     3.67781e-17	
     7334.20000	     3.82133e-17	
     7336.10000	     3.89476e-17	
     7338.00000	     4.12027e-17	
     7339.90000	     4.14425e-17	
     7341.80000	     3.88167e-17	
     7343.70000	     3.70669e-17	
     7345.60000	     4.20972e-17	
     7347.50000	     4.58580e-17	
     7349.40000	     3.93922e-17	
     7351.30000	     3.77780e-17	
     7353.20000	     3.60692e-17	
     7355.10000	     3.68006e-17	
     7357.00000	     3.74815e-17	
     7358.90000	     3.66892e-17	
     7360.80000	     3.73333e-17	
     7362.70000	     4.01223e-17	
     7364.60000	     4.15810e-17	
     7366.50000	     4.02837e-17	
     7368.40000	     4.06368e-17	
     7370.30000	     4.02000e-17	
     7372.20000	     3.89205e-17	
     7374.10000	     3.65934e-17	
     7376.00000	     3.65457e-17	
     7377.90000	     3.71326e-17	
     7379.80000	     3.88133e-17	
     7381.70000	     3.95478e-17	
     7383.60000	     3.75270e-17	
     7385.50000	     3.87964e-17	
     7387.40000	     4.07245e-17	
     7389.30000	     3.98576e-17	
     7391.20000	     3.74507e-17	
     7393.10000	     3.61862e-17	
     7395.00000	     3.52697e-17	
     7396.90000	     3.62474e-17	
     7398.80000	     3.82813e-17	
     7400.70000	     3.71410e-17	
     7402.60000	     3.55012e-17	
     7404.50000	     3.55751e-17	
     7406.40000	     3.59334e-17	
     7408.30000	     3.69576e-17	
     7410.20000	     3.76916e-17	
     7412.10000	     3.90177e-17	
     7414.00000	     3.85363e-17	
     7415.90000	     3.61364e-17	
     7417.80000	     3.43695e-17	
     7419.70000	     3.50797e-17	
     7421.60000	     3.50167e-17	
     7423.50000	     3.66510e-17	
     7425.40000	     3.66350e-17	
     7427.30000	     3.78576e-17	
     7429.20000	     3.92466e-17	
     7431.10000	     3.72504e-17	
     7433.00000	     3.59462e-17	
     7434.90000	     3.44532e-17	
     7436.80000	     3.44332e-17	
     7438.70000	     3.56147e-17	
     7440.60000	     3.41017e-17	
     7442.50000	     3.34355e-17	
     7444.40000	     3.31779e-17	
     7446.30000	     3.35148e-17	
     7448.20000	     3.39679e-17	
     7450.10000	     3.55084e-17	
     7452.00000	     3.51460e-17	
     7453.90000	     3.54886e-17	
     7455.80000	     3.33078e-17	
     7457.70000	     3.43800e-17	
     7459.60000	     3.35599e-17	
     7461.50000	     3.42668e-17	
     7463.40000	     3.54191e-17	
     7465.30000	     3.55844e-17	
     7467.20000	     3.65811e-17	
     7469.10000	     3.58284e-17	
     7471.00000	     3.37513e-17	
     7472.90000	     3.45508e-17	
     7474.80000	     3.59774e-17	
     7476.70000	     3.66338e-17	
     7478.60000	     3.61860e-17	
     7480.50000	     3.73031e-17	
     7482.40000	     3.71280e-17	
     7484.30000	     3.71594e-17	
     7486.20000	     3.85994e-17	
     7488.10000	     3.82346e-17	
     7490.00000	     3.67109e-17	
     7491.90000	     3.53831e-17	
     7493.80000	     3.58636e-17	
     7495.70000	     3.67619e-17	
     7497.60000	     3.88706e-17	
     7499.50000	     3.83647e-17	
     7501.40000	     3.82471e-17	
     7503.30000	     3.78838e-17	
     7505.20000	     3.76509e-17	
     7507.10000	     3.84386e-17	
     7509.00000	     3.99685e-17	
     7510.90000	     3.89383e-17	
     7512.80000	     3.80946e-17	
     7514.70000	     3.76935e-17	
     7516.60000	     3.89053e-17	
     7518.50000	     3.71968e-17	
     7520.40000	     3.68978e-17	
     7522.30000	     3.74156e-17	
     7524.20000	     3.70493e-17	
     7526.10000	     3.83309e-17	
     7528.00000	     3.91767e-17	
     7529.90000	     4.20384e-17	
     7531.80000	     4.03056e-17	
     7533.70000	     4.10461e-17	
     7535.60000	     4.32089e-17	
     7537.50000	     4.37701e-17	
     7539.40000	     4.33261e-17	
     7541.30000	     4.34679e-17	
     7543.20000	     4.26133e-17	
     7545.10000	     4.28580e-17	
     7547.00000	     4.23089e-17	
     7548.90000	     4.26735e-17	
     7550.80000	     4.23807e-17	
     7552.70000	     4.16292e-17	
     7554.60000	     4.24105e-17	
     7556.50000	     4.32961e-17	
     7558.40000	     4.38906e-17	
     7560.30000	     4.42185e-17	
     7562.20000	     4.48168e-17	
     7564.10000	     5.47113e-17	
     7566.00000	     5.35692e-17	
     7567.90000	     4.10523e-17	
     7569.80000	     4.40087e-17	
     7571.70000	     4.43881e-17	
     7573.60000	     4.27795e-17	
     7575.50000	     4.09576e-17	
     7577.40000	     4.16392e-17	
     7579.30000	     4.39154e-17	
     7581.20000	     4.59880e-17	
     7583.10000	     4.55099e-17	
     7585.00000	     4.08838e-17	
     7586.90000	     3.59898e-17	
     7588.80000	     3.20443e-17	
     7590.70000	     2.81115e-17	
     7592.60000	     2.27926e-17	
     7594.50000	     1.88624e-17	
     7596.40000	     1.64418e-17	
     7598.30000	     1.56811e-17	
     7600.20000	     1.38534e-17	
     7602.10000	     1.45540e-17	
     7604.00000	     1.45013e-17	
     7605.90000	     1.41220e-17	
     7607.80000	     1.52393e-17	
     7609.70000	     1.71445e-17	
     7611.60000	     2.02400e-17	
     7613.50000	     2.47923e-17	
     7615.40000	     2.99915e-17	
     7617.30000	     3.00244e-17	
     7619.20000	     2.55050e-17	
     7621.10000	     2.11297e-17	
     7623.00000	     1.94507e-17	
     7624.90000	     1.74833e-17	
     7626.80000	     1.76632e-17	
     7628.70000	     1.67339e-17	
     7630.60000	     1.73091e-17	
     7632.50000	     1.68662e-17	
     7634.40000	     1.72025e-17	
     7636.30000	     1.70206e-17	
     7638.20000	     1.55401e-17	
     7640.10000	     1.58901e-17	
     7642.00000	     1.43936e-17	
     7643.90000	     1.47698e-17	
     7645.80000	     1.91188e-17	
     7647.70000	     2.01612e-17	
     7649.60000	     1.34085e-17	
     7651.50000	     1.27588e-17	
     7653.40000	     1.03271e-17	
     7655.30000	     7.92023e-18	
     7657.20000	     7.59791e-18	
     7659.10000	     6.30274e-18	
     7661.00000	     4.59312e-18	
     7662.90000	     3.06136e-18	
     7664.80000	     3.06089e-18	
     7666.70000	     5.44426e-18	
     7668.60000	     6.69258e-18	
     7670.50000	     8.88261e-18	
     7672.40000	     1.19055e-17	
     7674.30000	     1.29754e-17	
     7676.20000	     1.36630e-17	
     7678.10000	     1.47955e-17	
     7680.00000	     1.64373e-17	
     7681.90000	     1.75871e-17	
     7683.80000	     1.71191e-17	
     7685.70000	     1.57117e-17	
     7687.60000	     1.47708e-17	
     7689.50000	     1.29984e-17	
     7691.40000	     1.26175e-17	
     7693.30000	     8.50705e-18	
     7695.20000	     5.40286e-18	
     7697.10000	     3.29531e-18	
     7699.00000	     4.78873e-18	
     7700.90000	     8.70788e-18	
     7702.80000	     1.05810e-17	
     7704.70000	     1.43247e-17	
     7706.60000	     1.50878e-17	
     7708.50000	     1.75350e-17	
     7710.40000	     2.07163e-17	
     7712.30000	     2.04574e-17	
     7714.20000	     2.20053e-17	
     7716.10000	     2.57670e-17	
     7718.00000	     2.31797e-17	
     7719.90000	     2.47525e-17	
     7721.80000	     2.67133e-17	
     7723.70000	     2.79944e-17	
     7725.60000	     2.61018e-17	
     7727.50000	     2.70271e-17	
     7729.40000	     2.81262e-17	
     7731.30000	     3.10234e-17	
     7733.20000	     3.22314e-17	
     7735.10000	     3.37732e-17	
     7737.00000	     3.35085e-17	
     7738.90000	     3.47808e-17	
     7740.80000	     3.48891e-17	
     7742.70000	     3.30803e-17	
     7744.60000	     3.19413e-17	
     7746.50000	     3.18853e-17	
     7748.40000	     3.09954e-17	
     7750.30000	     3.12731e-17	
     7752.20000	     3.32572e-17	
     7754.10000	     3.15257e-17	
     7756.00000	     3.23242e-17	
     7757.90000	     3.39063e-17	
     7759.80000	     3.23064e-17	
     7761.70000	     3.20614e-17	
     7763.60000	     3.42513e-17	
     7765.50000	     3.59812e-17	
     7767.40000	     3.68733e-17	
     7769.30000	     3.58693e-17	
     7771.20000	     3.65897e-17	
     7773.10000	     3.65571e-17	
     7775.00000	     3.55691e-17	
     7776.90000	     2.98112e-17	
     7778.80000	     7.46828e-17	
     7780.70000	     8.12654e-17	
     7782.60000	     3.96783e-17	
     7784.50000	     3.46752e-17	
     7786.40000	     3.64660e-17	
     7788.30000	     3.37284e-17	
     7790.20000	     3.47878e-17	
     7792.10000	     3.73507e-17	
     7794.00000	     3.57064e-17	
     7795.90000	     3.04308e-17	
     7797.80000	     2.47796e-17	
     7799.70000	     2.71677e-17	
     7801.60000	     3.54651e-17	
     7803.50000	     4.22052e-17	
     7805.40000	     4.33619e-17	
     7807.30000	     4.21878e-17	
     7809.20000	     4.34227e-17	
     7811.10000	     4.25309e-17	
     7813.00000	     4.40484e-17	
     7814.90000	     4.36849e-17	
     7816.80000	     4.16575e-17	
     7818.70000	     4.22489e-17	
     7820.60000	     4.28853e-17	
     7822.50000	     4.06479e-17	
     7824.40000	     3.96264e-17	
     7826.30000	     4.00846e-17	
     7828.20000	     4.04090e-17	
     7830.10000	     3.98180e-17	
     7832.00000	     4.20233e-17	
     7833.90000	     4.15285e-17	
     7835.80000	     4.11017e-17	
     7837.70000	     4.00237e-17	
     7839.60000	     4.28350e-17	
     7841.50000	     4.53999e-17	
     7843.40000	     4.48015e-17	
     7845.30000	     4.70045e-17	
     7847.20000	     4.60978e-17	
     7849.10000	     4.35576e-17	
     7851.00000	     4.10233e-17	
     7852.90000	     4.35602e-17	
     7854.80000	     4.51904e-17	
     7856.70000	     4.43899e-17	
     7858.60000	     4.60803e-17	
     7860.50000	     4.47362e-17	
     7862.40000	     4.23562e-17	
     7864.30000	     4.12774e-17	
     7866.20000	     4.11373e-17	
     7868.10000	     3.93734e-17	
     7870.00000	     3.75125e-17	
     7871.90000	     4.15565e-17	
     7873.80000	     4.52393e-17	
     7875.70000	     4.63436e-17	
     7877.60000	     4.68098e-17	
     7879.50000	     4.70778e-17	
     7881.40000	     4.88811e-17	
     7883.30000	     4.79135e-17	
     7885.20000	     4.56626e-17	
     7887.10000	     4.33379e-17	
     7889.00000	     4.57407e-17	
     7890.90000	     4.73695e-17	
     7892.80000	     4.57981e-17	
     7894.70000	     4.37239e-17	
     7896.60000	     4.34614e-17	
     7898.50000	     4.29105e-17	
     7900.40000	     4.45253e-17	
     7902.30000	     4.58473e-17	
     7904.20000	     4.49763e-17	
     7906.10000	     4.26079e-17	
     7908.00000	     3.91833e-17	
     7909.90000	     3.94876e-17	
     7911.80000	     4.46345e-17	
     7913.70000	     4.37037e-17	
     7915.60000	     4.13984e-17	
     7917.50000	     4.20191e-17	
     7919.40000	     4.24015e-17	
     7921.30000	     4.32600e-17	
     7923.20000	     4.43051e-17	
     7925.10000	     4.44719e-17	
     7927.00000	     4.36811e-17	
     7928.90000	     4.77659e-17	
     7930.80000	     4.93585e-17	
     7932.70000	     4.71523e-17	
     7934.60000	     4.72456e-17	
     7936.50000	     4.41236e-17	
     7938.40000	     4.05896e-17	
     7940.30000	     4.22775e-17	
     7942.20000	     3.96880e-17	
     7944.10000	     3.28574e-17	
     7946.00000	     2.95567e-17	
     7947.90000	     3.85523e-17	
     7949.80000	     4.51423e-17	
     7951.70000	     4.87845e-17	
     7953.60000	     4.90575e-17	
     7955.50000	     4.83312e-17	
     7957.40000	     4.48542e-17	
     7959.30000	     4.46896e-17	
     7961.20000	     4.59034e-17	
     7963.10000	     4.72078e-17	
     7965.00000	     4.95754e-17	
     7966.90000	     4.92765e-17	
     7968.80000	     5.20203e-17	
     7970.70000	     4.92689e-17	
     7972.60000	     4.71747e-17	
     7974.50000	     4.74401e-17	
     7976.40000	     4.75309e-17	
     7978.30000	     4.66643e-17	
     7980.20000	     4.54956e-17	
     7982.10000	     4.39044e-17	
     7984.00000	     4.30519e-17	
     7985.90000	     4.29901e-17	
     7987.80000	     4.61191e-17	
     7989.70000	     4.88949e-17	
     7991.60000	     4.77076e-17	
     7993.50000	     5.00079e-17	
     7995.40000	     4.90101e-17	
     7997.30000	     4.91416e-17	
     7999.20000	     4.86263e-17	
     8001.10000	     4.87494e-17	
     8003.00000	     5.05522e-17	
     8004.90000	     5.04849e-17	
     8006.80000	     5.12318e-17	
     8008.70000	     5.18791e-17	
     8010.60000	     5.36698e-17	
     8012.50000	     5.42402e-17	
     8014.40000	     5.42003e-17	
     8016.30000	     5.58874e-17	
     8018.20000	     5.71221e-17	
     8020.10000	     5.96618e-17	
     8022.00000	     6.08654e-17	
     8023.90000	     6.12925e-17	
     8025.80000	     6.37792e-17	
     8027.70000	     6.29202e-17	
     8029.60000	     6.23832e-17	
     8031.50000	     6.34244e-17	
     8033.40000	     6.36331e-17	
     8035.30000	     6.22946e-17	
     8037.20000	     6.22211e-17	
     8039.10000	     6.43121e-17	
     8041.00000	     6.60841e-17	
     8042.90000	     6.55438e-17	
     8044.80000	     6.72651e-17	
     8046.70000	     6.89747e-17	
     8048.60000	     7.30776e-17	
     8050.50000	     7.51647e-17	
     8052.40000	     7.51448e-17	
     8054.30000	     7.57466e-17	
     8056.20000	     7.72991e-17	
     8058.10000	     7.61043e-17	
     8060.00000	     7.52847e-17	
     8061.90000	     7.31792e-17	
     8063.80000	     7.52908e-17	
     8065.70000	     7.77356e-17	
     8067.60000	     7.63201e-17	
     8069.50000	     8.00129e-17	
     8071.40000	     8.28106e-17	
     8073.30000	     8.40930e-17	
     8075.20000	     8.67315e-17	
     8077.10000	     8.72124e-17	
     8079.00000	     9.03818e-17	
     8080.90000	     9.13571e-17	
     8082.80000	     9.30220e-17	
     8084.70000	     1.04902e-16	
     8086.60000	     1.17028e-16	
     8088.50000	     9.54513e-17	
     8090.40000	     9.22054e-17	
     8092.30000	     9.10532e-17	
     8094.20000	     8.97318e-17	
     8096.10000	     8.88971e-17	
     8098.00000	     8.91536e-17	
     8099.90000	     8.91876e-17	
     8101.80000	     9.40217e-17	
     8103.70000	     9.69942e-17	
     8105.60000	     1.02460e-16	
     8107.50000	     1.00037e-16	
     8109.40000	     1.02080e-16	
     8111.30000	     9.93338e-17	
     8113.20000	     9.94069e-17	
     8115.10000	     1.03322e-16	
     8117.00000	     1.04810e-16	
     8118.90000	     1.07864e-16	
     8120.80000	     1.05775e-16	
     8122.70000	     1.08673e-16	
     8124.60000	     1.12101e-16	
     8126.50000	     1.11583e-16	
     8128.40000	     1.08766e-16	
     8130.30000	     1.07888e-16	
     8132.20000	     1.09246e-16	
     8134.10000	     1.12623e-16	
     8136.00000	     1.15395e-16	
     8137.90000	     1.12272e-16	
     8139.80000	     1.05925e-16	
     8141.70000	     1.05045e-16	
     8143.60000	     1.04090e-16	
     8145.50000	     1.02966e-16	
     8147.40000	     1.06646e-16	
     8149.30000	     1.10066e-16	
     8151.20000	     1.09238e-16	
     8153.10000	     1.11148e-16	
     8155.00000	     1.12616e-16	
     8156.90000	     1.09432e-16	
     8158.80000	     1.08929e-16	
     8160.70000	     1.12083e-16	
     8162.60000	     1.16257e-16	
     8164.50000	     1.19492e-16	
     8166.40000	     1.22122e-16	
     8168.30000	     1.25427e-16	
     8170.20000	     1.26760e-16	
     8172.10000	     1.22171e-16	
     8174.00000	     1.15409e-16	
     8175.90000	     1.12482e-16	
     8177.80000	     9.96859e-17	
     8179.70000	     8.39856e-17	
     8181.60000	     8.82004e-17	
     8183.50000	     1.00067e-16	
     8185.40000	     1.04808e-16	
     8187.30000	     1.06974e-16	
     8189.20000	     9.67335e-17	
     8191.10000	     7.89524e-17	
     8193.00000	     7.43676e-17	
     8194.90000	     8.28471e-17	
     8196.80000	     9.24035e-17	
     8198.70000	     1.03452e-16	
     8200.60000	     1.13296e-16	
     8202.50000	     1.10607e-16	
     8204.40000	     1.05855e-16	
     8206.30000	     1.07511e-16	
     8208.20000	     1.09684e-16	
     8210.10000	     1.11018e-16	
     8212.00000	     1.11785e-16	
     8213.90000	     1.09749e-16	
     8215.80000	     1.09936e-16	
     8217.70000	     1.12951e-16	
     8219.60000	     1.17335e-16	
     8221.50000	     1.17944e-16	
     8223.40000	     1.10987e-16	
     8225.30000	     1.10977e-16	
     8227.20000	     1.17980e-16	
     8229.10000	     1.18820e-16	
     8231.00000	     1.19928e-16	
     8232.90000	     1.23317e-16	
     8234.80000	     1.26821e-16	
     8236.70000	     1.27502e-16	
     8238.60000	     1.29089e-16	
     8240.50000	     1.29200e-16	
     8242.40000	     1.32127e-16	
     8244.30000	     1.33337e-16	
     8246.20000	     1.33205e-16	
     8248.10000	     1.27568e-16	
     8250.00000	     1.20610e-16	
     8251.90000	     1.14566e-16	
     8253.80000	     1.15682e-16	
     8255.70000	     1.21506e-16	
     8257.60000	     1.26779e-16	
     8259.50000	     1.30189e-16	
     8261.40000	     1.30199e-16	
     8263.30000	     1.30271e-16	
     8265.20000	     1.28573e-16	
     8267.10000	     1.23211e-16	
     8269.00000	     1.19674e-16	
     8270.90000	     1.16464e-16	
     8272.80000	     1.19590e-16	
     8274.70000	     1.20549e-16	
     8276.60000	     1.19700e-16	
     8278.50000	     1.15700e-16	
     8280.40000	     1.15641e-16	
     8282.30000	     1.14709e-16	
     8284.20000	     1.14326e-16	
     8286.10000	     1.10829e-16	
     8288.00000	     1.09003e-16	
     8289.90000	     1.09715e-16	
     8291.80000	     1.12398e-16	
     8293.70000	     1.09019e-16	
     8295.60000	     1.10201e-16	
     8297.50000	     1.09434e-16	
     8299.40000	     1.07776e-16	
     8301.30000	     1.06309e-16	
     8303.20000	     1.08407e-16	
     8305.10000	     1.11576e-16	
     8307.00000	     1.12482e-16	
     8308.90000	     1.11047e-16	
     8310.80000	     1.12513e-16	
     8312.70000	     1.18706e-16	
     8314.60000	     1.16258e-16	
     8316.50000	     1.14068e-16	
     8318.40000	     1.20067e-16	
     8320.30000	     1.26897e-16	
     8322.20000	     1.24383e-16	
     8324.10000	     1.17312e-16	
     8326.00000	     1.19804e-16	
     8327.90000	     1.23605e-16	
     8329.80000	     1.22338e-16	
     8331.70000	     1.17410e-16	
     8333.60000	     1.12885e-16	
     8335.50000	     1.15354e-16	
     8337.40000	     1.19510e-16	
     8339.30000	     1.19044e-16	
     8341.20000	     1.19918e-16	
     8343.10000	     1.19610e-16	
     8345.00000	     1.20220e-16	
     8346.90000	     1.22667e-16	
     8348.80000	     1.21207e-16	
     8350.70000	     1.20926e-16	
     8352.60000	     1.20720e-16	
     8354.50000	     1.20864e-16	
     8356.40000	     1.21479e-16	
     8358.30000	     1.24605e-16	
     8360.20000	     1.24575e-16	
     8362.10000	     1.23448e-16	
     8364.00000	     1.32345e-16	
     8365.90000	     1.35002e-16	
     8367.80000	     1.32745e-16	
     8369.70000	     1.26603e-16	
     8371.60000	     1.20530e-16	
     8373.50000	     1.20748e-16	
     8375.40000	     1.26196e-16	
     8377.30000	     1.28386e-16	
     8379.20000	     1.24281e-16	
     8381.10000	     1.25073e-16	
     8383.00000	     1.21622e-16	
     8384.90000	     1.15882e-16	
     8386.80000	     1.15217e-16	
     8388.70000	     1.17813e-16	
     8390.60000	     1.17664e-16	
     8392.50000	     1.21886e-16	
     8394.40000	     1.29760e-16	
     8396.30000	     1.32635e-16	
     8398.20000	     1.30339e-16	
     8400.10000	     1.27644e-16	
     8402.00000	     1.30537e-16	
     8403.90000	     1.32770e-16	
     8405.80000	     1.33170e-16	
     8407.70000	     1.28827e-16	
     8409.60000	     1.34019e-16	
     8411.50000	     1.36398e-16	
     8413.40000	     1.38405e-16	
     8415.30000	     1.31329e-16	
     8417.20000	     1.27534e-16	
     8419.10000	     1.27757e-16	
     8421.00000	     1.29516e-16	
     8422.90000	     1.28086e-16	
     8424.80000	     1.28641e-16	
     8426.70000	     1.28021e-16	
     8428.60000	     1.26444e-16	
     8430.50000	     1.10520e-16	
     8432.40000	     9.48873e-17	
     8434.30000	     1.03422e-16	
     8436.20000	     1.09095e-16	
     8438.10000	     1.03841e-16	
     8440.00000	     9.39967e-17	
     8441.90000	     9.00866e-17	
     8443.80000	     8.85013e-17	
     8445.70000	     8.98164e-17	
     8447.60000	     8.79055e-17	
     8449.50000	     8.28205e-17	
     8451.40000	     8.24942e-17	
     8453.30000	     8.08389e-17	
     8455.20000	     8.20850e-17	
     8457.10000	     8.37914e-17	
     8459.00000	     8.15991e-17	
     8460.90000	     8.03701e-17	
     8462.80000	     7.99411e-17	
     8464.70000	     8.15901e-17	
     8466.60000	     8.25455e-17	
     8468.50000	     8.23381e-17	
     8470.40000	     8.56038e-17	
     8472.30000	     8.52216e-17	
     8474.20000	     8.76312e-17	
     8476.10000	     8.74987e-17	
     8478.00000	     8.57735e-17	
     8479.90000	     8.59575e-17	
     8481.80000	     8.85902e-17	
     8483.70000	     8.82326e-17	
     8485.60000	     8.69530e-17	
     8487.50000	     9.13191e-17	
     8489.40000	     9.20833e-17	
     8491.30000	     9.15875e-17	
     8493.20000	     9.10567e-17	
     8495.10000	     9.04190e-17	
     8497.00000	     9.07399e-17	
     8498.90000	     9.33859e-17	
     8500.80000	     9.30288e-17	
     8502.70000	     8.81859e-17	
     8504.60000	     8.90920e-17	
     8506.50000	     9.22511e-17	
     8508.40000	     9.34717e-17	
     8510.30000	     9.24063e-17	
     8512.20000	     9.05422e-17	
     8514.10000	     8.45178e-17	
     8516.00000	     7.80298e-17	
     8517.90000	     7.10353e-17	
     8519.80000	     7.45647e-17	
     8521.70000	     8.69244e-17	
     8523.60000	     9.19776e-17	
     8525.50000	     9.45178e-17	
     8527.40000	     9.56726e-17	
     8529.30000	     9.83222e-17	
     8531.20000	     9.95865e-17	
     8533.10000	     9.65975e-17	
     8535.00000	     9.60165e-17	
     8536.90000	     9.81474e-17	
     8538.80000	     9.93370e-17	
     8540.70000	     9.96427e-17	
     8542.60000	     1.01081e-16	
     8544.50000	     1.06383e-16	
     8546.40000	     1.06760e-16	
     8548.30000	     1.07282e-16	
     8550.20000	     1.09684e-16	
     8552.10000	     1.11321e-16	
     8554.00000	     1.11665e-16	
     8555.90000	     1.07737e-16	
     8557.80000	     1.06852e-16	
     8559.70000	     1.06268e-16	
     8561.60000	     1.09714e-16	
     8563.50000	     1.13665e-16	
     8565.40000	     1.11518e-16	
     8567.30000	     1.08443e-16	
     8569.20000	     1.06312e-16	
     8571.10000	     1.04406e-16	
     8573.00000	     1.03252e-16	
     8574.90000	     1.06429e-16	
     8576.80000	     1.09312e-16	
     8578.70000	     1.08027e-16	
     8580.60000	     1.09420e-16	
     8582.50000	     1.13316e-16	
     8584.40000	     1.11900e-16	
     8586.30000	     1.10872e-16	
     8588.20000	     1.13477e-16	
     8590.10000	     1.12142e-16	
     8592.00000	     1.13408e-16	
     8593.90000	     1.15327e-16	
     8595.80000	     1.13858e-16	
     8597.70000	     1.12930e-16	
     8599.60000	     1.15716e-16	
     8601.50000	     1.17248e-16	
     8603.40000	     1.16006e-16	
     8605.30000	     1.17709e-16	
     8607.20000	     1.10842e-16	
     8609.10000	     1.03258e-16	
     8611.00000	     9.82267e-17	
     8612.90000	     9.30562e-17	
     8614.80000	     9.06480e-17	
     8616.70000	     9.36293e-17	
     8618.60000	     9.83384e-17	
     8620.50000	     9.02048e-17	
     8622.40000	     8.98620e-17	
     8624.30000	     8.58536e-17	
     8626.20000	     8.23458e-17	
     8628.10000	     8.67827e-17	
     8630.00000	     8.63095e-17	
     8631.90000	     8.62727e-17	
     8633.80000	     8.92898e-17	
     8635.70000	     9.01232e-17	
     8637.60000	     9.09576e-17	
     8639.50000	     9.56128e-17	
     8641.40000	     9.36656e-17	
     8643.30000	     9.09349e-17	
     8645.20000	     9.67027e-17	
     8647.10000	     9.75529e-17	
     8649.00000	     1.02280e-16	
     8650.90000	     1.04120e-16	
     8652.80000	     1.07815e-16	
     8654.70000	     1.06332e-16	
     8656.60000	     1.07962e-16	
     8658.50000	     1.05569e-16	
     8660.40000	     1.04512e-16	
     8662.30000	     1.08309e-16	
     8664.20000	     1.08495e-16	
     8666.10000	     1.03281e-16	
     8668.00000	     1.02823e-16	
     8669.90000	     1.02773e-16	
     8671.80000	     1.04727e-16	
     8673.70000	     1.10473e-16	
     8675.60000	     1.12579e-16	
     8677.50000	     1.08966e-16	
     8679.40000	     1.03494e-16	
     8681.30000	     1.05195e-16	
     8683.20000	     1.06489e-16	
     8685.10000	     1.05215e-16	
     8687.00000	     1.01451e-16	
     8688.90000	     8.94922e-17	
     8690.80000	     8.13542e-17	
     8692.70000	     7.76590e-17	
     8694.60000	     7.71951e-17	
     8696.50000	     8.17768e-17	
     8698.40000	     8.40082e-17	
     8700.30000	     8.83456e-17	
     8702.20000	     9.17530e-17	
     8704.10000	     8.97656e-17	
     8706.00000	     8.58730e-17	
     8707.90000	     8.37812e-17	
     8709.80000	     8.03456e-17	
     8711.70000	     8.10261e-17	
     8713.60000	     8.30509e-17	
     8715.50000	     8.15823e-17	
     8717.40000	     8.44558e-17	
     8719.30000	     8.72144e-17	
     8721.20000	     8.84357e-17	
     8723.10000	     9.38417e-17	
     8725.00000	     1.00395e-16	
     8726.90000	     1.02364e-16	
     8728.80000	     9.65204e-17	
     8730.70000	     9.39500e-17	
     8732.60000	     9.09908e-17	
     8734.50000	     9.08136e-17	
     8736.40000	     9.57425e-17	
     8738.30000	     1.00299e-16	
     8740.20000	     1.07966e-16	
     8742.10000	     1.12031e-16	
     8744.00000	     1.03936e-16	
     8745.90000	     9.84625e-17	
     8747.80000	     1.01402e-16	
     8749.70000	     1.06735e-16	
     8751.60000	     1.06968e-16	
     8753.50000	     1.10952e-16	
     8755.40000	     1.16389e-16	
     8757.30000	     1.18359e-16	
     8759.20000	     1.11137e-16	
     8761.10000	     1.01754e-16	
     8763.00000	     1.00091e-16	
     8764.90000	     1.04971e-16	
     8766.80000	     1.11353e-16	
     8768.70000	     1.25416e-16	
     8770.60000	     1.38316e-16	
     8772.50000	     1.40375e-16	
     8774.40000	     1.32554e-16	
     8776.30000	     1.19160e-16	
     8778.20000	     1.13950e-16	
     8780.10000	     1.21312e-16	
     8782.00000	     1.24616e-16	
     8783.90000	     1.22103e-16	
     8785.80000	     1.22417e-16	
     8787.70000	     1.24120e-16	
     8789.60000	     1.27409e-16	
     8791.50000	     1.33633e-16	
     8793.40000	     1.38839e-16	
     8795.30000	     1.37594e-16	
     8797.20000	     1.21666e-16	
     8799.10000	     1.10194e-16	
     8801.00000	     1.11802e-16	
     8802.90000	     1.12634e-16	
     8804.80000	     1.13904e-16	
     8806.70000	     1.22947e-16	
     8808.60000	     1.37910e-16	
     8810.50000	     1.49588e-16	
     8812.40000	     1.55874e-16	
     8814.30000	     1.60488e-16	
     8816.20000	     1.59320e-16	
     8818.10000	     1.45688e-16	
     8820.00000	     1.30129e-16	
     8821.90000	     1.25338e-16	
     8823.80000	     1.25004e-16	
     8825.70000	     1.28683e-16	
     8827.60000	     1.45698e-16	
     8829.50000	     1.51183e-16	
     8831.40000	     1.52920e-16	
     8833.30000	     1.52635e-16	
     8835.20000	     1.52609e-16	
     8837.10000	     1.60298e-16	
     8839.00000	     1.59646e-16	
     8840.90000	     1.52807e-16	
     8842.80000	     1.39305e-16	
     8844.70000	     1.27889e-16	
     8846.60000	     1.32818e-16	
     8848.50000	     1.56397e-16	
     8850.40000	     1.76315e-16	
     8852.30000	     1.70043e-16	
     8854.20000	     1.51330e-16	
     8856.10000	     1.34743e-16	
     8858.00000	     1.22481e-16	
     8859.90000	     1.20957e-16	
     8861.80000	     1.31641e-16	
     8863.70000	     1.34985e-16	
     8865.60000	     1.23068e-16	
     8867.50000	     1.12500e-16	
     8869.40000	     1.09846e-16	
     8871.30000	     1.05926e-16	
     8873.20000	     1.18828e-16	
     8875.10000	     1.31244e-16	
     8877.00000	     1.39026e-16	
     8878.90000	     1.30319e-16	
     8880.80000	     1.17125e-16	
     8882.70000	     1.14774e-16	
     8884.60000	     1.21971e-16	
     8886.50000	     1.32910e-16	
     8888.40000	     1.39986e-16	
     8890.30000	     1.31932e-16	
     8892.20000	     1.18924e-16	
     8894.10000	     1.10893e-16	
     8896.00000	     1.21306e-16	
     8897.90000	     1.36101e-16	
     8899.80000	     1.49859e-16	
     8901.70000	     1.56329e-16	
     8903.60000	     1.48746e-16	
     8905.50000	     1.38712e-16	
     8907.40000	     1.32381e-16	
     8909.30000	     1.35973e-16	
     8911.20000	     1.39672e-16	
     8913.10000	     1.48963e-16	
     8915.00000	     1.54063e-16	
     8916.90000	     1.51262e-16	
     8918.80000	     1.46256e-16	
     8920.70000	     1.35582e-16	
     8922.60000	     1.35477e-16	
     8924.50000	     1.35025e-16	
     8926.40000	     1.45335e-16	
     8928.30000	     1.61120e-16	
     8930.20000	     1.69985e-16	
     8932.10000	     1.66819e-16	
     8934.00000	     1.51287e-16	
     8935.90000	     1.34567e-16	
     8937.80000	     1.28292e-16	
     8939.70000	     1.19953e-16	
     8941.60000	     1.19057e-16	
     8943.50000	     1.31882e-16	
     8945.40000	     1.40691e-16	
     8947.30000	     1.40704e-16	
     8949.20000	     1.38307e-16	
     8951.10000	     1.40878e-16	
     8953.00000	     1.47118e-16	
     8954.90000	     1.52910e-16	
     8956.80000	     1.59129e-16	
     8958.70000	     1.52334e-16	
     8960.60000	     1.43965e-16	
     8962.50000	     1.34979e-16	
     8964.40000	     1.38642e-16	
     8966.30000	     1.46720e-16	
     8968.20000	     1.49865e-16	
     8970.10000	     1.48779e-16	
     8972.00000	     1.57273e-16	
     8973.90000	     1.69942e-16	
     8975.80000	     1.65555e-16	
     8977.70000	     1.53893e-16	
     8979.60000	     1.61872e-16	
     8981.50000	     1.71357e-16	
     8983.40000	     1.68715e-16	
     8985.30000	     1.56493e-16	
     8987.20000	     1.49053e-16	
     8989.10000	     1.52904e-16	
     8991.00000	     1.59500e-16	
     8992.90000	     1.61611e-16	
     8994.80000	     1.51852e-16	
     8996.70000	     1.43773e-16	
     8998.60000	     1.55852e-16	
     9000.50000	     1.75663e-16	
     9002.40000	     1.85455e-16	
     9004.30000	     1.79444e-16	
     9006.20000	     1.68216e-16	
     9008.10000	     1.71549e-16	
     9010.00000	     1.76614e-16	
     9011.90000	     1.72079e-16	
     9013.80000	     1.65990e-16	
     9015.70000	     1.62528e-16	
     9017.60000	     1.55325e-16	
     9019.50000	     1.46787e-16	
     9021.40000	     1.39444e-16	
     9023.30000	     1.39420e-16	
     9025.20000	     1.49411e-16	
     9027.10000	     1.56539e-16	
     9029.00000	     1.63845e-16	
     9030.90000	     1.76698e-16	
     9032.80000	     1.85049e-16	
     9034.70000	     1.92286e-16	
     9036.60000	     1.93327e-16	
     9038.50000	     1.81915e-16	
     9040.40000	     1.79131e-16	
     9042.30000	     1.86275e-16	
     9044.20000	     1.97896e-16	
     9046.10000	     2.00782e-16	
     9048.00000	     1.81515e-16	
     9049.90000	     1.74303e-16	
     9051.80000	     1.74816e-16	
     9053.70000	     1.67445e-16	
     9055.60000	     1.60600e-16	
     9057.50000	     1.57622e-16	
     9059.40000	     1.63979e-16	
     9061.30000	     1.61003e-16	
     9063.20000	     1.57143e-16	
     9065.10000	     1.52461e-16	
     9067.00000	     1.49041e-16	
     9068.90000	     1.53588e-16	
     9070.80000	     1.55514e-16	
     9072.70000	     1.68663e-16	
     9074.60000	     1.80822e-16	
     9076.50000	     1.76744e-16	
     9078.40000	     1.81234e-16	
     9080.30000	     1.81411e-16	
     9082.20000	     1.74747e-16	
     9084.10000	     1.69936e-16	
     9086.00000	     1.73752e-16	
     9087.90000	     1.84374e-16	
     9089.80000	     1.88828e-16	
     9091.70000	     1.90639e-16	
     9093.60000	     1.96482e-16	
     9095.50000	     1.92227e-16	
     9097.40000	     1.96001e-16	
     9099.30000	     1.99995e-16	
     9101.20000	     1.87952e-16	
     9103.10000	     1.79068e-16	
     9105.00000	     1.84743e-16	
     9106.90000	     1.99985e-16	
     9108.80000	     2.14165e-16	
     9110.70000	     2.07449e-16	
     9112.60000	     1.98825e-16	
     9114.50000	     1.94008e-16	
     9116.40000	     2.05098e-16	
     9118.30000	     2.11319e-16	
     9120.20000	     2.08414e-16	
     9122.10000	     2.03424e-16	
     9124.00000	     2.02596e-16	
     9125.90000	     1.99275e-16	
     9127.80000	     2.05104e-16	
     9129.70000	     2.11874e-16	
     9131.60000	     2.11039e-16	
     9133.50000	     1.98824e-16	
     9135.40000	     1.85348e-16	
     9137.30000	     1.85363e-16	
     9139.20000	     2.00493e-16	
     9141.10000	     2.14741e-16	
     9143.00000	     2.22609e-16	
     9144.90000	     2.15403e-16	
     9146.80000	     1.97550e-16	
     9148.70000	     1.95730e-16	
     9150.60000	     2.05185e-16	
     9152.50000	     2.21706e-16	
     9154.40000	     2.31173e-16	
     9156.30000	     2.29938e-16	
     9158.20000	     2.24340e-16	
     9160.10000	     2.25866e-16	
     9162.00000	     2.34035e-16	
     9163.90000	     2.39977e-16	
     9165.80000	     2.35008e-16	
     9167.70000	     2.29717e-16	
     9169.60000	     2.11099e-16	
     9171.50000	     1.97422e-16	
     9173.40000	     2.02568e-16	
     9175.30000	     2.16396e-16	
     9177.20000	     2.26727e-16	
     9179.10000	     2.22413e-16	
     9181.00000	     2.12301e-16	
     9182.90000	     2.23596e-16	
     9184.80000	     2.53242e-16	
     9186.70000	     2.67910e-16	
     9188.60000	     2.55114e-16	
     9190.50000	     2.36272e-16	
     9192.40000	     2.39784e-16	
     9194.30000	     2.55431e-16	
     9196.20000	     2.57631e-16	
     9198.10000	     2.59313e-16	
     9200.00000	     2.61151e-16	
     9201.90000	     2.45757e-16	
     9203.80000	     2.29319e-16	
     9205.70000	     2.20586e-16	
     9207.60000	     2.17148e-16	
     9209.50000	     2.15031e-16	
     9211.40000	     2.20486e-16	
     9213.30000	     2.29918e-16	
     9215.20000	     2.30551e-16	
     9217.10000	     2.30088e-16	
     9219.00000	     2.26691e-16	
     9220.90000	     2.25213e-16	
     9222.80000	     2.29810e-16	
     9224.70000	     2.27231e-16	
     9226.60000	     2.21920e-16	
     9228.50000	     2.13133e-16	
     9230.40000	     2.07345e-16	
     9232.30000	     2.08076e-16	
     9234.20000	     2.04275e-16	
     9236.10000	     2.07169e-16	
     9238.00000	     2.23717e-16	
     9239.90000	     2.33309e-16	
     9241.80000	     2.22958e-16	
     9243.70000	     2.08533e-16	
     9245.60000	     2.00248e-16	
     9247.50000	     1.97519e-16	
     9249.40000	     2.06520e-16	
     9251.30000	     2.23560e-16	
     9253.20000	     2.42130e-16	
     9255.10000	     2.40135e-16	
     9257.00000	     2.26903e-16	
     9258.90000	     2.17883e-16	
     9260.80000	     2.28941e-16	
     9262.70000	     2.43939e-16	
     9264.60000	     2.46524e-16	
     9266.50000	     2.37532e-16	
     9268.40000	     2.31269e-16	
     9270.30000	     2.19138e-16	
     9272.20000	     2.01768e-16	
     9274.10000	     1.91280e-16	
     9276.00000	     1.87193e-16	
     9277.90000	     1.98760e-16	
     9279.80000	     2.09047e-16	
     9281.70000	     2.10671e-16	
     9283.60000	     2.08565e-16	
     9285.50000	     2.10845e-16	
     9287.40000	     2.08127e-16	
     9289.30000	     2.03193e-16	
     9291.20000	     2.01085e-16	
     9293.10000	     1.97532e-16	
     9295.00000	     1.90561e-16	
     9296.90000	     1.83342e-16	
     9298.80000	     1.83033e-16	
     9300.70000	     1.87855e-16	
     9302.60000	     1.85333e-16	
     9304.50000	     1.77485e-16	
     9306.40000	     1.88814e-16	
     9308.30000	     2.02876e-16	
     9310.20000	     2.01411e-16	
     9312.10000	     1.75240e-16	
     9314.00000	     1.67852e-16	
     9315.90000	     1.77519e-16	
     9317.80000	     1.86879e-16	
     9319.70000	     1.74079e-16	
     9321.60000	     1.61983e-16	
     9323.50000	     1.72316e-16	
     9325.40000	     1.87592e-16	
     9327.30000	     1.89413e-16	
     9329.20000	     1.73441e-16	
     9331.10000	     1.61249e-16	
     9333.00000	     1.61077e-16	
     9334.90000	     1.67458e-16	
     9336.80000	     1.69002e-16	
     9338.70000	     1.44950e-16	
     9340.60000	     1.35874e-16	
     9342.50000	     1.56578e-16	
     9344.40000	     1.91513e-16	
     9346.30000	     2.02500e-16	
     9348.20000	     1.78843e-16	
     9350.10000	     1.58448e-16	
     9352.00000	     1.49193e-16	
     9353.90000	     1.46120e-16	
     9355.80000	     1.69389e-16	
     9357.70000	     2.03027e-16	
     9359.60000	     2.07421e-16	
     9361.50000	     1.88398e-16	
     9363.40000	     1.81459e-16	
     9365.30000	     1.60561e-16	
     9367.20000	     1.49172e-16	
     9369.10000	     1.62146e-16	
     9371.00000	     1.75595e-16	
     9372.90000	     1.81384e-16	
     9374.80000	     1.72018e-16	
     9376.70000	     1.58485e-16	
     9378.60000	     1.69368e-16	
     9380.50000	     1.96204e-16	
     9382.40000	     1.95877e-16	
     9384.30000	     1.99896e-16	
     9386.20000	     2.13641e-16	
     9388.10000	     2.27742e-16	
     9390.00000	     2.35934e-16	
     9391.90000	     2.28880e-16	
     9393.80000	     2.17226e-16	
     9395.70000	     2.07551e-16	
     9397.60000	     2.05403e-16	
     9399.50000	     2.17011e-16	
     9401.40000	     2.31974e-16	
     9403.30000	     2.34057e-16	
     9405.20000	     2.21971e-16	
     9407.10000	     2.21452e-16	
     9409.00000	     2.27908e-16	
     9410.90000	     2.24791e-16	
     9412.80000	     2.20494e-16	
     9414.70000	     2.24915e-16	
     9416.60000	     2.24990e-16	
     9418.50000	     2.29896e-16	
     9420.40000	     2.34069e-16	
     9422.30000	     2.08644e-16	
     9424.20000	     1.82768e-16	
     9426.10000	     1.92974e-16	
     9428.00000	     2.30125e-16	
     9429.90000	     2.57901e-16	
     9431.80000	     2.51074e-16	
     9433.70000	     2.18159e-16	
     9435.60000	     1.93156e-16	
     9437.50000	     1.76066e-16	
     9439.40000	     1.75900e-16	
     9441.30000	     1.99742e-16	
     9443.20000	     2.21342e-16	
     9445.10000	     2.28918e-16	
     9447.00000	     2.32326e-16	
     9448.90000	     2.25687e-16	
     9450.80000	     2.10134e-16	
     9452.70000	     2.03377e-16	
     9454.60000	     1.93709e-16	
     9456.50000	     1.79116e-16	
     9458.40000	     2.04368e-16	
     9460.30000	     2.32268e-16	
     9462.20000	     2.35855e-16	
     9464.10000	     2.31901e-16	
     9466.00000	     2.32781e-16	
     9467.90000	     2.40311e-16	
     9469.80000	     2.35704e-16	
     9471.70000	     2.36484e-16	
     9473.60000	     2.55183e-16	
     9475.50000	     2.40814e-16	
     9477.40000	     2.04099e-16	
     9479.30000	     2.33263e-16	
     9481.20000	     2.65613e-16	
     9483.10000	     2.73156e-16	
     9485.00000	     2.94768e-16	
     9486.90000	     3.01053e-16	
     9488.80000	     2.71050e-16	
     9490.70000	     2.48714e-16	
     9492.60000	     2.43559e-16	
     9494.50000	     2.39543e-16	
     9496.40000	     2.27739e-16	
     9498.30000	     2.45112e-16	
     9500.20000	     2.62004e-16	
     9502.10000	     2.86086e-16	
     9504.00000	     2.98600e-16	
     9505.90000	     3.01915e-16	
     9507.80000	     2.97599e-16	
     9509.70000	     2.85579e-16	
     9511.60000	     2.59862e-16	
     9513.50000	     2.33095e-16	
     9515.40000	     2.34727e-16	
     9517.30000	     2.29326e-16	
     9519.20000	     2.40751e-16	
     9521.10000	     2.61936e-16	
     9523.00000	     2.68729e-16	
     9524.90000	     2.75811e-16	
     9526.80000	     2.86040e-16	
     9528.70000	     2.84535e-16	
     9530.60000	     2.81636e-16	
     9532.50000	     2.67701e-16	
     9534.40000	     2.72257e-16	
     9536.30000	     2.81845e-16	
     9538.20000	     2.67356e-16	
     9540.10000	     2.59258e-16	
     9542.00000	     2.59050e-16	
     9543.90000	     2.68284e-16	
     9545.80000	     2.79421e-16	
     9547.70000	     2.77801e-16	
     9549.60000	     2.58570e-16	
     9551.50000	     2.50520e-16	
     9553.40000	     2.66253e-16	
     9555.30000	     2.93303e-16	
     9557.20000	     3.02168e-16	
     9559.10000	     2.87631e-16	
     9561.00000	     2.70348e-16	
     9562.90000	     2.75486e-16	
     9564.80000	     2.94680e-16	
     9566.70000	     3.17385e-16	
     9568.60000	     3.23561e-16	
     9570.50000	     3.18557e-16	
     9572.40000	     3.17131e-16	
     9574.30000	     2.98315e-16	
     9576.20000	     2.75893e-16	
     9578.10000	     2.95796e-16	
     9580.00000	     3.07210e-16	
     9581.90000	     2.90288e-16	
     9583.80000	     2.71946e-16	
     9585.70000	     2.38704e-16	
     9587.60000	     2.33066e-16	
     9589.50000	     2.39888e-16	
     9591.40000	     2.48529e-16	
     9593.30000	     2.47804e-16	
     9595.20000	     2.48005e-16	
     9597.10000	     2.65218e-16	
     9599.00000	     2.71272e-16	
     9600.90000	     2.72944e-16	
     9602.80000	     2.75298e-16	
     9604.70000	     2.88604e-16	
     9606.60000	     3.04697e-16	
     9608.50000	     2.88634e-16	
     9610.40000	     2.73487e-16	
     9612.30000	     2.81305e-16	
     9614.20000	     2.90155e-16	
     9616.10000	     2.78164e-16	
     9618.00000	     2.73841e-16	
     9619.90000	     2.76785e-16	
     9621.80000	     2.84567e-16	
     9623.70000	     2.86448e-16	
     9625.60000	     2.93750e-16	
     9627.50000	     2.93829e-16	
     9629.40000	     2.93056e-16	
     9631.30000	     2.78023e-16	
     9633.20000	     2.38676e-16	
     9635.10000	     2.24515e-16	
     9637.00000	     2.40361e-16	
     9638.90000	     2.55295e-16	
     9640.80000	     2.55231e-16	
     9642.70000	     2.57167e-16	
     9644.60000	     2.73801e-16	
     9646.50000	     2.72295e-16	
     9648.40000	     2.77400e-16	
     9650.30000	     2.76149e-16	
     9652.20000	     2.77761e-16	
     9654.10000	     2.86604e-16	
     9656.00000	     2.87861e-16	
     9657.90000	     2.95472e-16	
     9659.80000	     2.92138e-16	
     9661.70000	     2.92109e-16	
     9663.60000	     3.03376e-16	
     9665.50000	     3.00910e-16	
     9667.40000	     2.99059e-16	
     9669.30000	     3.06608e-16	
     9671.20000	     3.00318e-16	
     9673.10000	     2.95421e-16	
     9675.00000	     3.07791e-16	
     9676.90000	     3.16367e-16	
     9678.80000	     3.03894e-16	
     9680.70000	     3.05384e-16	
     9682.60000	     3.16283e-16	
     9684.50000	     3.13972e-16	
     9686.40000	     3.21616e-16	
     9688.30000	     3.26912e-16	
     9690.20000	     3.38833e-16	
     9692.10000	     3.48241e-16	
     9694.00000	     3.40731e-16	
     9695.90000	     3.46766e-16	
     9697.80000	     3.35307e-16	
     9699.70000	     3.34197e-16	
     9701.60000	     3.28954e-16	
     9703.50000	     3.33231e-16	
     9705.40000	     3.47952e-16	
     9707.30000	     3.62239e-16	
     9709.20000	     3.74665e-16	
     9711.10000	     3.75821e-16	
     9713.00000	     3.81586e-16	
     9714.90000	     3.83470e-16	
     9716.80000	     3.76018e-16	
     9718.70000	     3.57379e-16	
     9720.60000	     3.63531e-16	
     9722.50000	     3.59185e-16	
     9724.40000	     3.42674e-16	
     9726.30000	     3.47201e-16	
     9728.20000	     3.52789e-16	
     9730.10000	     3.41157e-16	
     9732.00000	     3.30762e-16	
     9733.90000	     3.38730e-16	
     9735.80000	     3.43140e-16	
     9737.70000	     3.33885e-16	
     9739.60000	     3.19222e-16	
     9741.50000	     3.06244e-16	
     9743.40000	     3.06925e-16	
     9745.30000	     3.18686e-16	
     9747.20000	     3.23341e-16	
     9749.10000	     3.25285e-16	
     9751.00000	     3.20131e-16	
     9752.90000	     3.19457e-16	
     9754.80000	     3.29720e-16	
     9756.70000	     3.25500e-16	
     9758.60000	     3.18769e-16	
     9760.50000	     3.26470e-16	
     9762.40000	     3.49498e-16	
     9764.30000	     3.53593e-16	
     9766.20000	     3.50412e-16	
     9768.10000	     3.52993e-16	
     9770.00000	     3.52639e-16	
     9771.90000	     3.55750e-16	
     9773.80000	     3.63985e-16	
     9775.70000	     3.58924e-16	
     9777.60000	     3.36555e-16	
     9779.50000	     3.36594e-16	
     9781.40000	     3.41040e-16	
     9783.30000	     3.51390e-16	
     9785.20000	     3.60573e-16	
     9787.10000	     3.72848e-16	
     9789.00000	     3.85125e-16	
     9790.90000	     3.93490e-16	
     9792.80000	     3.94769e-16	
     9794.70000	     3.84082e-16	
     9796.60000	     3.79357e-16	
     9798.50000	     3.76651e-16	
     9800.40000	     3.81525e-16	
     9802.30000	     3.79043e-16	
     9804.20000	     3.75286e-16	
     9806.10000	     3.84928e-16	
     9808.00000	     3.77823e-16	
     9809.90000	     3.60391e-16	
     9811.80000	     3.69190e-16	
     9813.70000	     3.67261e-16	
     9815.60000	     3.62910e-16	
     9817.50000	     3.58439e-16	
     9819.40000	     3.62886e-16	
     9821.30000	     3.68176e-16	
     9823.20000	     3.67364e-16	
     9825.10000	     3.79536e-16	
     9827.00000	     3.99973e-16	
     9828.90000	     4.08364e-16	
     9830.80000	     4.31418e-16	
     9832.70000	     3.74833e-16	
     9834.60000	     3.79533e-16	
     9836.50000	     3.94237e-16	
     9838.40000	     3.87066e-16	
     9840.30000	     3.85957e-16	
     9842.20000	     3.96194e-16	
     9844.10000	     3.91173e-16	
     9846.00000	     3.78925e-16	
     9847.90000	     3.87761e-16	
     9849.80000	     3.90106e-16	
     9851.70000	     3.99130e-16	
     9853.60000	     4.07335e-16	
     9855.50000	     4.02644e-16	
     9857.40000	     3.99233e-16	
     9859.30000	     3.98892e-16	
     9861.20000	     3.96250e-16	
     9863.10000	     3.93082e-16	
     9865.00000	     3.77261e-16	
     9866.90000	     3.85263e-16	
     9868.80000	     3.98840e-16	
     9870.70000	     3.99194e-16	
     9872.60000	     4.02539e-16	
     9874.50000	     3.91400e-16	
     9876.40000	     4.04021e-16	
     9878.30000	     4.34404e-16	
     9880.20000	     4.43698e-16	
     9882.10000	     4.44140e-16	
     9884.00000	     4.42587e-16	
     9885.90000	     4.28124e-16	
     9887.80000	     4.04842e-16	
     9889.70000	     3.74544e-16	
     9891.60000	     3.32200e-16	
     9893.50000	     3.08223e-16	
     9895.40000	     2.86128e-16	
     9897.30000	     2.62130e-16	
     9899.20000	     2.34273e-16	
     9901.10000	     2.08217e-16	
     9903.00000	     2.05071e-16	
     9904.90000	     2.08956e-16	
     9906.80000	     2.06325e-16	
     9908.70000	     1.98790e-16	
     9910.60000	     1.90777e-16	
     9912.50000	     1.92097e-16	
     9914.40000	     2.15546e-16	
     9916.30000	     2.19626e-16	
     9918.20000	     2.06943e-16	
     9920.10000	     1.94703e-16	
     9922.00000	     1.97675e-16	
     9923.90000	     2.15022e-16	
     9925.80000	     2.40889e-16	
     9927.70000	     2.42675e-16	
     9929.60000	     2.44029e-16	
     9931.50000	     2.64143e-16	
     9933.40000	     2.66564e-16	
     9935.30000	     2.82016e-16	
     9937.20000	     2.86572e-16	
     9939.10000	     2.82318e-16	
#time:0.041928
