# Keck LRIS spectra of late-M, L and T dwarfs
# spty = L5  (Spectral type)
#
#     WAVELENGTH	#            FLUX	
#     (ANGSTROM)	#   (ERG/CM2/S/A)	
################	#################	
      6360.00000	      8.11449e-19	
      6361.90095	     -2.13517e-19	
      6363.80190	      2.69395e-18	
      6365.70285	      2.97217e-18	
      6367.60380	      1.72737e-18	
      6369.50475	      1.41167e-18	
      6371.40570	      1.06606e-18	
      6373.30665	      8.07367e-19	
      6375.20760	      1.62801e-18	
      6377.10855	      9.89811e-19	
      6379.00950	      1.55537e-18	
      6380.91045	      1.68781e-18	
      6382.81141	      1.17748e-18	
      6384.71236	      7.80805e-19	
      6386.61331	      1.28528e-18	
      6388.51426	      1.47723e-18	
      6390.41521	      1.83210e-18	
      6392.31616	      1.11972e-18	
      6394.21711	      1.95880e-18	
      6396.11806	      2.20302e-18	
      6398.01901	      2.16682e-18	
      6399.91996	      1.59948e-18	
      6401.82091	      1.63745e-18	
      6403.72186	      2.20184e-18	
      6405.62281	      1.97355e-18	
      6407.52376	      1.63757e-18	
      6409.42471	      2.38841e-18	
      6411.32566	      1.64707e-18	
      6413.22661	      2.07823e-18	
      6415.12756	      1.34350e-18	
      6417.02851	      2.10001e-18	
      6418.92946	      1.22300e-18	
      6420.83041	      1.47279e-18	
      6422.73136	      2.07185e-18	
      6424.63231	      2.29009e-18	
      6426.53327	      1.70653e-18	
      6428.43422	      1.74436e-18	
      6430.33517	      1.57654e-18	
      6432.23612	      1.69471e-18	
      6434.13707	      2.09130e-18	
      6436.03802	      1.99487e-18	
      6437.93897	      1.58653e-18	
      6439.83992	      1.22039e-18	
      6441.74087	      1.88601e-18	
      6443.64182	      1.53162e-18	
      6445.54277	      1.77787e-18	
      6447.44372	      1.68812e-18	
      6449.34467	      6.84029e-19	
      6451.24562	      2.02058e-18	
      6453.14657	      2.40071e-18	
      6455.04752	      1.98207e-18	
      6456.94847	      2.58201e-18	
      6458.84942	      1.99716e-18	
      6460.75037	      1.55759e-18	
      6462.65132	      2.29055e-18	
      6464.55227	      2.23703e-18	
      6466.45322	      1.45939e-18	
      6468.35417	      1.38743e-18	
      6470.25513	      2.30081e-18	
      6472.15608	      2.89752e-18	
      6474.05703	      2.81908e-18	
      6475.95798	      2.38208e-18	
      6477.85893	      2.09727e-18	
      6479.75988	      1.04441e-18	
      6481.66083	      1.35850e-18	
      6483.56178	      2.42211e-18	
      6485.46273	      2.73462e-18	
      6487.36368	      2.72495e-18	
      6489.26463	      2.24598e-18	
      6491.16558	      1.69713e-18	
      6493.06653	      2.20594e-18	
      6494.96748	      2.69075e-18	
      6496.86843	      2.23886e-18	
      6498.76938	      2.20678e-18	
      6500.67033	      2.68973e-18	
      6502.57128	      3.12280e-18	
      6504.47223	      2.17964e-18	
      6506.37318	      2.16093e-18	
      6508.27413	      2.34621e-18	
      6510.17508	      2.56304e-18	
      6512.07603	      3.42187e-18	
      6513.97698	      2.45811e-18	
      6515.87794	      3.18439e-18	
      6517.77889	      3.43007e-18	
      6519.67984	      3.01741e-18	
      6521.58079	      3.06645e-18	
      6523.48174	      2.88281e-18	
      6525.38269	      2.67469e-18	
      6527.28364	      3.03095e-18	
      6529.18459	      2.41136e-18	
      6531.08554	      2.70114e-18	
      6532.98649	      2.81723e-18	
      6534.88744	      2.25484e-18	
      6536.78839	      2.34702e-18	
      6538.68934	      1.55531e-18	
      6540.59029	      3.24247e-18	
      6542.49124	      3.80014e-18	
      6544.39219	      2.88534e-18	
      6546.29314	      2.54101e-18	
      6548.19409	      2.20133e-18	
      6550.09504	      2.97989e-18	
      6551.99599	      2.76536e-18	
      6553.89694	      2.78603e-18	
      6555.79789	      2.49927e-18	
      6557.69884	      3.65426e-18	
      6559.59980	      3.52827e-18	
      6561.50075	      2.91149e-18	
      6563.40170	      2.94839e-18	
      6565.30265	      3.40585e-18	
      6567.20360	      2.81164e-18	
      6569.10455	      1.68685e-18	
      6571.00550	      2.90042e-18	
      6572.90645	      3.90791e-18	
      6574.80740	      3.07023e-18	
      6576.70835	      3.67476e-18	
      6578.60930	      2.34482e-18	
      6580.51025	      2.47805e-18	
      6582.41120	      3.11108e-18	
      6584.31215	      3.58617e-18	
      6586.21310	      3.86038e-18	
      6588.11405	      3.37653e-18	
      6590.01500	      3.33863e-18	
      6591.91595	      3.21001e-18	
      6593.81690	      3.00414e-18	
      6595.71785	      3.11596e-18	
      6597.61880	      2.52996e-18	
      6599.51975	      3.62840e-18	
      6601.42070	      2.98824e-18	
      6603.32166	      3.24751e-18	
      6605.22261	      4.80003e-18	
      6607.12356	      2.68205e-18	
      6609.02451	      2.48377e-18	
      6610.92546	      3.85181e-18	
      6612.82641	      4.11501e-18	
      6614.72736	      3.42741e-18	
      6616.62831	      2.91584e-18	
      6618.52926	      3.60409e-18	
      6620.43021	      3.26515e-18	
      6622.33116	      3.66146e-18	
      6624.23211	      3.81492e-18	
      6626.13306	      3.97607e-18	
      6628.03401	      4.11683e-18	
      6629.93496	      3.79350e-18	
      6631.83591	      4.11984e-18	
      6633.73686	      3.05859e-18	
      6635.63781	      4.26079e-18	
      6637.53876	      3.62106e-18	
      6639.43971	      3.84678e-18	
      6641.34066	      3.76428e-18	
      6643.24161	      3.49792e-18	
      6645.14256	      4.04791e-18	
      6647.04352	      3.51106e-18	
      6648.94447	      3.64409e-18	
      6650.84542	      3.78175e-18	
      6652.74637	      4.29129e-18	
      6654.64732	      4.45261e-18	
      6656.54827	      3.66490e-18	
      6658.44922	      3.24217e-18	
      6660.35017	      3.81045e-18	
      6662.25112	      4.68057e-18	
      6664.15207	      3.78444e-18	
      6666.05302	      4.03128e-18	
      6667.95397	      4.63082e-18	
      6669.85492	      4.08822e-18	
      6671.75587	      3.65936e-18	
      6673.65682	      3.88101e-18	
      6675.55777	      4.16233e-18	
      6677.45872	      4.85953e-18	
      6679.35967	      3.59907e-18	
      6681.26062	      3.16434e-18	
      6683.16157	      4.18435e-18	
      6685.06252	      4.96092e-18	
      6686.96347	      4.80771e-18	
      6688.86442	      4.32877e-18	
      6690.76538	      5.00487e-18	
      6692.66633	      4.54703e-18	
      6694.56728	      4.67521e-18	
      6696.46823	      3.77114e-18	
      6698.36918	      3.70980e-18	
      6700.27013	      3.86004e-18	
      6702.17108	      2.88452e-18	
      6704.07203	      1.90243e-18	
      6705.97298	      1.83821e-18	
      6707.87393	      1.59301e-18	
      6709.77488	      1.82130e-18	
      6711.67583	      1.38231e-18	
      6713.57678	      1.42792e-18	
      6715.47773	      2.59901e-18	
      6717.37868	      3.26978e-18	
      6719.27963	      3.83511e-18	
      6721.18058	      4.22823e-18	
      6723.08153	      3.25924e-18	
      6724.98248	      3.74177e-18	
      6726.88343	      4.65368e-18	
      6728.78438	      4.69255e-18	
      6730.68533	      3.30721e-18	
      6732.58628	      3.74899e-18	
      6734.48724	      4.15128e-18	
      6736.38819	      4.75050e-18	
      6738.28914	      4.31855e-18	
      6740.19009	      4.20752e-18	
      6742.09104	      4.71109e-18	
      6743.99199	      4.95673e-18	
      6745.89294	      4.46730e-18	
      6747.79389	      4.69020e-18	
      6749.69484	      4.46535e-18	
      6751.59579	      5.32006e-18	
      6753.49674	      4.88457e-18	
      6755.39769	      4.65167e-18	
      6757.29864	      4.88894e-18	
      6759.19959	      5.21011e-18	
      6761.10054	      4.98000e-18	
      6763.00149	      5.12168e-18	
      6764.90244	      4.90639e-18	
      6766.80339	      4.57933e-18	
      6768.70434	      5.03218e-18	
      6770.60529	      4.40513e-18	
      6772.50624	      5.17367e-18	
      6774.40719	      5.28975e-18	
      6776.30814	      4.16095e-18	
      6778.20910	      4.28787e-18	
      6780.11005	      4.58441e-18	
      6782.01100	      5.19164e-18	
      6783.91195	      4.77355e-18	
      6785.81290	      4.14775e-18	
      6787.71385	      5.49571e-18	
      6789.61480	      5.51350e-18	
      6791.51575	      4.56174e-18	
      6793.41670	      4.15157e-18	
      6795.31765	      4.72614e-18	
      6797.21860	      4.66371e-18	
      6799.11955	      5.17153e-18	
      6801.02050	      5.15102e-18	
      6802.92145	      4.73683e-18	
      6804.82240	      4.75848e-18	
      6806.72335	      5.63869e-18	
      6808.62430	      5.55326e-18	
      6810.52525	      4.79722e-18	
      6812.42620	      5.10042e-18	
      6814.32715	      5.13871e-18	
      6816.22810	      4.00295e-18	
      6818.12905	      4.33073e-18	
      6820.03000	      4.43580e-18	
      6821.93095	      4.60968e-18	
      6823.83191	      5.04425e-18	
      6825.73286	      4.74427e-18	
      6827.63381	      4.14572e-18	
      6829.53476	      3.58641e-18	
      6831.43571	      5.33465e-18	
      6833.33666	      6.28415e-18	
      6835.23761	      4.56388e-18	
      6837.13856	      5.02823e-18	
      6839.03951	      4.76565e-18	
      6840.94046	      4.45448e-18	
      6842.84141	      4.22043e-18	
      6844.74236	      4.00713e-18	
      6846.64331	      4.36006e-18	
      6848.54426	      4.89495e-18	
      6850.44521	      4.73534e-18	
      6852.34616	      4.11017e-18	
      6854.24711	      4.95868e-18	
      6856.14806	      4.94975e-18	
      6858.04901	      4.26540e-18	
      6859.94996	      4.95609e-18	
      6861.85091	      5.22343e-18	
      6863.75186	      5.38568e-18	
      6865.65281	      5.03022e-18	
      6867.55377	      3.44056e-18	
      6869.45472	      3.84805e-18	
      6871.35567	      3.98030e-18	
      6873.25662	      3.68850e-18	
      6875.15757	      3.56049e-18	
      6877.05852	      4.00310e-18	
      6878.95947	      4.67183e-18	
      6880.86042	      3.33886e-18	
      6882.76137	      4.19852e-18	
      6884.66232	      4.45844e-18	
      6886.56327	      4.04176e-18	
      6888.46422	      3.78819e-18	
      6890.36517	      3.90204e-18	
      6892.26612	      3.85034e-18	
      6894.16707	      3.76648e-18	
      6896.06802	      4.06961e-18	
      6897.96897	      4.01372e-18	
      6899.86992	      3.80790e-18	
      6901.77087	      3.79991e-18	
      6903.67182	      3.93416e-18	
      6905.57277	      3.78947e-18	
      6907.47372	      3.72577e-18	
      6909.37467	      4.24024e-18	
      6911.27563	      4.15313e-18	
      6913.17658	      3.20358e-18	
      6915.07753	      4.02044e-18	
      6916.97848	      4.71415e-18	
      6918.87943	      4.32679e-18	
      6920.78038	      3.66375e-18	
      6922.68133	      3.55503e-18	
      6924.58228	      3.96299e-18	
      6926.48323	      3.76437e-18	
      6928.38418	      4.30380e-18	
      6930.28513	      4.50453e-18	
      6932.18608	      3.68305e-18	
      6934.08703	      3.79028e-18	
      6935.98798	      4.72243e-18	
      6937.88893	      4.76427e-18	
      6939.78988	      4.58981e-18	
      6941.69083	      3.70480e-18	
      6943.59178	      3.86992e-18	
      6945.49273	      4.90428e-18	
      6947.39368	      4.77255e-18	
      6949.29463	      5.10721e-18	
      6951.19558	      5.08456e-18	
      6953.09653	      5.21325e-18	
      6954.99749	      4.82831e-18	
      6956.89844	      4.68379e-18	
      6958.79939	      5.41584e-18	
      6960.70034	      4.73779e-18	
      6962.60129	      4.66731e-18	
      6964.50224	      5.13637e-18	
      6966.40319	      5.06116e-18	
      6968.30414	      4.30553e-18	
      6970.20509	      4.10713e-18	
      6972.10604	      4.28065e-18	
      6974.00699	      5.05977e-18	
      6975.90794	      4.90237e-18	
      6977.80889	      4.89098e-18	
      6979.70984	      4.82192e-18	
      6981.61079	      4.57841e-18	
      6983.51174	      3.97730e-18	
      6985.41269	      4.83137e-18	
      6987.31364	      4.39574e-18	
      6989.21459	      4.19644e-18	
      6991.11554	      4.63605e-18	
      6993.01649	      4.28146e-18	
      6994.91744	      4.11507e-18	
      6996.81839	      4.80231e-18	
      6998.71935	      4.52247e-18	
      7000.62030	      4.49195e-18	
      7002.52125	      4.90500e-18	
      7004.42220	      5.04923e-18	
      7006.32315	      4.07890e-18	
      7008.22410	      4.64531e-18	
      7010.12505	      3.87303e-18	
      7012.02600	      4.76465e-18	
      7013.92695	      5.39309e-18	
      7015.82790	      5.19995e-18	
      7017.72885	      4.53778e-18	
      7019.62980	      4.26461e-18	
      7021.53075	      4.78976e-18	
      7023.43170	      5.69655e-18	
      7025.33265	      4.78998e-18	
      7027.23360	      5.12683e-18	
      7029.13455	      5.46679e-18	
      7031.03550	      5.03084e-18	
      7032.93645	      5.22053e-18	
      7034.83740	      5.49060e-18	
      7036.73835	      5.09814e-18	
      7038.63930	      5.35745e-18	
      7040.54025	      6.14618e-18	
      7042.44121	      6.20821e-18	
      7044.34216	      6.04556e-18	
      7046.24311	      5.82900e-18	
      7048.14406	      5.98836e-18	
      7050.04501	      6.54071e-18	
      7051.94596	      6.22575e-18	
      7053.84691	      5.79251e-18	
      7055.74786	      6.23595e-18	
      7057.64881	      6.29847e-18	
      7059.54976	      5.48772e-18	
      7061.45071	      4.96158e-18	
      7063.35166	      6.06510e-18	
      7065.25261	      5.90111e-18	
      7067.15356	      5.05889e-18	
      7069.05451	      5.89967e-18	
      7070.95546	      6.49869e-18	
      7072.85641	      5.98865e-18	
      7074.75736	      5.96727e-18	
      7076.65831	      5.90688e-18	
      7078.55926	      6.00798e-18	
      7080.46021	      6.25507e-18	
      7082.36116	      6.43088e-18	
      7084.26211	      6.32998e-18	
      7086.16306	      6.28855e-18	
      7088.06402	      6.66647e-18	
      7089.96497	      5.84479e-18	
      7091.86592	      5.42563e-18	
      7093.76687	      5.91542e-18	
      7095.66782	      5.68700e-18	
      7097.56877	      6.27439e-18	
      7099.46972	      6.39583e-18	
      7101.37067	      6.03092e-18	
      7103.27162	      5.92694e-18	
      7105.17257	      6.60645e-18	
      7107.07352	      6.87417e-18	
      7108.97447	      6.53807e-18	
      7110.87542	      6.29322e-18	
      7112.77637	      6.51938e-18	
      7114.67732	      5.85984e-18	
      7116.57827	      6.78546e-18	
      7118.47922	      6.75635e-18	
      7120.38017	      6.74780e-18	
      7122.28112	      6.22957e-18	
      7124.18207	      7.01725e-18	
      7126.08302	      7.08375e-18	
      7127.98397	      6.26548e-18	
      7129.88492	      6.47241e-18	
      7131.78588	      6.46944e-18	
      7133.68683	      6.47548e-18	
      7135.58778	      5.85624e-18	
      7137.48873	      5.87714e-18	
      7139.38968	      6.32774e-18	
      7141.29063	      6.27537e-18	
      7143.19158	      6.49261e-18	
      7145.09253	      6.83833e-18	
      7146.99348	      6.78499e-18	
      7148.89443	      6.67277e-18	
      7150.79538	      7.09629e-18	
      7152.69633	      7.04472e-18	
      7154.59728	      7.16733e-18	
      7156.49823	      7.27225e-18	
      7158.39918	      6.80356e-18	
      7160.30013	      6.58668e-18	
      7162.20108	      6.41636e-18	
      7164.10203	      6.46302e-18	
      7166.00298	      6.59011e-18	
      7167.90393	      6.88670e-18	
      7169.80488	      6.22098e-18	
      7171.70583	      6.30503e-18	
      7173.60678	      6.53051e-18	
      7175.50774	      6.80466e-18	
      7177.40869	      6.45075e-18	
      7179.30964	      6.76194e-18	
      7181.21059	      6.66843e-18	
      7183.11154	      6.45438e-18	
      7185.01249	      6.36854e-18	
      7186.91344	      6.78583e-18	
      7188.81439	      6.58760e-18	
      7190.71534	      6.41608e-18	
      7192.61629	      6.89376e-18	
      7194.51724	      6.69979e-18	
      7196.41819	      6.91389e-18	
      7198.31914	      7.05257e-18	
      7200.22009	      6.71348e-18	
      7202.12104	      7.06409e-18	
      7204.02199	      6.87940e-18	
      7205.92294	      6.55209e-18	
      7207.82389	      7.04673e-18	
      7209.72484	      6.82477e-18	
      7211.62579	      7.03822e-18	
      7213.52674	      7.75973e-18	
      7215.42769	      7.19926e-18	
      7217.32864	      7.45278e-18	
      7219.22960	      7.37195e-18	
      7221.13055	      7.05294e-18	
      7223.03150	      6.85929e-18	
      7224.93245	      7.26229e-18	
      7226.83340	      7.76424e-18	
      7228.73435	      7.85880e-18	
      7230.63530	      7.39140e-18	
      7232.53625	      7.45844e-18	
      7234.43720	      6.31455e-18	
      7236.33815	      7.15851e-18	
      7238.23910	      8.88092e-18	
      7240.14005	      6.96548e-18	
      7242.04100	      6.99503e-18	
      7243.94195	      9.18988e-18	
      7245.84290	      7.01577e-18	
      7247.74385	      7.60372e-18	
      7249.64480	      7.61360e-18	
      7251.54575	      7.31459e-18	
      7253.44670	      8.14745e-18	
      7255.34765	      8.08201e-18	
      7257.24860	      8.87465e-18	
      7259.14955	      8.81893e-18	
      7261.05050	      7.64388e-18	
      7262.95146	      7.53717e-18	
      7264.85241	      7.77073e-18	
      7266.75336	      7.68065e-18	
      7268.65431	      8.24648e-18	
      7270.55526	      8.08433e-18	
      7272.45621	      7.66811e-18	
      7274.35716	      7.80293e-18	
      7276.25811	      9.27498e-18	
      7278.15906	      9.16350e-18	
      7280.06001	      7.78760e-18	
      7281.96096	      8.43575e-18	
      7283.86191	      7.61100e-18	
      7285.76286	      7.77603e-18	
      7287.66381	      7.98952e-18	
      7289.56476	      7.98923e-18	
      7291.46571	      7.61939e-18	
      7293.36666	      7.83009e-18	
      7295.26761	      8.19453e-18	
      7297.16856	      7.71408e-18	
      7299.06951	      7.99690e-18	
      7300.97046	      8.81063e-18	
      7302.87141	      7.96753e-18	
      7304.77236	      7.13216e-18	
      7306.67332	      8.19344e-18	
      7308.57427	      8.52902e-18	
      7310.47522	      8.00050e-18	
      7312.37617	      6.62996e-18	
      7314.27712	      7.05693e-18	
      7316.17807	      9.04439e-18	
      7318.07902	      7.42989e-18	
      7319.97997	      7.64723e-18	
      7321.88092	      7.98363e-18	
      7323.78187	      7.82376e-18	
      7325.68282	      8.93565e-18	
      7327.58377	      1.00800e-17	
      7329.48472	      8.78916e-18	
      7331.38567	      7.83160e-18	
      7333.28662	      7.67997e-18	
      7335.18757	      8.67516e-18	
      7337.08852	      8.07374e-18	
      7338.98947	      7.59586e-18	
      7340.89042	      7.27291e-18	
      7342.79137	      7.72541e-18	
      7344.69232	      7.59293e-18	
      7346.59327	      7.96545e-18	
      7348.49422	      7.76501e-18	
      7350.39517	      8.01459e-18	
      7352.29613	      8.29541e-18	
      7354.19708	      8.02310e-18	
      7356.09803	      7.54133e-18	
      7357.99898	      7.32926e-18	
      7359.89993	      7.51383e-18	
      7361.80088	      7.68973e-18	
      7363.70183	      7.99785e-18	
      7365.60278	      7.75521e-18	
      7367.50373	      6.62120e-18	
      7369.40468	      8.70211e-18	
      7371.30563	      7.56954e-18	
      7373.20658	      8.28530e-18	
      7375.10753	      7.88418e-18	
      7377.00848	      7.64047e-18	
      7378.90943	      7.29454e-18	
      7380.81038	      7.41795e-18	
      7382.71133	      7.22516e-18	
      7384.61228	      7.23226e-18	
      7386.51323	      7.63798e-18	
      7388.41418	      7.84435e-18	
      7390.31513	      6.98020e-18	
      7392.21608	      7.23763e-18	
      7394.11703	      8.20808e-18	
      7396.01799	      7.98350e-18	
      7397.91894	      6.58363e-18	
      7399.81989	      6.89527e-18	
      7401.72084	      7.69057e-18	
      7403.62179	      7.31325e-18	
      7405.52274	      7.95038e-18	
      7407.42369	      7.68071e-18	
      7409.32464	      6.81507e-18	
      7411.22559	      7.13300e-18	
      7413.12654	      7.13145e-18	
      7415.02749	      7.62636e-18	
      7416.92844	      7.21945e-18	
      7418.82939	      6.63936e-18	
      7420.73034	      7.13964e-18	
      7422.63129	      6.80156e-18	
      7424.53224	      7.53723e-18	
      7426.43319	      7.22610e-18	
      7428.33414	      6.52547e-18	
      7430.23509	      6.77161e-18	
      7432.13604	      7.54393e-18	
      7434.03699	      7.19499e-18	
      7435.93794	      7.10469e-18	
      7437.83889	      6.31341e-18	
      7439.73985	      6.82648e-18	
      7441.64080	      6.25883e-18	
      7443.54175	      6.67288e-18	
      7445.44270	      6.13747e-18	
      7447.34365	      5.99829e-18	
      7449.24460	      6.27315e-18	
      7451.14555	      6.49678e-18	
      7453.04650	      6.60063e-18	
      7454.94745	      6.08049e-18	
      7456.84840	      6.25098e-18	
      7458.74935	      6.23796e-18	
      7460.65030	      6.24427e-18	
      7462.55125	      6.73475e-18	
      7464.45220	      6.75531e-18	
      7466.35315	      6.06870e-18	
      7468.25410	      5.63596e-18	
      7470.15505	      6.71224e-18	
      7472.05600	      7.01441e-18	
      7473.95695	      6.73455e-18	
      7475.85790	      6.05876e-18	
      7477.75885	      5.41495e-18	
      7479.65980	      6.81061e-18	
      7481.56075	      5.52187e-18	
      7483.46171	      4.89593e-18	
      7485.36266	      5.71522e-18	
      7487.26361	      5.78494e-18	
      7489.16456	      6.35556e-18	
      7491.06551	      5.65822e-18	
      7492.96646	      6.05005e-18	
      7494.86741	      5.53285e-18	
      7496.76836	      5.21919e-18	
      7498.66931	      5.45621e-18	
      7500.57026	      5.49732e-18	
      7502.47121	      5.95438e-18	
      7504.37216	      5.37264e-18	
      7506.27311	      5.52959e-18	
      7508.17406	      5.69521e-18	
      7510.07501	      5.28758e-18	
      7511.97596	      5.19678e-18	
      7513.87691	      5.55165e-18	
      7515.77786	      6.19338e-18	
      7517.67881	      6.32840e-18	
      7519.57976	      5.21642e-18	
      7521.48071	      3.88555e-18	
      7523.38166	      5.12246e-18	
      7525.28261	      4.91706e-18	
      7527.18357	      4.33945e-18	
      7529.08452	      5.32029e-18	
      7530.98547	      4.26827e-18	
      7532.88642	      4.13293e-18	
      7534.78737	      4.40284e-18	
      7536.68832	      4.54842e-18	
      7538.58927	      5.01668e-18	
      7540.49022	      4.13695e-18	
      7542.39117	      4.39323e-18	
      7544.29212	      4.85454e-18	
      7546.19307	      5.30033e-18	
      7548.09402	      5.05813e-18	
      7549.99497	      4.34302e-18	
      7551.89592	      3.75649e-18	
      7553.79687	      4.87657e-18	
      7555.69782	      4.05061e-18	
      7557.59877	      4.24993e-18	
      7559.49972	      4.25409e-18	
      7561.40067	      4.71412e-18	
      7563.30162	      4.88203e-18	
      7565.20257	      4.40132e-18	
      7567.10352	      4.08967e-18	
      7569.00447	      4.52601e-18	
      7570.90543	      4.34482e-18	
      7572.80638	      3.51184e-18	
      7574.70733	      3.84029e-18	
      7576.60828	      3.51763e-18	
      7578.50923	      3.50153e-18	
      7580.41018	      2.86996e-18	
      7582.31113	      3.69841e-18	
      7584.21208	      3.89761e-18	
      7586.11303	      3.97632e-18	
      7588.01398	      3.03627e-18	
      7589.91493	      3.16604e-18	
      7591.81588	      3.20759e-18	
      7593.71683	      1.57870e-18	
      7595.61778	      1.63788e-18	
      7597.51873	      1.49325e-18	
      7599.41968	      7.56413e-19	
      7601.32063	      1.91066e-18	
      7603.22158	      1.68058e-18	
      7605.12253	      1.18114e-18	
      7607.02348	      8.46416e-19	
      7608.92443	      8.60136e-19	
      7610.82538	      1.05523e-18	
      7612.72633	      1.14392e-18	
      7614.62729	      2.09677e-18	
      7616.52824	      2.28626e-18	
      7618.42919	      1.70063e-18	
      7620.33014	      1.53494e-18	
      7622.23109	      1.61899e-18	
      7624.13204	      1.18052e-18	
      7626.03299	      7.23111e-19	
      7627.93394	      4.63070e-19	
      7629.83489	      8.65370e-19	
      7631.73584	      1.43173e-18	
      7633.63679	      9.37275e-19	
      7635.53774	      1.99420e-19	
      7637.43869	      6.63695e-19	
      7639.33964	      1.44578e-18	
      7641.24059	      1.42908e-18	
      7643.14154	      1.04081e-18	
      7645.04249	      4.97443e-19	
      7646.94344	     -1.17923e-19	
      7648.84439	      1.18890e-18	
      7650.74534	      7.62257e-19	
      7652.64629	      4.42219e-19	
      7654.54724	      4.99107e-19	
      7656.44819	      6.94280e-19	
      7658.34914	     -1.08860e-19	
      7660.25010	      5.10420e-19	
      7662.15105	      1.29690e-18	
      7664.05200	      3.63516e-19	
      7665.95295	      5.91913e-21	
      7667.85390	      7.99935e-19	
      7669.75485	      7.60241e-19	
      7671.65580	      3.46586e-20	
      7673.55675	     -1.65022e-19	
      7675.45770	      1.59681e-19	
      7677.35865	      6.72117e-19	
      7679.25960	      4.95192e-19	
      7681.16055	      7.71555e-19	
      7683.06150	      2.93731e-19	
      7684.96245	      4.82850e-19	
      7686.86340	      3.29360e-19	
      7688.76435	     -1.58212e-19	
      7690.66530	      5.64476e-19	
      7692.56625	      7.61423e-19	
      7694.46720	      4.81890e-19	
      7696.36815	      4.58668e-19	
      7698.26910	      6.51089e-19	
      7700.17005	      7.42163e-19	
      7702.07100	      7.15739e-19	
      7703.97196	      8.83558e-19	
      7705.87291	      1.11502e-18	
      7707.77386	      1.20861e-18	
      7709.67481	      1.77232e-18	
      7711.57576	      2.89276e-19	
      7713.47671	      1.61317e-18	
      7715.37766	      1.95775e-18	
      7717.27861	      1.80163e-18	
      7719.17956	      6.79546e-19	
      7721.08051	      2.52321e-19	
      7722.98146	      1.09990e-18	
      7724.88241	      4.95196e-20	
      7726.78336	      1.18550e-18	
      7728.68431	      1.73404e-18	
      7730.58526	      1.75864e-18	
      7732.48621	      2.29859e-18	
      7734.38716	      1.93781e-18	
      7736.28811	      1.73104e-18	
      7738.18906	      1.48358e-18	
      7740.09001	      1.92447e-18	
      7741.99096	      2.12152e-18	
      7743.89191	      5.47005e-19	
      7745.79286	      9.69500e-19	
      7747.69382	      4.91662e-18	
      7749.59477	      5.74283e-18	
      7751.49572	      3.08797e-18	
      7753.39667	      2.00790e-18	
      7755.29762	      2.34363e-18	
      7757.19857	      2.88038e-18	
      7759.09952	      2.96241e-18	
      7761.00047	      2.82445e-18	
      7762.90142	      3.58423e-18	
      7764.80237	      2.70104e-18	
      7766.70332	      3.66927e-18	
      7768.60427	      3.81879e-18	
      7770.50522	      3.49900e-18	
      7772.40617	      3.36978e-18	
      7774.30712	      2.69615e-18	
      7776.20807	      2.74661e-18	
      7778.10902	      3.20007e-18	
      7780.00997	      3.55905e-18	
      7781.91092	      3.47733e-18	
      7783.81187	      4.26199e-18	
      7785.71282	      4.26679e-18	
      7787.61377	      4.04918e-18	
      7789.51472	      4.62400e-18	
      7791.41568	      4.31861e-18	
      7793.31663	      3.19573e-18	
      7795.21758	      2.93703e-18	
      7797.11853	      2.02377e-18	
      7799.01948	      1.28077e-18	
      7800.92043	      3.05569e-18	
      7802.82138	      4.17596e-18	
      7804.72233	      4.56269e-18	
      7806.62328	      5.89612e-18	
      7808.52423	      5.20966e-18	
      7810.42518	      5.17743e-18	
      7812.32613	      5.37617e-18	
      7814.22708	      5.55083e-18	
      7816.12803	      4.30591e-18	
      7818.02898	      3.71705e-18	
      7819.92993	      4.76169e-18	
      7821.83088	      6.69572e-18	
      7823.73183	      6.47536e-18	
      7825.63278	      5.95282e-18	
      7827.53373	      6.38390e-18	
      7829.43468	      6.75674e-18	
      7831.33563	      5.88042e-18	
      7833.23658	      6.36754e-18	
      7835.13754	      6.37963e-18	
      7837.03849	      6.00512e-18	
      7838.93944	      5.88693e-18	
      7840.84039	      6.41209e-18	
      7842.74134	      6.34516e-18	
      7844.64229	      7.29492e-18	
      7846.54324	      7.94593e-18	
      7848.44419	      1.04312e-17	
      7850.34514	      1.03284e-17	
      7852.24609	      7.98628e-18	
      7854.14704	      7.92984e-18	
      7856.04799	      7.96178e-18	
      7857.94894	      7.62095e-18	
      7859.84989	      6.88605e-18	
      7861.75084	      7.38453e-18	
      7863.65179	      8.05888e-18	
      7865.55274	      6.10070e-18	
      7867.45369	      8.23537e-18	
      7869.35464	      7.61647e-18	
      7871.25559	      7.72511e-18	
      7873.15654	      8.13093e-18	
      7875.05749	      8.01405e-18	
      7876.95844	      9.20157e-18	
      7878.85940	      9.11345e-18	
      7880.76035	      8.42247e-18	
      7882.66130	      8.59064e-18	
      7884.56225	      8.91841e-18	
      7886.46320	      7.46383e-18	
      7888.36415	      7.77726e-18	
      7890.26510	      8.42943e-18	
      7892.16605	      9.39709e-18	
      7894.06700	      9.00279e-18	
      7895.96795	      9.23520e-18	
      7897.86890	      9.44892e-18	
      7899.76985	      9.02400e-18	
      7901.67080	      9.19136e-18	
      7903.57175	      9.25302e-18	
      7905.47270	      8.58283e-18	
      7907.37365	      9.11853e-18	
      7909.27460	      8.88659e-18	
      7911.17555	      1.21572e-17	
      7913.07650	      1.34727e-17	
      7914.97745	      1.07774e-17	
      7916.87840	      1.13678e-17	
      7918.77935	      9.98972e-18	
      7920.68030	      1.01388e-17	
      7922.58125	      1.04890e-17	
      7924.48221	      9.07073e-18	
      7926.38316	      1.00054e-17	
      7928.28411	      1.04703e-17	
      7930.18506	      1.04880e-17	
      7932.08601	      1.06278e-17	
      7933.98696	      1.06660e-17	
      7935.88791	      1.09654e-17	
      7937.78886	      9.99434e-18	
      7939.68981	      9.06529e-18	
      7941.59076	      7.74065e-18	
      7943.49171	      5.92660e-18	
      7945.39266	      4.42830e-18	
      7947.29361	      5.84351e-18	
      7949.19456	      7.84084e-18	
      7951.09551	      1.03356e-17	
      7952.99646	      1.09149e-17	
      7954.89741	      1.17980e-17	
      7956.79836	      1.21133e-17	
      7958.69931	      1.13404e-17	
      7960.60026	      1.26640e-17	
      7962.50121	      1.38705e-17	
      7964.40216	      1.62413e-17	
      7966.30311	      1.50986e-17	
      7968.20407	      1.25077e-17	
      7970.10502	      1.24481e-17	
      7972.00597	      1.18436e-17	
      7973.90692	      1.36717e-17	
      7975.80787	      1.47503e-17	
      7977.70882	      1.52505e-17	
      7979.60977	      1.43157e-17	
      7981.51072	      1.39079e-17	
      7983.41167	      1.33762e-17	
      7985.31262	      1.36710e-17	
      7987.21357	      1.37573e-17	
      7989.11452	      1.29108e-17	
      7991.01547	      1.38662e-17	
      7992.91642	      1.60391e-17	
      7994.81737	      1.43211e-17	
      7996.71832	      1.44973e-17	
      7998.61927	      1.39591e-17	
      8000.52022	      1.32868e-17	
      8002.42117	      1.32340e-17	
      8004.32212	      1.42998e-17	
      8006.22307	      1.37874e-17	
      8008.12402	      1.42142e-17	
      8010.02497	      1.36169e-17	
      8011.92593	      1.28963e-17	
      8013.82688	      1.37458e-17	
      8015.72783	      1.40691e-17	
      8017.62878	      1.40849e-17	
      8019.52973	      1.50462e-17	
      8021.43068	      1.61503e-17	
      8023.33163	      1.54237e-17	
      8025.23258	      1.57604e-17	
      8027.13353	      1.51851e-17	
      8029.03448	      1.59871e-17	
      8030.93543	      1.63160e-17	
      8032.83638	      1.54670e-17	
      8034.73733	      1.57338e-17	
      8036.63828	      1.55279e-17	
      8038.53923	      1.49563e-17	
      8040.44018	      1.55346e-17	
      8042.34113	      1.59844e-17	
      8044.24208	      1.62889e-17	
      8046.14303	      1.62742e-17	
      8048.04398	      1.63508e-17	
      8049.94493	      1.58141e-17	
      8051.84588	      1.69469e-17	
      8053.74683	      1.81460e-17	
      8055.64779	      1.74646e-17	
      8057.54874	      1.65555e-17	
      8059.44969	      1.58122e-17	
      8061.35064	      1.57002e-17	
      8063.25159	      1.61750e-17	
      8065.15254	      1.71778e-17	
      8067.05349	      1.72586e-17	
      8068.95444	      1.79729e-17	
      8070.85539	      1.78646e-17	
      8072.75634	      1.78219e-17	
      8074.65729	      1.83940e-17	
      8076.55824	      1.79979e-17	
      8078.45919	      1.77987e-17	
      8080.36014	      1.83415e-17	
      8082.26109	      1.78240e-17	
      8084.16204	      1.72349e-17	
      8086.06299	      1.70265e-17	
      8087.96394	      1.70902e-17	
      8089.86489	      1.75562e-17	
      8091.76584	      1.85590e-17	
      8093.66679	      1.79927e-17	
      8095.56774	      1.83742e-17	
      8097.46869	      1.93228e-17	
      8099.36965	      1.91658e-17	
      8101.27060	      1.92630e-17	
      8103.17155	      1.88194e-17	
      8105.07250	      1.91583e-17	
      8106.97345	      1.99243e-17	
      8108.87440	      1.91800e-17	
      8110.77535	      1.89198e-17	
      8112.67630	      1.79606e-17	
      8114.57725	      1.84541e-17	
      8116.47820	      1.96967e-17	
      8118.37915	      2.00770e-17	
      8120.28010	      2.08269e-17	
      8122.18105	      1.90884e-17	
      8124.08200	      1.95657e-17	
      8125.98295	      2.01241e-17	
      8127.88390	      1.95614e-17	
      8129.78485	      1.96451e-17	
      8131.68580	      2.03619e-17	
      8133.58675	      2.03305e-17	
      8135.48770	      2.00695e-17	
      8137.38865	      2.00095e-17	
      8139.28960	      2.00814e-17	
      8141.19055	      2.03973e-17	
      8143.09151	      1.89458e-17	
      8144.99246	      1.89270e-17	
      8146.89341	      1.90663e-17	
      8148.79436	      1.92631e-17	
      8150.69531	      1.94041e-17	
      8152.59626	      2.00924e-17	
      8154.49721	      2.11680e-17	
      8156.39816	      2.06546e-17	
      8158.29911	      2.14881e-17	
      8160.20006	      2.05834e-17	
      8162.10101	      2.08634e-17	
      8164.00196	      2.28901e-17	
      8165.90291	      2.35706e-17	
      8167.80386	      2.24650e-17	
      8169.70481	      2.22079e-17	
      8171.60576	      2.27753e-17	
      8173.50671	      2.16533e-17	
      8175.40766	      2.15596e-17	
      8177.30861	      2.13666e-17	
      8179.20956	      1.88388e-17	
      8181.11051	      1.65561e-17	
      8183.01146	      1.77706e-17	
      8184.91241	      1.88885e-17	
      8186.81336	      2.02570e-17	
      8188.71432	      1.99321e-17	
      8190.61527	      1.79874e-17	
      8192.51622	      1.65072e-17	
      8194.41717	      1.63106e-17	
      8196.31812	      1.80675e-17	
      8198.21907	      2.04405e-17	
      8200.12002	      2.26311e-17	
      8202.02097	      2.37004e-17	
      8203.92192	      2.36049e-17	
      8205.82287	      2.29029e-17	
      8207.72382	      2.31192e-17	
      8209.62477	      2.38277e-17	
      8211.52572	      2.38004e-17	
      8213.42667	      2.41366e-17	
      8215.32762	      2.30380e-17	
      8217.22857	      2.30518e-17	
      8219.12952	      2.44517e-17	
      8221.03047	      2.48879e-17	
      8222.93142	      2.39311e-17	
      8224.83237	      2.34682e-17	
      8226.73332	      2.38786e-17	
      8228.63427	      2.38827e-17	
      8230.53522	      2.33736e-17	
      8232.43618	      2.32833e-17	
      8234.33713	      2.44378e-17	
      8236.23808	      2.47173e-17	
      8238.13903	      2.50802e-17	
      8240.03998	      2.61089e-17	
      8241.94093	      2.61595e-17	
      8243.84188	      2.67279e-17	
      8245.74283	      2.64450e-17	
      8247.64378	      2.65510e-17	
      8249.54473	      2.56674e-17	
      8251.44568	      2.45313e-17	
      8253.34663	      2.53063e-17	
      8255.24758	      2.52384e-17	
      8257.14853	      2.54629e-17	
      8259.04948	      2.64055e-17	
      8260.95043	      2.76036e-17	
      8262.85138	      2.55719e-17	
      8264.75233	      2.57467e-17	
      8266.65328	      2.61120e-17	
      8268.55423	      2.51873e-17	
      8270.45518	      2.62822e-17	
      8272.35613	      2.80579e-17	
      8274.25708	      2.67938e-17	
      8276.15804	      2.45998e-17	
      8278.05899	      2.34975e-17	
      8279.95994	      2.26398e-17	
      8281.86089	      2.24847e-17	
      8283.76184	      2.49963e-17	
      8285.66279	      2.48738e-17	
      8287.56374	      2.54517e-17	
      8289.46469	      2.34155e-17	
      8291.36564	      2.66183e-17	
      8293.26659	      2.67149e-17	
      8295.16754	      2.54090e-17	
      8297.06849	      2.80246e-17	
      8298.96944	      2.65808e-17	
      8300.87039	      2.74365e-17	
      8302.77134	      2.67351e-17	
      8304.67229	      2.71906e-17	
      8306.57324	      2.71878e-17	
      8308.47419	      2.70800e-17	
      8310.37514	      2.57130e-17	
      8312.27609	      2.85939e-17	
      8314.17704	      2.78664e-17	
      8316.07799	      2.77814e-17	
      8317.97894	      2.79096e-17	
      8319.87990	      2.82103e-17	
      8321.78085	      2.82853e-17	
      8323.68180	      2.81648e-17	
      8325.58275	      2.72907e-17	
      8327.48370	      2.72494e-17	
      8329.38465	      2.86388e-17	
      8331.28560	      2.80739e-17	
      8333.18655	      2.75685e-17	
      8335.08750	      2.78960e-17	
      8336.98845	      3.02428e-17	
      8338.88940	      3.16176e-17	
      8340.79035	      2.88163e-17	
      8342.69130	      3.03545e-17	
      8344.59225	      2.99603e-17	
      8346.49320	      2.98944e-17	
      8348.39415	      3.05341e-17	
      8350.29510	      3.05279e-17	
      8352.19605	      3.01509e-17	
      8354.09700	      2.89435e-17	
      8355.99795	      2.88474e-17	
      8357.89890	      2.91088e-17	
      8359.79985	      2.82600e-17	
      8361.70080	      2.89483e-17	
      8363.60176	      2.89070e-17	
      8365.50271	      2.97822e-17	
      8367.40366	      3.04383e-17	
      8369.30461	      2.92082e-17	
      8371.20556	      2.83613e-17	
      8373.10651	      2.90325e-17	
      8375.00746	      3.05203e-17	
      8376.90841	      3.13346e-17	
      8378.80936	      3.11355e-17	
      8380.71031	      3.11011e-17	
      8382.61126	      3.22647e-17	
      8384.51221	      3.17060e-17	
      8386.41316	      3.05842e-17	
      8388.31411	      3.21617e-17	
      8390.21506	      3.15421e-17	
      8392.11601	      3.34941e-17	
      8394.01696	      3.51023e-17	
      8395.91791	      3.39991e-17	
      8397.81886	      3.53418e-17	
      8399.71981	      3.56535e-17	
      8401.62076	      3.25346e-17	
      8403.52171	      3.24783e-17	
      8405.42266	      3.34660e-17	
      8407.32362	      3.26660e-17	
      8409.22457	      3.13162e-17	
      8411.12552	      3.05814e-17	
      8413.02647	      3.14851e-17	
      8414.92742	      3.20422e-17	
      8416.82837	      3.22146e-17	
      8418.72932	      3.14664e-17	
      8420.63027	      3.16940e-17	
      8422.53122	      3.37831e-17	
      8424.43217	      3.85922e-17	
      8426.33312	      3.92525e-17	
      8428.23407	      4.18359e-17	
      8430.13502	      4.57605e-17	
      8432.03597	      3.84656e-17	
      8433.93692	      3.17744e-17	
      8435.83787	      3.33741e-17	
      8437.73882	      3.16334e-17	
      8439.63977	      3.16431e-17	
      8441.54072	      3.06702e-17	
      8443.44167	      3.10212e-17	
      8445.34262	      2.99112e-17	
      8447.24357	      2.94339e-17	
      8449.14452	      2.91275e-17	
      8451.04548	      3.01788e-17	
      8452.94643	      2.99739e-17	
      8454.84738	      3.10792e-17	
      8456.74833	      2.95322e-17	
      8458.64928	      2.90516e-17	
      8460.55023	      2.70667e-17	
      8462.45118	      2.81347e-17	
      8464.35213	      2.64559e-17	
      8466.25308	      2.86191e-17	
      8468.15403	      3.12860e-17	
      8470.05498	      3.14712e-17	
      8471.95593	      3.12376e-17	
      8473.85688	      3.31628e-17	
      8475.75783	      3.08420e-17	
      8477.65878	      3.04285e-17	
      8479.55973	      3.14911e-17	
      8481.46068	      3.12972e-17	
      8483.36163	      3.10849e-17	
      8485.26258	      3.10030e-17	
      8487.16353	      2.95888e-17	
      8489.06448	      3.19598e-17	
      8490.96543	      3.31903e-17	
      8492.86638	      3.42934e-17	
      8494.76733	      3.40277e-17	
      8496.66829	      3.18821e-17	
      8498.56924	      3.24977e-17	
      8500.47019	      3.21375e-17	
      8502.37114	      3.13017e-17	
      8504.27209	      3.09209e-17	
      8506.17304	      3.14638e-17	
      8508.07399	      3.04612e-17	
      8509.97494	      3.12511e-17	
      8511.87589	      3.05484e-17	
      8513.77684	      2.89857e-17	
      8515.67779	      2.38989e-17	
      8517.57874	      1.79547e-17	
      8519.47969	      1.54912e-17	
      8521.38064	      1.83195e-17	
      8523.28159	      2.34428e-17	
      8525.18254	      2.83655e-17	
      8527.08349	      3.06838e-17	
      8528.98444	      3.13852e-17	
      8530.88539	      3.13917e-17	
      8532.78634	      3.29030e-17	
      8534.68729	      3.32794e-17	
      8536.58824	      3.27727e-17	
      8538.48919	      3.42300e-17	
      8540.39015	      3.61727e-17	
      8542.29110	      3.54645e-17	
      8544.19205	      3.54158e-17	
      8546.09300	      3.52957e-17	
      8547.99395	      3.49534e-17	
      8549.89490	      3.52342e-17	
      8551.79585	      3.49644e-17	
      8553.69680	      3.43093e-17	
      8555.59775	      3.42375e-17	
      8557.49870	      3.44884e-17	
      8559.39965	      3.41080e-17	
      8561.30060	      3.33801e-17	
      8563.20155	      3.41710e-17	
      8565.10250	      3.63907e-17	
      8567.00345	      3.70136e-17	
      8568.90440	      3.60811e-17	
      8570.80535	      3.62174e-17	
      8572.70630	      3.59684e-17	
      8574.60725	      3.49826e-17	
      8576.50820	      3.65992e-17	
      8578.40915	      3.69356e-17	
      8580.31010	      3.75641e-17	
      8582.21105	      3.82502e-17	
      8584.11201	      3.79161e-17	
      8586.01296	      3.77349e-17	
      8587.91391	      3.70632e-17	
      8589.81486	      3.66844e-17	
      8591.71581	      3.74557e-17	
      8593.61676	      3.76948e-17	
      8595.51771	      3.63169e-17	
      8597.41866	      3.53542e-17	
      8599.31961	      3.55503e-17	
      8601.22056	      3.57498e-17	
      8603.12151	      3.77644e-17	
      8605.02246	      3.70889e-17	
      8606.92341	      3.32175e-17	
      8608.82436	      2.88579e-17	
      8610.72531	      2.38819e-17	
      8612.62626	      2.09727e-17	
      8614.52721	      1.90122e-17	
      8616.42816	      1.81795e-17	
      8618.32911	      1.98734e-17	
      8620.23006	      1.84042e-17	
      8622.13101	      1.91483e-17	
      8624.03196	      2.07300e-17	
      8625.93291	      2.05102e-17	
      8627.83387	      1.67556e-17	
      8629.73482	      1.82344e-17	
      8631.63577	      1.95636e-17	
      8633.53672	      1.90828e-17	
      8635.43767	      1.94439e-17	
      8637.33862	      2.01056e-17	
      8639.23957	      2.11179e-17	
      8641.14052	      2.20916e-17	
      8643.04147	      2.08338e-17	
      8644.94242	      2.16069e-17	
      8646.84337	      2.28676e-17	
      8648.74432	      2.33008e-17	
      8650.64527	      2.67305e-17	
      8652.54622	      2.60673e-17	
      8654.44717	      2.45772e-17	
      8656.34812	      2.77649e-17	
      8658.24907	      2.59163e-17	
      8660.15002	      2.55421e-17	
      8662.05097	      2.71612e-17	
      8663.95192	      2.92790e-17	
      8665.85287	      2.87901e-17	
      8667.75382	      2.69792e-17	
      8669.65477	      2.62228e-17	
      8671.55573	      2.62931e-17	
      8673.45668	      2.94361e-17	
      8675.35763	      2.88796e-17	
      8677.25858	      2.81053e-17	
      8679.15953	      2.57724e-17	
      8681.06048	      2.52470e-17	
      8682.96143	      2.49509e-17	
      8684.86238	      2.76214e-17	
      8686.76333	      2.80694e-17	
      8688.66428	      2.66051e-17	
      8690.56523	      2.28500e-17	
      8692.46618	      2.08088e-17	
      8694.36713	      1.91962e-17	
      8696.26808	      2.04013e-17	
      8698.16903	      2.31218e-17	
      8700.06998	      2.20860e-17	
      8701.97093	      2.10596e-17	
      8703.87188	      2.22253e-17	
      8705.77283	      2.00842e-17	
      8707.67378	      1.94733e-17	
      8709.57473	      2.07965e-17	
      8711.47568	      2.00918e-17	
      8713.37663	      2.21882e-17	
      8715.27759	      2.28942e-17	
      8717.17854	      2.23038e-17	
      8719.07949	      2.16188e-17	
      8720.98044	      2.11623e-17	
      8722.88139	      2.20532e-17	
      8724.78234	      2.43516e-17	
      8726.68329	      2.34271e-17	
      8728.58424	      2.26222e-17	
      8730.48519	      2.27281e-17	
      8732.38614	      2.18770e-17	
      8734.28709	      2.29141e-17	
      8736.18804	      2.34270e-17	
      8738.08899	      2.39521e-17	
      8739.98994	      2.34207e-17	
      8741.89089	      2.46278e-17	
      8743.79184	      2.62279e-17	
      8745.69279	      2.49843e-17	
      8747.59374	      2.39119e-17	
      8749.49469	      2.36954e-17	
      8751.39564	      2.46142e-17	
      8753.29659	      2.63690e-17	
      8755.19754	      2.59010e-17	
      8757.09849	      2.78748e-17	
      8758.99944	      2.70908e-17	
      8760.90040	      2.55912e-17	
      8762.80135	      2.50317e-17	
      8764.70230	      2.31560e-17	
      8766.60325	      2.23377e-17	
      8768.50420	      2.54957e-17	
      8770.40515	      3.02136e-17	
      8772.30610	      3.35780e-17	
      8774.20705	      3.31263e-17	
      8776.10800	      3.04045e-17	
      8778.00895	      2.73774e-17	
      8779.90990	      2.61129e-17	
      8781.81085	      2.55561e-17	
      8783.71180	      2.65984e-17	
      8785.61275	      2.72276e-17	
      8787.51370	      2.73691e-17	
      8789.41465	      2.68143e-17	
      8791.31560	      2.60237e-17	
      8793.21655	      2.75070e-17	
      8795.11750	      3.01757e-17	
      8797.01845	      2.82071e-17	
      8798.91940	      2.51731e-17	
      8800.82035	      2.38902e-17	
      8802.72130	      2.41505e-17	
      8804.62226	      2.64114e-17	
      8806.52321	      2.48693e-17	
      8808.42416	      2.60617e-17	
      8810.32511	      3.04900e-17	
      8812.22606	      3.30723e-17	
      8814.12701	      3.54127e-17	
      8816.02796	      3.62658e-17	
      8817.92891	      3.45800e-17	
      8819.82986	      3.16769e-17	
      8821.73081	      3.21056e-17	
      8823.63176	      3.62309e-17	
      8825.53271	      4.02760e-17	
      8827.43366	      3.87217e-17	
      8829.33461	      3.46300e-17	
      8831.23556	      3.22377e-17	
      8833.13651	      3.46094e-17	
      8835.03746	      3.38225e-17	
      8836.93841	      3.27252e-17	
      8838.83936	      3.50172e-17	
      8840.74031	      3.30495e-17	
      8842.64126	      2.90570e-17	
      8844.54221	      2.74074e-17	
      8846.44316	      2.85513e-17	
      8848.34412	      3.06841e-17	
      8850.24507	      3.39497e-17	
      8852.14602	      3.46900e-17	
      8854.04697	      3.12150e-17	
      8855.94792	      2.86436e-17	
      8857.84887	      3.07218e-17	
      8859.74982	      3.28831e-17	
      8861.65077	      3.39620e-17	
      8863.55172	      3.39329e-17	
      8865.45267	      3.08539e-17	
      8867.35362	      2.87800e-17	
      8869.25457	      2.66389e-17	
      8871.15552	      2.73731e-17	
      8873.05647	      3.12399e-17	
      8874.95742	      3.55679e-17	
      8876.85837	      3.69456e-17	
      8878.75932	      3.51798e-17	
      8880.66027	      3.15107e-17	
      8882.56122	      3.08562e-17	
      8884.46217	      3.39506e-17	
      8886.36312	      3.77082e-17	
      8888.26407	      3.80529e-17	
      8890.16502	      3.64391e-17	
      8892.06598	      3.01611e-17	
      8893.96693	      2.89065e-17	
      8895.86788	      3.02573e-17	
      8897.76883	      2.90115e-17	
      8899.66978	      3.50475e-17	
      8901.57073	      3.78490e-17	
      8903.47168	      3.40052e-17	
      8905.37263	      3.25224e-17	
      8907.27358	      3.20916e-17	
      8909.17453	      3.21569e-17	
      8911.07548	      3.45381e-17	
      8912.97643	      3.69596e-17	
      8914.87738	      3.83293e-17	
      8916.77833	      3.95562e-17	
      8918.67928	      4.07610e-17	
      8920.58023	      3.65840e-17	
      8922.48118	      3.21846e-17	
      8924.38213	      3.27976e-17	
      8926.28308	      3.25458e-17	
      8928.18403	      3.60076e-17	
      8930.08498	      3.90512e-17	
      8931.98593	      3.73960e-17	
      8933.88688	      3.36108e-17	
      8935.78784	      3.13362e-17	
      8937.68879	      2.65541e-17	
      8939.58974	      2.27216e-17	
      8941.49069	      2.25453e-17	
      8943.39164	      2.56517e-17	
      8945.29259	      2.96513e-17	
      8947.19354	      3.09980e-17	
      8949.09449	      3.05825e-17	
      8950.99544	      3.35586e-17	
      8952.89639	      3.84930e-17	
      8954.79734	      4.14775e-17	
      8956.69829	      3.82104e-17	
      8958.59924	      3.61918e-17	
      8960.50019	      3.48557e-17	
      8962.40114	      3.32159e-17	
      8964.30209	      3.35542e-17	
      8966.20304	      3.42127e-17	
      8968.10399	      3.41894e-17	
      8970.00494	      3.51590e-17	
      8971.90589	      3.75269e-17	
      8973.80684	      3.94214e-17	
      8975.70779	      3.65300e-17	
      8977.60874	      3.44810e-17	
      8979.50970	      3.49947e-17	
      8981.41065	      3.71629e-17	
      8983.31160	      3.97726e-17	
      8985.21255	      3.90076e-17	
      8987.11350	      3.82744e-17	
      8989.01445	      3.75512e-17	
      8990.91540	      3.43461e-17	
      8992.81635	      3.31234e-17	
      8994.71730	      3.44095e-17	
      8996.61825	      3.31801e-17	
      8998.51920	      3.55579e-17	
      9000.42015	      3.82198e-17	
      9002.32110	      4.13580e-17	
      9004.22205	      4.16998e-17	
      9006.12300	      3.66653e-17	
      9008.02395	      3.64675e-17	
      9009.92490	      3.84887e-17	
      9011.82585	      3.67518e-17	
      9013.72680	      3.82188e-17	
      9015.62775	      3.90421e-17	
      9017.52870	      3.78360e-17	
      9019.42965	      3.62173e-17	
      9021.33060	      3.53287e-17	
      9023.23155	      3.20528e-17	
      9025.13251	      3.30407e-17	
      9027.03346	      3.55574e-17	
      9028.93441	      3.72936e-17	
      9030.83536	      3.89875e-17	
      9032.73631	      4.27521e-17	
      9034.63726	      4.26477e-17	
      9036.53821	      4.02849e-17	
      9038.43916	      4.06035e-17	
      9040.34011	      3.90792e-17	
      9042.24106	      3.73514e-17	
      9044.14201	      3.85141e-17	
      9046.04296	      3.99832e-17	
      9047.94391	      3.95031e-17	
      9049.84486	      3.87114e-17	
      9051.74581	      4.04395e-17	
      9053.64676	      3.68711e-17	
      9055.54771	      3.52127e-17	
      9057.44866	      3.53699e-17	
      9059.34961	      3.59133e-17	
      9061.25056	      3.52388e-17	
      9063.15151	      3.63095e-17	
      9065.05246	      3.60306e-17	
      9066.95341	      3.71713e-17	
      9068.85437	      3.59551e-17	
      9070.75532	      3.55307e-17	
      9072.65627	      3.76212e-17	
      9074.55722	      4.02057e-17	
      9076.45817	      4.05560e-17	
      9078.35912	      4.07259e-17	
      9080.26007	      3.99773e-17	
      9082.16102	      4.11124e-17	
      9084.06197	      3.98010e-17	
      9085.96292	      3.93361e-17	
      9087.86387	      3.98905e-17	
      9089.76482	      4.04389e-17	
      9091.66577	      4.18953e-17	
      9093.56672	      4.22646e-17	
      9095.46767	      4.03268e-17	
      9097.36862	      4.14532e-17	
      9099.26957	      4.16620e-17	
      9101.17052	      3.90973e-17	
      9103.07147	      3.81370e-17	
      9104.97242	      4.15359e-17	
      9106.87337	      4.42287e-17	
      9108.77432	      4.22134e-17	
      9110.67527	      4.30354e-17	
      9112.57623	      4.34349e-17	
      9114.47718	      4.23704e-17	
      9116.37813	      4.46294e-17	
      9118.27908	      4.41241e-17	
      9120.18003	      4.29029e-17	
      9122.08098	      4.25311e-17	
      9123.98193	      4.20935e-17	
      9125.88288	      4.19056e-17	
      9127.78383	      4.44503e-17	
      9129.68478	      4.51730e-17	
      9131.58573	      4.45524e-17	
      9133.48668	      4.29015e-17	
      9135.38763	      4.08914e-17	
      9137.28858	      4.09006e-17	
      9139.18953	      4.33346e-17	
      9141.09048	      4.45552e-17	
      9142.99143	      4.56345e-17	
      9144.89238	      4.29341e-17	
      9146.79333	      4.02524e-17	
      9148.69428	      4.15466e-17	
      9150.59523	      4.63490e-17	
      9152.49618	      4.85913e-17	
      9154.39713	      4.89951e-17	
      9156.29809	      4.71505e-17	
      9158.19904	      4.66353e-17	
      9160.09999	      4.41733e-17	
      9162.00094	      4.53389e-17	
      9163.90189	      4.79324e-17	
      9165.80284	      4.62753e-17	
      9167.70379	      4.36516e-17	
      9169.60474	      4.13620e-17	
      9171.50569	      4.17190e-17	
      9173.40664	      4.11032e-17	
      9175.30759	      4.50645e-17	
      9177.20854	      4.37987e-17	
      9179.10949	      4.56423e-17	
      9181.01044	      4.63719e-17	
      9182.91139	      4.72273e-17	
      9184.81234	      5.25220e-17	
      9186.71329	      5.16685e-17	
      9188.61424	      4.94058e-17	
      9190.51519	      4.82686e-17	
      9192.41614	      4.93082e-17	
      9194.31709	      5.03556e-17	
      9196.21804	      5.20386e-17	
      9198.11899	      5.20989e-17	
      9200.01995	      5.13035e-17	
      9201.92090	      4.94320e-17	
      9203.82185	      4.74882e-17	
      9205.72280	      4.72480e-17	
      9207.62375	      4.42721e-17	
      9209.52470	      4.48233e-17	
      9211.42565	      4.76927e-17	
      9213.32660	      4.82503e-17	
      9215.22755	      4.98469e-17	
      9217.12850	      4.79921e-17	
      9219.02945	      4.80050e-17	
      9220.93040	      4.86597e-17	
      9222.83135	      4.87038e-17	
      9224.73230	      4.83170e-17	
      9226.63325	      5.01759e-17	
      9228.53420	      4.82923e-17	
      9230.43515	      4.65639e-17	
      9232.33610	      4.69625e-17	
      9234.23705	      4.87676e-17	
      9236.13800	      5.10957e-17	
      9238.03895	      5.28124e-17	
      9239.93990	      5.28748e-17	
      9241.84085	      4.92776e-17	
      9243.74181	      4.78159e-17	
      9245.64276	      4.61021e-17	
      9247.54371	      4.61571e-17	
      9249.44466	      4.87891e-17	
      9251.34561	      5.04800e-17	
      9253.24656	      5.20340e-17	
      9255.14751	      5.16931e-17	
      9257.04846	      4.77511e-17	
      9258.94941	      4.69497e-17	
      9260.85036	      4.83212e-17	
      9262.75131	      4.89363e-17	
      9264.65226	      4.99054e-17	
      9266.55321	      4.82636e-17	
      9268.45416	      4.63861e-17	
      9270.35511	      4.35904e-17	
      9272.25606	      4.04308e-17	
      9274.15701	      4.07921e-17	
      9276.05796	      4.16057e-17	
      9277.95891	      4.26435e-17	
      9279.85986	      4.34881e-17	
      9281.76081	      4.53057e-17	
      9283.66176	      4.59254e-17	
      9285.56271	      4.62082e-17	
      9287.46367	      4.60336e-17	
      9289.36462	      4.52254e-17	
      9291.26557	      4.37724e-17	
      9293.16652	      4.33239e-17	
      9295.06747	      4.22360e-17	
      9296.96842	      4.36530e-17	
      9298.86937	      4.43253e-17	
      9300.77032	      4.48252e-17	
      9302.67127	      4.51899e-17	
      9304.57222	      4.32413e-17	
      9306.47317	      5.03116e-17	
      9308.37412	      4.85126e-17	
      9310.27507	      4.20200e-17	
      9312.17602	      4.16165e-17	
      9314.07697	      4.15255e-17	
      9315.97792	      4.45544e-17	
      9317.87887	      3.96584e-17	
      9319.77982	      3.73532e-17	
      9321.68077	      4.16854e-17	
      9323.58172	      4.26079e-17	
      9325.48267	      4.22405e-17	
      9327.38362	      4.35432e-17	
      9329.28457	      4.04203e-17	
      9331.18552	      4.03235e-17	
      9333.08648	      3.83982e-17	
      9334.98743	      3.86987e-17	
      9336.88838	      3.80638e-17	
      9338.78933	      3.48104e-17	
      9340.69028	      3.75512e-17	
      9342.59123	      4.20101e-17	
      9344.49218	      4.52041e-17	
      9346.39313	      4.65964e-17	
      9348.29408	      4.38575e-17	
      9350.19503	      3.84363e-17	
      9352.09598	      3.61106e-17	
      9353.99693	      4.10737e-17	
      9355.89788	      4.62675e-17	
      9357.79883	      4.98384e-17	
      9359.69978	      4.82011e-17	
      9361.60073	      4.55530e-17	
      9363.50168	      4.10174e-17	
      9365.40263	      3.86080e-17	
      9367.30358	      4.17453e-17	
      9369.20453	      4.71815e-17	
      9371.10548	      4.60740e-17	
      9373.00643	      4.33351e-17	
      9374.90738	      4.31178e-17	
      9376.80834	      4.14367e-17	
      9378.70929	      4.49978e-17	
      9380.61024	      4.40051e-17	
      9382.51119	      4.44609e-17	
      9384.41214	      4.84325e-17	
      9386.31309	      4.99232e-17	
      9388.21404	      5.12528e-17	
      9390.11499	      5.09766e-17	
      9392.01594	      4.90574e-17	
      9393.91689	      4.96872e-17	
      9395.81784	      5.31776e-17	
      9397.71879	      5.71637e-17	
      9399.61974	      5.47313e-17	
      9401.52069	      5.10349e-17	
      9403.42164	      5.34910e-17	
      9405.32259	      5.53913e-17	
      9407.22354	      5.52734e-17	
      9409.12449	      5.14509e-17	
      9411.02544	      4.88015e-17	
      9412.92639	      5.02510e-17	
      9414.82734	      5.22266e-17	
      9416.72829	      5.23091e-17	
      9418.62924	      4.77602e-17	
      9420.53020	      4.35368e-17	
      9422.43115	      3.98037e-17	
      9424.33210	      4.19693e-17	
      9426.23305	      4.93118e-17	
      9428.13400	      5.18702e-17	
      9430.03495	      5.24376e-17	
      9431.93590	      5.07392e-17	
      9433.83685	      4.86443e-17	
      9435.73780	      5.06157e-17	
      9437.63875	      4.74974e-17	
      9439.53970	      4.65360e-17	
      9441.44065	      4.84765e-17	
      9443.34160	      4.90311e-17	
      9445.24255	      5.07590e-17	
      9447.14350	      5.21347e-17	
      9449.04445	      5.07848e-17	
      9450.94540	      4.97474e-17	
      9452.84635	      4.93457e-17	
      9454.74730	      4.69461e-17	
      9456.64825	      4.76977e-17	
      9458.54920	      5.37515e-17	
      9460.45015	      5.19230e-17	
      9462.35110	      5.20606e-17	
      9464.25206	      5.37763e-17	
      9466.15301	      5.49664e-17	
      9468.05396	      5.77438e-17	
      9469.95491	      4.96847e-17	
      9471.85586	      4.25020e-17	
      9473.75681	      4.62594e-17	
      9475.65776	      4.80280e-17	
      9477.55871	      4.89993e-17	
      9479.45966	      5.55646e-17	
      9481.36061	      5.99401e-17	
      9483.26156	      5.88829e-17	
      9485.16251	      6.28680e-17	
      9487.06346	      5.96551e-17	
      9488.96441	      5.62311e-17	
      9490.86536	      5.50698e-17	
      9492.76631	      5.33139e-17	
      9494.66726	      4.97896e-17	
      9496.56821	      5.19136e-17	
      9498.46916	      5.75670e-17	
      9500.37011	      5.15763e-17	
      9502.27106	      5.39411e-17	
      9504.17201	      5.97535e-17	
      9506.07296	      6.33704e-17	
      9507.97392	      6.32676e-17	
      9509.87487	      5.75044e-17	
      9511.77582	      4.17884e-17	
      9513.67677	      4.48207e-17	
      9515.57772	      4.42306e-17	
      9517.47867	      5.21141e-17	
      9519.37962	      5.19963e-17	
      9521.28057	      5.60390e-17	
      9523.18152	      6.08104e-17	
      9525.08247	      6.52419e-17	
      9526.98342	      6.68384e-17	
      9528.88437	      6.44073e-17	
      9530.78532	      5.90989e-17	
      9532.68627	      5.85942e-17	
      9534.58722	      5.95950e-17	
      9536.48817	      6.25613e-17	
      9538.38912	      5.94205e-17	
      9540.29007	      5.87943e-17	
      9542.19102	      6.16571e-17	
      9544.09197	      6.12130e-17	
      9545.99292	      5.98361e-17	
      9547.89387	      5.85547e-17	
      9549.79482	      6.26888e-17	
      9551.69578	      5.93261e-17	
      9553.59673	      6.12722e-17	
      9555.49768	      6.21913e-17	
      9557.39863	      6.07888e-17	
      9559.29958	      5.89016e-17	
      9561.20053	      5.93136e-17	
      9563.10148	      5.72772e-17	
      9565.00243	      6.36936e-17	
      9566.90338	      6.48233e-17	
      9568.80433	      7.03355e-17	
      9570.70528	      6.68558e-17	
      9572.60623	      6.33127e-17	
      9574.50718	      6.17413e-17	
      9576.40813	      6.20008e-17	
      9578.30908	      6.46637e-17	
      9580.21003	      5.90948e-17	
      9582.11098	      5.78732e-17	
      9584.01193	      5.58430e-17	
      9585.91288	      5.49512e-17	
      9587.81383	      5.54177e-17	
      9589.71478	      5.25337e-17	
      9591.61573	      5.64594e-17	
      9593.51668	      5.47895e-17	
      9595.41763	      5.58466e-17	
      9597.31859	      5.77952e-17	
      9599.21954	      5.88857e-17	
      9601.12049	      6.29816e-17	
      9603.02144	      6.33881e-17	
      9604.92239	      6.30509e-17	
      9606.82334	      6.09591e-17	
      9608.72429	      5.73502e-17	
      9610.62524	      5.83514e-17	
      9612.52619	      6.00972e-17	
      9614.42714	      6.50675e-17	
      9616.32809	      6.44006e-17	
      9618.22904	      6.52991e-17	
      9620.12999	      6.54335e-17	
      9622.03094	      6.65854e-17	
      9623.93189	      6.50130e-17	
      9625.83284	      6.25563e-17	
      9627.73379	      6.26306e-17	
      9629.63474	      6.08855e-17	
      9631.53569	      5.58946e-17	
      9633.43664	      5.34564e-17	
      9635.33759	      5.63035e-17	
      9637.23854	      5.55591e-17	
      9639.13949	      5.03257e-17	
      9641.04045	      5.23790e-17	
      9642.94140	      5.55416e-17	
      9644.84235	      5.79875e-17	
      9646.74330	      5.55284e-17	
      9648.64425	      5.66327e-17	
      9650.54520	      6.03737e-17	
      9652.44615	      5.96387e-17	
      9654.34710	      6.26114e-17	
      9656.24805	      6.52117e-17	
      9658.14900	      6.25898e-17	
      9660.04995	      6.24570e-17	
      9661.95090	      6.32280e-17	
      9663.85185	      6.48721e-17	
      9665.75280	      6.81003e-17	
      9667.65375	      6.82753e-17	
      9669.55470	      7.21982e-17	
      9671.45565	      7.02110e-17	
      9673.35660	      6.83877e-17	
      9675.25755	      7.12308e-17	
      9677.15850	      6.83723e-17	
      9679.05945	      6.76952e-17	
      9680.96040	      6.78099e-17	
      9682.86135	      6.75743e-17	
      9684.76231	      6.48259e-17	
      9686.66326	      6.66212e-17	
      9688.56421	      6.88224e-17	
      9690.46516	      6.71268e-17	
      9692.36611	      7.15844e-17	
      9694.26706	      6.86027e-17	
      9696.16801	      6.56169e-17	
      9698.06896	      6.85062e-17	
      9699.96991	      6.73489e-17	
      9701.87086	      6.63177e-17	
      9703.77181	      6.74102e-17	
      9705.67276	      7.03935e-17	
      9707.57371	      6.71665e-17	
      9709.47466	      7.20277e-17	
      9711.37561	      7.34529e-17	
      9713.27656	      7.11818e-17	
      9715.17751	      6.95867e-17	
      9717.07846	      6.89143e-17	
      9718.97941	      6.67759e-17	
      9720.88036	      6.74243e-17	
      9722.78131	      7.04825e-17	
      9724.68226	      6.91939e-17	
      9726.58321	      6.94755e-17	
      9728.48417	      6.80881e-17	
      9730.38512	      6.13002e-17	
      9732.28607	      6.50850e-17	
      9734.18702	      7.51988e-17	
      9736.08797	      6.69141e-17	
      9737.98892	      6.30825e-17	
      9739.88987	      6.77864e-17	
      9741.79082	      6.98564e-17	
      9743.69177	      7.08249e-17	
      9745.59272	      6.92381e-17	
      9747.49367	      6.89859e-17	
      9749.39462	      6.91729e-17	
      9751.29557	      6.95574e-17	
      9753.19652	      6.84441e-17	
      9755.09747	      7.23105e-17	
      9756.99842	      6.92102e-17	
      9758.89937	      7.17437e-17	
      9760.80032	      7.51055e-17	
      9762.70127	      8.04674e-17	
      9764.60222	      7.95822e-17	
      9766.50317	      7.49494e-17	
      9768.40412	      7.44563e-17	
      9770.30507	      8.20092e-17	
      9772.20603	      8.06414e-17	
      9774.10698	      7.75289e-17	
      9776.00793	      7.74557e-17	
      9777.90888	      8.07330e-17	
      9779.80983	      7.82923e-17	
      9781.71078	      7.93869e-17	
      9783.61173	      8.16326e-17	
      9785.51268	      9.96835e-17	
      9787.41363	      9.72180e-17	
      9789.31458	      1.00043e-16	
      9791.21553	      9.40872e-17	
      9793.11648	      8.40942e-17	
      9795.01743	      7.97518e-17	
      9796.91838	      7.89759e-17	
      9798.81933	      8.00636e-17	
      9800.72028	      7.26779e-17	
      9802.62123	      7.17456e-17	
      9804.52218	      7.43940e-17	
      9806.42313	      7.21911e-17	
      9808.32408	      8.56063e-17	
      9810.22503	      7.86283e-17	
      9812.12598	      7.92919e-17	
      9814.02693	      7.87811e-17	
      9815.92789	      7.75038e-17	
      9817.82884	      7.60189e-17	
      9819.72979	      7.52884e-17	
      9821.63074	      8.35283e-17	
      9823.53169	      8.56389e-17	
      9825.43264	      8.15870e-17	
      9827.33359	      8.38100e-17	
      9829.23454	      8.19147e-17	
      9831.13549	      8.11172e-17	
      9833.03644	      8.09846e-17	
      9834.93739	      8.61882e-17	
      9836.83834	      8.45805e-17	
      9838.73929	      8.15014e-17	
      9840.64024	      7.98236e-17	
      9842.54119	      7.93606e-17	
      9844.44214	      7.50210e-17	
      9846.34309	      7.34910e-17	
      9848.24404	      7.62117e-17	
      9850.14499	      8.65169e-17	
      9852.04594	      8.26575e-17	
      9853.94689	      7.44386e-17	
      9855.84784	      7.04549e-17	
      9857.74879	      7.33139e-17	
      9859.64974	      8.44665e-17	
      9861.55070	      7.78777e-17	
      9863.45165	      8.34886e-17	
      9865.35260	      7.96145e-17	
      9867.25355	      7.29878e-17	
      9869.15450	      7.83108e-17	
      9871.05545	      7.88201e-17	
      9872.95640	      7.73672e-17	
      9874.85735	      8.06431e-17	
      9876.75830	      8.64572e-17	
      9878.65925	      9.02896e-17	
      9880.56020	      8.87340e-17	
      9882.46115	      8.88615e-17	
      9884.36210	      9.00130e-17	
      9886.26305	      8.21796e-17	
      9888.16400	      8.53453e-17	
      9890.06495	      8.33792e-17	
      9891.96590	      6.55519e-17	
      9893.86685	      5.42689e-17	
      9895.76780	      5.46057e-17	
      9897.66875	      5.56909e-17	
      9899.56970	      5.06939e-17	
      9901.47065	      4.85075e-17	
      9903.37160	      4.91794e-17	
      9905.27256	      4.80569e-17	
      9907.17351	      4.33526e-17	
      9909.07446	      4.10711e-17	
      9910.97541	      3.87752e-17	
      9912.87636	      4.22769e-17	
      9914.77731	      3.80473e-17	
      9916.67826	      4.14192e-17	
      9918.57921	      4.13454e-17	
      9920.48016	      4.14056e-17	
      9922.38111	      4.43120e-17	
      9924.28206	      3.88194e-17	
      9926.18301	      4.67737e-17	
      9928.08396	      4.43376e-17	
      9929.98491	      4.49225e-17	
      9931.88586	      4.13663e-17	
      9933.78681	      4.81615e-17	
      9935.68776	      4.88329e-17	
      9937.58871	      6.48125e-17	
      9939.48966	      7.63369e-17	
      9941.39061	      7.65938e-17	
      9943.29156	      8.09592e-17	
      9945.19251	      6.40971e-17	
      9947.09346	      5.19763e-17	
      9948.99442	      6.33280e-17	
      9950.89537	      6.97485e-17	
      9952.79632	      6.05204e-17	
      9954.69727	      5.45565e-17	
      9956.59822	      4.71876e-17	
      9958.49917	      5.81090e-17	
      9960.40012	      6.00984e-17	
      9962.30107	      6.02115e-17	
      9964.20202	      6.15972e-17	
      9966.10297	      5.97944e-17	
      9968.00392	      4.31434e-17	
      9969.90487	      4.94529e-17	
      9971.80582	      4.77806e-17	
      9973.70677	      4.50329e-17	
      9975.60772	      5.39333e-17	
      9977.50867	      6.11749e-17	
      9979.40962	      5.00485e-17	
      9981.31057	      5.29661e-17	
      9983.21152	      5.75614e-17	
      9985.11247	      5.04525e-17	
      9987.01342	      5.00015e-17	
      9988.91437	      5.31782e-17	
      9990.81532	      5.40344e-17	
      9992.71628	      5.73004e-17	
      9994.61723	      5.43933e-17	
      9996.51818	      4.78017e-17	
      9998.41913	      4.41705e-17	
     10000.32008	      5.62300e-17	
     10002.22103	      5.81451e-17	
     10004.12198	      5.38000e-17	
     10006.02293	      5.48733e-17	
     10007.92388	      4.28456e-17	
     10009.82483	      4.42465e-17	
     10011.72578	      4.57464e-17	
     10013.62673	      4.67671e-17	
     10015.52768	      4.16536e-17	
     10017.42863	      5.70130e-17	
     10019.32958	      5.62361e-17	
     10021.23053	      5.11278e-17	
     10023.13148	      5.72086e-17	
     10025.03243	      5.85572e-17	
     10026.93338	      6.21053e-17	
     10028.83433	      6.92347e-17	
     10030.73528	      6.40459e-17	
     10032.63623	      5.75961e-17	
     10034.53718	      5.54683e-17	
     10036.43814	      4.98562e-17	
     10038.33909	      5.75097e-17	
     10040.24004	      6.03848e-17	
     10042.14099	      6.88354e-17	
     10044.04194	      7.20959e-17	
     10045.94289	      7.02761e-17	
     10047.84384	      6.46576e-17	
     10049.74479	      5.42475e-17	
     10051.64574	      5.35777e-17	
     10053.54669	      5.68427e-17	
     10055.44764	      5.01161e-17	
     10057.34859	      5.35267e-17	
     10059.24954	      5.80936e-17	
     10061.15049	      4.73977e-17	
     10063.05144	      4.71771e-17	
     10064.95239	      5.04845e-17	
     10066.85334	      6.01654e-17	
     10068.75429	      6.90861e-17	
     10070.65524	      6.38769e-17	
     10072.55619	      6.62691e-17	
     10074.45714	      6.26114e-17	
     10076.35809	      5.81673e-17	
     10078.25904	      7.31277e-17	
     10080.16000	      9.02149e-17	
     10082.06095	      1.02397e-16	
     10083.96190	      1.01413e-16	
     10085.86285	      9.57798e-17	
     10087.76380	      7.75726e-17	
     10089.66475	      7.53396e-17	
     10091.56570	      7.82954e-17	
     10093.46665	      7.25172e-17	
     10095.36760	      8.30100e-17	
     10097.26855	      8.82487e-17	
     10099.16950	      7.68938e-17	
     10101.07045	      7.46579e-17	
     10102.97140	      7.64682e-17	
     10104.87235	      7.23680e-17	
     10106.77330	      6.50250e-17	
     10108.67425	      6.69672e-17	
     10110.57520	      7.33116e-17	
     10112.47615	      7.37329e-17	
     10114.37710	      6.26239e-17	
     10116.27805	      4.53461e-17	
     10118.17900	      5.01729e-17	
     10120.07995	      6.75299e-17	
     10121.98090	      9.42062e-17	
     10123.88186	      9.92057e-17	
     10125.78281	      9.49530e-17	
     10127.68376	      7.96209e-17	
     10129.58471	      6.53058e-17	
     10131.48566	      6.91336e-17	
     10133.38661	      7.71681e-17	
     10135.28756	      6.93440e-17	
     10137.18851	      7.45790e-17	
     10139.08946	      6.14198e-17	
     10140.99041	      6.67957e-17	
     10142.89136	      8.16864e-17	
     10144.79231	      7.22857e-17	
     10146.69326	      8.91803e-17	
     10148.59421	      7.87540e-17	
     10150.49516	      7.73262e-17	
     10152.39611	      9.06976e-17	
     10154.29706	      7.94521e-17	
     10156.19801	      7.29296e-17	
     10158.09896	      7.96537e-17	
     10159.99991	      8.32351e-17	
#time:0.335796
