# Keck LRIS spectra of late-M, L and T dwarfs
# spty = L8  (Spectral type)
#
#     WAVELENGTH	#            FLUX	
#     (ANGSTROM)	#   (ERG/CM2/S/A)	
################	#################	
      6300.00000	     -1.96809e-19	
      6301.89845	      5.03738e-19	
      6303.79690	      4.08638e-18	
      6305.69535	      1.35367e-18	
      6307.59380	      3.69710e-19	
      6309.49225	      1.03341e-18	
      6311.39070	      1.18709e-18	
      6313.28914	      5.31630e-19	
      6315.18759	      1.42304e-18	
      6317.08604	      3.50986e-19	
      6318.98449	      3.76461e-19	
      6320.88294	      1.84642e-19	
      6322.78139	      7.09999e-20	
      6324.67984	      6.38471e-19	
      6326.57829	      5.92435e-19	
      6328.47674	      1.23656e-18	
      6330.37519	      1.17193e-18	
      6332.27364	      6.74489e-19	
      6334.17209	      1.51075e-20	
      6336.07054	      1.48724e-19	
      6337.96898	      8.89502e-19	
      6339.86743	      6.45263e-19	
      6341.76588	     -3.06792e-19	
      6343.66433	     -7.28625e-19	
      6345.56278	      1.33543e-18	
      6347.46123	      1.41523e-18	
      6349.35968	      8.99481e-19	
      6351.25813	      1.90012e-18	
      6353.15658	      6.80971e-19	
      6355.05503	     -5.25975e-19	
      6356.95348	      1.01774e-18	
      6358.85193	     -5.28653e-19	
      6360.75038	     -5.23345e-19	
      6362.64882	      7.34166e-19	
      6364.54727	      1.59701e-18	
      6366.44572	      2.10426e-18	
      6368.34417	      1.07455e-18	
      6370.24262	      1.52965e-18	
      6372.14107	      3.66827e-19	
      6374.03952	      1.24451e-18	
      6375.93797	      2.02070e-18	
      6377.83642	      1.51961e-18	
      6379.73487	      1.12378e-18	
      6381.63332	      1.30784e-18	
      6383.53177	      1.27488e-18	
      6385.43022	      8.53950e-19	
      6387.32866	      7.42017e-19	
      6389.22711	      7.28767e-19	
      6391.12556	      6.87648e-19	
      6393.02401	      3.97799e-20	
      6394.92246	      3.66326e-19	
      6396.82091	      4.83421e-19	
      6398.71936	      1.50661e-18	
      6400.61781	      1.26260e-18	
      6402.51626	      8.33024e-19	
      6404.41471	      1.07809e-18	
      6406.31316	      1.08252e-18	
      6408.21161	      4.81094e-19	
      6410.11006	     -3.84620e-19	
      6412.00850	     -2.41668e-19	
      6413.90695	      1.09710e-18	
      6415.80540	      5.72466e-19	
      6417.70385	      3.76740e-19	
      6419.60230	     -1.47295e-19	
      6421.50075	     -3.05880e-19	
      6423.39920	     -2.23365e-19	
      6425.29765	     -7.73269e-20	
      6427.19610	      9.55876e-19	
      6429.09455	      8.84533e-19	
      6430.99300	      6.08256e-19	
      6432.89145	      1.68813e-18	
      6434.78989	      1.34894e-18	
      6436.68834	      1.86362e-18	
      6438.58679	      1.84274e-18	
      6440.48524	     -2.50196e-20	
      6442.38369	     -1.75898e-19	
      6444.28214	      3.10609e-19	
      6446.18059	      9.45263e-19	
      6448.07904	      1.32027e-18	
      6449.97749	      4.03188e-19	
      6451.87594	      1.37455e-18	
      6453.77439	      1.04020e-18	
      6455.67284	      1.85089e-18	
      6457.57129	      1.10947e-18	
      6459.46973	      6.80136e-19	
      6461.36818	      1.32135e-18	
      6463.26663	      3.66924e-19	
      6465.16508	      4.95931e-19	
      6467.06353	      5.75365e-19	
      6468.96198	      4.03947e-19	
      6470.86043	      3.70178e-19	
      6472.75888	      1.71594e-18	
      6474.65733	      7.92430e-20	
      6476.55578	     -4.70459e-19	
      6478.45423	      1.09817e-18	
      6480.35268	      8.18442e-19	
      6482.25113	     -6.06958e-19	
      6484.14957	      6.35208e-19	
      6486.04802	      5.33895e-19	
      6487.94647	      1.26850e-18	
      6489.84492	      4.93829e-19	
      6491.74337	     -4.63372e-19	
      6493.64182	      2.80540e-19	
      6495.54027	      1.13852e-18	
      6497.43872	      7.78197e-19	
      6499.33717	      4.23658e-20	
      6501.23562	      4.97509e-19	
      6503.13407	      7.37022e-19	
      6505.03252	      1.52466e-18	
      6506.93097	      9.53953e-19	
      6508.82941	      6.95358e-19	
      6510.72786	      1.57258e-18	
      6512.62631	      5.77425e-19	
      6514.52476	      1.72009e-19	
      6516.42321	      4.00682e-19	
      6518.32166	      1.94026e-18	
      6520.22011	      1.25631e-18	
      6522.11856	      1.39706e-18	
      6524.01701	      1.88175e-18	
      6525.91546	      1.60548e-18	
      6527.81391	      6.62630e-19	
      6529.71236	      5.50170e-19	
      6531.61081	      1.13485e-18	
      6533.50925	      1.72629e-18	
      6535.40770	      8.63416e-19	
      6537.30615	      6.46744e-19	
      6539.20460	      1.40089e-18	
      6541.10305	      1.01259e-18	
      6543.00150	      1.07678e-18	
      6544.89995	      6.64075e-19	
      6546.79840	      1.43881e-18	
      6548.69685	      1.05718e-18	
      6550.59530	      1.37700e-18	
      6552.49375	      8.62744e-19	
      6554.39220	      2.21360e-18	
      6556.29065	      1.80426e-18	
      6558.18909	      1.98402e-19	
      6560.08754	      4.36240e-19	
      6561.98599	      3.06006e-18	
      6563.88444	      2.32662e-18	
      6565.78289	      3.16985e-19	
      6567.68134	      1.78083e-18	
      6569.57979	      1.62868e-18	
      6571.47824	      7.39248e-19	
      6573.37669	      9.09603e-19	
      6575.27514	      1.15366e-18	
      6577.17359	      2.89541e-19	
      6579.07204	      1.25227e-20	
      6580.97049	      3.24954e-19	
      6582.86893	      1.77156e-18	
      6584.76738	      9.46630e-19	
      6586.66583	      1.74157e-18	
      6588.56428	      1.30785e-18	
      6590.46273	      1.11078e-18	
      6592.36118	      1.43806e-18	
      6594.25963	      1.27535e-18	
      6596.15808	      1.56692e-18	
      6598.05653	      1.99797e-18	
      6599.95498	      1.23817e-18	
      6601.85343	      7.78586e-19	
      6603.75188	      4.68807e-19	
      6605.65033	      8.51285e-19	
      6607.54877	      1.30859e-18	
      6609.44722	      1.14617e-18	
      6611.34567	      1.29643e-18	
      6613.24412	      1.47082e-18	
      6615.14257	      5.66036e-19	
      6617.04102	      1.89092e-18	
      6618.93947	      2.35315e-18	
      6620.83792	      2.69237e-18	
      6622.73637	      9.43012e-19	
      6624.63482	      6.57214e-19	
      6626.53327	      1.16578e-18	
      6628.43172	      1.23093e-18	
      6630.33017	      1.41648e-18	
      6632.22861	      1.36723e-18	
      6634.12706	      1.95843e-18	
      6636.02551	      2.65954e-18	
      6637.92396	      1.44170e-18	
      6639.82241	      2.92181e-18	
      6641.72086	      2.15319e-18	
      6643.61931	      1.67649e-18	
      6645.51776	      1.90732e-18	
      6647.41621	      2.64747e-18	
      6649.31466	      2.09229e-18	
      6651.21311	      1.17678e-18	
      6653.11156	      1.56653e-18	
      6655.01001	      1.82868e-18	
      6656.90845	      2.20199e-18	
      6658.80690	      2.12596e-18	
      6660.70535	      1.84261e-18	
      6662.60380	      1.52330e-18	
      6664.50225	      1.76003e-18	
      6666.40070	      1.19627e-18	
      6668.29915	      5.40657e-19	
      6670.19760	      1.15072e-18	
      6672.09605	      2.55240e-18	
      6673.99450	      2.27651e-18	
      6675.89295	      1.49725e-18	
      6677.79140	      1.31468e-18	
      6679.68984	      2.11546e-18	
      6681.58829	      2.27007e-18	
      6683.48674	      2.10685e-18	
      6685.38519	      1.66211e-18	
      6687.28364	      1.61323e-18	
      6689.18209	      1.92076e-18	
      6691.08054	      1.60548e-18	
      6692.97899	      1.80316e-18	
      6694.87744	      1.07364e-18	
      6696.77589	      1.44598e-18	
      6698.67434	      2.20758e-18	
      6700.57279	      1.65503e-18	
      6702.47124	      9.52878e-19	
      6704.36968	      1.55635e-18	
      6706.26813	      1.66266e-18	
      6708.16658	      9.46591e-19	
      6710.06503	      1.12248e-18	
      6711.96348	      1.26314e-18	
      6713.86193	      1.83788e-18	
      6715.76038	      1.32760e-18	
      6717.65883	      1.64788e-18	
      6719.55728	      1.96565e-18	
      6721.45573	      2.02695e-18	
      6723.35418	      2.15657e-18	
      6725.25263	      2.84300e-18	
      6727.15108	      2.07954e-18	
      6729.04952	      1.84134e-18	
      6730.94797	      2.02684e-18	
      6732.84642	      1.73153e-18	
      6734.74487	      2.95250e-18	
      6736.64332	      2.57835e-18	
      6738.54177	      1.18566e-18	
      6740.44022	      1.82438e-18	
      6742.33867	      2.48716e-18	
      6744.23712	      2.39783e-18	
      6746.13557	      2.87477e-18	
      6748.03402	      2.38044e-18	
      6749.93247	      3.23127e-18	
      6751.83092	      2.78481e-18	
      6753.72936	      1.73439e-18	
      6755.62781	      1.97153e-18	
      6757.52626	      3.60458e-18	
      6759.42471	      4.03590e-18	
      6761.32316	      3.78376e-18	
      6763.22161	      2.30601e-18	
      6765.12006	      2.24346e-18	
      6767.01851	      1.83043e-18	
      6768.91696	      2.50108e-18	
      6770.81541	      3.65990e-18	
      6772.71386	      2.14603e-18	
      6774.61231	      1.82053e-18	
      6776.51076	      2.96960e-18	
      6778.40920	      2.52307e-18	
      6780.30765	      1.77286e-18	
      6782.20610	      2.42375e-18	
      6784.10455	      3.32330e-18	
      6786.00300	      3.29509e-18	
      6787.90145	      2.55919e-18	
      6789.79990	      3.21787e-18	
      6791.69835	      3.01081e-18	
      6793.59680	      2.23868e-18	
      6795.49525	      2.67389e-18	
      6797.39370	      3.21568e-18	
      6799.29215	      2.63477e-18	
      6801.19060	      2.49088e-18	
      6803.08904	      3.32929e-18	
      6804.98749	      2.93510e-18	
      6806.88594	      3.33284e-18	
      6808.78439	      3.41011e-18	
      6810.68284	      3.36163e-18	
      6812.58129	      3.85611e-18	
      6814.47974	      3.86898e-18	
      6816.37819	      2.63794e-18	
      6818.27664	      2.84688e-18	
      6820.17509	      3.73644e-18	
      6822.07354	      3.45068e-18	
      6823.97199	      3.16556e-18	
      6825.87044	      3.54110e-18	
      6827.76888	      3.25966e-18	
      6829.66733	      2.74607e-18	
      6831.56578	      2.56175e-18	
      6833.46423	      2.69858e-18	
      6835.36268	      1.92938e-18	
      6837.26113	      4.00676e-18	
      6839.15958	      2.65878e-18	
      6841.05803	      3.49443e-18	
      6842.95648	      3.18437e-18	
      6844.85493	      2.82893e-18	
      6846.75338	      3.40216e-18	
      6848.65183	      3.63216e-18	
      6850.55028	      3.69556e-18	
      6852.44872	      2.98224e-18	
      6854.34717	      2.77752e-18	
      6856.24562	      3.46026e-18	
      6858.14407	      2.93418e-18	
      6860.04252	      2.43445e-18	
      6861.94097	      2.99284e-18	
      6863.83942	      3.43468e-18	
      6865.73787	      3.01115e-18	
      6867.63632	      2.69216e-18	
      6869.53477	      2.12587e-18	
      6871.43322	      2.01272e-18	
      6873.33167	      2.49176e-18	
      6875.23012	      1.92139e-18	
      6877.12856	      1.85530e-18	
      6879.02701	      2.78505e-18	
      6880.92546	      3.83075e-18	
      6882.82391	      3.68272e-18	
      6884.72236	      2.81238e-18	
      6886.62081	      2.98604e-18	
      6888.51926	      3.36280e-18	
      6890.41771	      3.30418e-18	
      6892.31616	      3.36326e-18	
      6894.21461	      3.09596e-18	
      6896.11306	      3.20869e-18	
      6898.01151	      2.39014e-18	
      6899.90995	      1.78403e-18	
      6901.80840	      2.00694e-18	
      6903.70685	      3.21339e-18	
      6905.60530	      2.61067e-18	
      6907.50375	      3.29987e-18	
      6909.40220	      3.15660e-18	
      6911.30065	      2.45928e-18	
      6913.19910	      2.76784e-18	
      6915.09755	      2.77804e-18	
      6916.99600	      2.50012e-18	
      6918.89445	      1.98140e-18	
      6920.79290	      3.09234e-18	
      6922.69135	      2.91089e-18	
      6924.58979	      2.09664e-18	
      6926.48824	      2.61496e-18	
      6928.38669	      3.18288e-18	
      6930.28514	      3.07165e-18	
      6932.18359	      3.05759e-18	
      6934.08204	      2.91443e-18	
      6935.98049	      3.14248e-18	
      6937.87894	      2.90765e-18	
      6939.77739	      3.06315e-18	
      6941.67584	      3.21052e-18	
      6943.57429	      3.72600e-18	
      6945.47274	      3.16338e-18	
      6947.37119	      3.42081e-18	
      6949.26963	      3.18313e-18	
      6951.16808	      3.05515e-18	
      6953.06653	      2.55160e-18	
      6954.96498	      3.59712e-18	
      6956.86343	      3.16358e-18	
      6958.76188	      2.18280e-18	
      6960.66033	      1.87951e-18	
      6962.55878	      2.16631e-18	
      6964.45723	      2.47340e-18	
      6966.35568	      2.58488e-18	
      6968.25413	      2.99142e-18	
      6970.15258	      2.63024e-18	
      6972.05103	      2.49905e-18	
      6973.94947	      3.42055e-18	
      6975.84792	      3.91394e-18	
      6977.74637	      3.43330e-18	
      6979.64482	      3.42781e-18	
      6981.54327	      2.91440e-18	
      6983.44172	      2.77184e-18	
      6985.34017	      3.30002e-18	
      6987.23862	      2.37825e-18	
      6989.13707	      2.51801e-18	
      6991.03552	      2.49448e-18	
      6992.93397	      2.47393e-18	
      6994.83242	      2.34738e-18	
      6996.73087	      2.70942e-18	
      6998.62931	      2.57718e-18	
      7000.52776	      2.93060e-18	
      7002.42621	      3.40731e-18	
      7004.32466	      3.08129e-18	
      7006.22311	      3.09344e-18	
      7008.12156	      2.80209e-18	
      7010.02001	      2.35768e-18	
      7011.91846	      2.90825e-18	
      7013.81691	      2.32653e-18	
      7015.71536	      2.89337e-18	
      7017.61381	      2.98321e-18	
      7019.51226	      2.99210e-18	
      7021.41071	      2.99597e-18	
      7023.30915	      2.59905e-18	
      7025.20760	      2.72606e-18	
      7027.10605	      3.35698e-18	
      7029.00450	      2.39847e-18	
      7030.90295	      3.55390e-18	
      7032.80140	      2.98558e-18	
      7034.69985	      3.23464e-18	
      7036.59830	      3.27898e-18	
      7038.49675	      3.14089e-18	
      7040.39520	      3.53956e-18	
      7042.29365	      2.26559e-18	
      7044.19210	      2.57411e-18	
      7046.09055	      2.44275e-18	
      7047.98899	      2.54752e-18	
      7049.88744	      3.42505e-18	
      7051.78589	      3.38542e-18	
      7053.68434	      2.57915e-18	
      7055.58279	      2.66996e-18	
      7057.48124	      2.69004e-18	
      7059.37969	      3.70564e-18	
      7061.27814	      3.80946e-18	
      7063.17659	      3.23489e-18	
      7065.07504	      2.75171e-18	
      7066.97349	      3.05861e-18	
      7068.87194	      2.77148e-18	
      7070.77039	      3.36641e-18	
      7072.66883	      3.37434e-18	
      7074.56728	      2.69869e-18	
      7076.46573	      2.74396e-18	
      7078.36418	      3.53911e-18	
      7080.26263	      3.52552e-18	
      7082.16108	      3.19853e-18	
      7084.05953	      3.12959e-18	
      7085.95798	      2.88306e-18	
      7087.85643	      3.31482e-18	
      7089.75488	      3.65988e-18	
      7091.65333	      4.46777e-18	
      7093.55178	      3.54993e-18	
      7095.45023	      3.21313e-18	
      7097.34867	      2.90645e-18	
      7099.24712	      2.84847e-18	
      7101.14557	      2.64926e-18	
      7103.04402	      3.01820e-18	
      7104.94247	      3.65145e-18	
      7106.84092	      3.47091e-18	
      7108.73937	      3.49368e-18	
      7110.63782	      3.51617e-18	
      7112.53627	      3.09167e-18	
      7114.43472	      3.90888e-18	
      7116.33317	      3.48438e-18	
      7118.23162	      3.52973e-18	
      7120.13007	      3.76321e-18	
      7122.02851	      3.44649e-18	
      7123.92696	      3.06833e-18	
      7125.82541	      3.53518e-18	
      7127.72386	      3.05347e-18	
      7129.62231	      3.15547e-18	
      7131.52076	      2.65610e-18	
      7133.41921	      2.60862e-18	
      7135.31766	      3.58397e-18	
      7137.21611	      3.04369e-18	
      7139.11456	      3.55938e-18	
      7141.01301	      3.46719e-18	
      7142.91146	      3.44433e-18	
      7144.80990	      3.72816e-18	
      7146.70835	      3.73408e-18	
      7148.60680	      3.17375e-18	
      7150.50525	      3.29315e-18	
      7152.40370	      3.29155e-18	
      7154.30215	      3.73345e-18	
      7156.20060	      3.00131e-18	
      7158.09905	      3.78102e-18	
      7159.99750	      3.83512e-18	
      7161.89595	      3.44579e-18	
      7163.79440	      3.22883e-18	
      7165.69285	      2.99786e-18	
      7167.59130	      3.34501e-18	
      7169.48974	      3.06242e-18	
      7171.38819	      3.99884e-18	
      7173.28664	      3.43057e-18	
      7175.18509	      4.27583e-18	
      7177.08354	      4.24685e-18	
      7178.98199	      3.90485e-18	
      7180.88044	      4.13884e-18	
      7182.77889	      4.03750e-18	
      7184.67734	      3.69285e-18	
      7186.57579	      3.20046e-18	
      7188.47424	      3.23549e-18	
      7190.37269	      3.57852e-18	
      7192.27114	      3.62646e-18	
      7194.16958	      3.08933e-18	
      7196.06803	      3.68511e-18	
      7197.96648	      3.53406e-18	
      7199.86493	      3.72877e-18	
      7201.76338	      3.80004e-18	
      7203.66183	      3.04886e-18	
      7205.56028	      3.63629e-18	
      7207.45873	      2.67108e-18	
      7209.35718	      3.40950e-18	
      7211.25563	      3.73367e-18	
      7213.15408	      3.04720e-18	
      7215.05253	      3.16483e-18	
      7216.95098	      2.73906e-18	
      7218.84942	      3.65029e-18	
      7220.74787	      3.93320e-18	
      7222.64632	      3.89129e-18	
      7224.54477	      3.14747e-18	
      7226.44322	      2.94029e-18	
      7228.34167	      3.53633e-18	
      7230.24012	      4.27418e-18	
      7232.13857	      3.92503e-18	
      7234.03702	      3.84898e-18	
      7235.93547	      4.07759e-18	
      7237.83392	      2.40878e-18	
      7239.73237	      2.72778e-18	
      7241.63082	      4.21502e-18	
      7243.52926	      4.43108e-18	
      7245.42771	      2.89336e-18	
      7247.32616	      4.26386e-18	
      7249.22461	      4.67450e-18	
      7251.12306	      3.01382e-18	
      7253.02151	      3.25964e-18	
      7254.91996	      3.66797e-18	
      7256.81841	      3.82200e-18	
      7258.71686	      3.35051e-18	
      7260.61531	      3.69224e-18	
      7262.51376	      3.49901e-18	
      7264.41221	      3.04455e-18	
      7266.31066	      2.90300e-18	
      7268.20910	      3.12486e-18	
      7270.10755	      3.90307e-18	
      7272.00600	      3.80490e-18	
      7273.90445	      3.23479e-18	
      7275.80290	      4.00211e-18	
      7277.70135	      3.48637e-18	
      7279.59980	      3.40511e-18	
      7281.49825	      5.34761e-18	
      7283.39670	      4.16942e-18	
      7285.29515	      3.85322e-18	
      7287.19360	      4.49777e-18	
      7289.09205	      2.79225e-18	
      7290.99050	      3.43861e-18	
      7292.88894	      4.15913e-18	
      7294.78739	      4.38402e-18	
      7296.68584	      3.44104e-18	
      7298.58429	      3.41789e-18	
      7300.48274	      3.86214e-18	
      7302.38119	      3.59430e-18	
      7304.27964	      4.27812e-18	
      7306.17809	      3.55665e-18	
      7308.07654	      3.30309e-18	
      7309.97499	      3.00713e-18	
      7311.87344	      3.21999e-18	
      7313.77189	      2.75273e-18	
      7315.67034	      3.47764e-18	
      7317.56878	      4.10662e-18	
      7319.46723	      4.20356e-18	
      7321.36568	      4.42374e-18	
      7323.26413	      3.88910e-18	
      7325.16258	      3.91538e-18	
      7327.06103	      3.52652e-18	
      7328.95948	      2.97568e-18	
      7330.85793	      3.02255e-18	
      7332.75638	      3.55828e-18	
      7334.65483	      3.52325e-18	
      7336.55328	      3.53820e-18	
      7338.45173	      3.90440e-18	
      7340.35018	      2.51899e-18	
      7342.24862	      3.09264e-18	
      7344.14707	      4.74636e-18	
      7346.04552	      2.80689e-18	
      7347.94397	      2.45968e-18	
      7349.84242	      3.06929e-18	
      7351.74087	      3.65232e-18	
      7353.63932	      2.88424e-18	
      7355.53777	      3.59849e-18	
      7357.43622	      3.08646e-18	
      7359.33467	      2.84222e-18	
      7361.23312	      3.42675e-18	
      7363.13157	      2.76259e-18	
      7365.03002	      2.83970e-18	
      7366.92846	      2.70130e-18	
      7368.82691	      1.62301e-18	
      7370.72536	      3.95812e-18	
      7372.62381	      4.13863e-18	
      7374.52226	      3.11031e-18	
      7376.42071	      3.20147e-18	
      7378.31916	      2.46246e-18	
      7380.21761	      3.11591e-18	
      7382.11606	      2.56685e-18	
      7384.01451	      1.86676e-18	
      7385.91296	      1.39488e-18	
      7387.81141	      2.25560e-18	
      7389.70985	      2.44007e-18	
      7391.60830	      2.85481e-18	
      7393.50675	      2.48703e-18	
      7395.40520	      2.82128e-18	
      7397.30365	      2.56556e-18	
      7399.20210	      2.35729e-18	
      7401.10055	      3.34394e-18	
      7402.99900	      2.97544e-18	
      7404.89745	      3.14331e-18	
      7406.79590	      3.53075e-18	
      7408.69435	      3.24947e-18	
      7410.59280	      3.46052e-18	
      7412.49125	      3.33485e-18	
      7414.38969	      2.52967e-18	
      7416.28814	      2.69556e-18	
      7418.18659	      2.35309e-18	
      7420.08504	      2.75845e-18	
      7421.98349	      2.96003e-18	
      7423.88194	      2.58861e-18	
      7425.78039	      2.38090e-18	
      7427.67884	      2.48853e-18	
      7429.57729	      3.13618e-18	
      7431.47574	      3.06387e-18	
      7433.37419	      3.12573e-18	
      7435.27264	      1.88059e-18	
      7437.17109	      2.34076e-18	
      7439.06953	      1.90593e-18	
      7440.96798	      2.41926e-18	
      7442.86643	      2.75641e-18	
      7444.76488	      2.47964e-18	
      7446.66333	      2.54500e-18	
      7448.56178	      2.62876e-18	
      7450.46023	      2.65433e-18	
      7452.35868	      1.80965e-18	
      7454.25713	      2.45478e-18	
      7456.15558	      2.38480e-18	
      7458.05403	      2.36508e-18	
      7459.95248	      2.14403e-18	
      7461.85093	      1.54026e-18	
      7463.74937	      1.71752e-18	
      7465.64782	      1.44262e-18	
      7467.54627	      1.95177e-18	
      7469.44472	      2.55571e-18	
      7471.34317	      2.97964e-18	
      7473.24162	      1.85993e-18	
      7475.14007	      2.38633e-18	
      7477.03852	      2.80717e-18	
      7478.93697	      2.85488e-18	
      7480.83542	      2.32910e-18	
      7482.73387	      2.42448e-18	
      7484.63232	      2.74891e-18	
      7486.53077	      2.86686e-18	
      7488.42921	      2.69250e-18	
      7490.32766	      2.92461e-18	
      7492.22611	      2.60677e-18	
      7494.12456	      2.38254e-18	
      7496.02301	      2.31325e-18	
      7497.92146	      2.15169e-18	
      7499.81991	      2.58498e-18	
      7501.71836	      2.76098e-18	
      7503.61681	      1.93278e-18	
      7505.51526	      2.08628e-18	
      7507.41371	      2.77321e-18	
      7509.31216	      1.48662e-18	
      7511.21061	      1.79103e-18	
      7513.10905	      2.33736e-18	
      7515.00750	      1.89485e-18	
      7516.90595	      2.36061e-18	
      7518.80440	      1.58374e-18	
      7520.70285	      2.15247e-18	
      7522.60130	      1.04672e-18	
      7524.49975	      1.60685e-18	
      7526.39820	      1.91950e-18	
      7528.29665	      1.04305e-18	
      7530.19510	      1.91676e-18	
      7532.09355	      2.91616e-18	
      7533.99200	      1.53655e-18	
      7535.89045	      1.52239e-18	
      7537.78889	      1.41089e-18	
      7539.68734	      2.11048e-18	
      7541.58579	      1.59646e-18	
      7543.48424	      9.94178e-19	
      7545.38269	      2.07573e-18	
      7547.28114	      1.48307e-18	
      7549.17959	      9.43325e-19	
      7551.07804	      1.68609e-18	
      7552.97649	      1.20053e-18	
      7554.87494	      1.18818e-18	
      7556.77339	      9.97154e-19	
      7558.67184	      1.84004e-18	
      7560.57029	      1.61628e-18	
      7562.46873	      1.39114e-18	
      7564.36718	      1.37515e-18	
      7566.26563	      1.65817e-18	
      7568.16408	      2.13134e-18	
      7570.06253	      1.53937e-18	
      7571.96098	      1.65398e-18	
      7573.85943	      1.27304e-18	
      7575.75788	      1.16829e-18	
      7577.65633	      1.40260e-18	
      7579.55478	      1.79283e-18	
      7581.45323	      1.55585e-18	
      7583.35168	      1.28822e-18	
      7585.25013	      1.67097e-18	
      7587.14857	      1.24480e-18	
      7589.04702	      1.03253e-18	
      7590.94547	      1.83923e-18	
      7592.84392	      1.61635e-18	
      7594.74237	      9.72868e-19	
      7596.64082	      3.27269e-19	
      7598.53927	      3.18754e-19	
      7600.43772	      4.57952e-19	
      7602.33617	      6.49032e-19	
      7604.23462	      5.35778e-19	
      7606.13307	      4.26049e-20	
      7608.03152	     -2.10043e-19	
      7609.92996	      7.25256e-19	
      7611.82841	      6.03829e-19	
      7613.72686	     -1.68291e-19	
      7615.62531	      1.66226e-19	
      7617.52376	      7.65053e-19	
      7619.42221	      6.34956e-19	
      7621.32066	     -1.45941e-19	
      7623.21911	     -1.08349e-19	
      7625.11756	     -1.60285e-19	
      7627.01601	     -3.85312e-19	
      7628.91446	      2.53028e-19	
      7630.81291	      8.72430e-19	
      7632.71136	      1.95114e-19	
      7634.60980	      1.66797e-19	
      7636.50825	      8.76272e-19	
      7638.40670	      2.04321e-19	
      7640.30515	     -6.42890e-20	
      7642.20360	     -1.62268e-20	
      7644.10205	      7.45067e-20	
      7646.00050	      4.20092e-19	
      7647.89895	      1.02304e-18	
      7649.79740	     -5.46811e-20	
      7651.69585	     -5.71878e-20	
      7653.59430	      1.12281e-18	
      7655.49275	      9.23520e-19	
      7657.39120	      3.54462e-19	
      7659.28964	      1.88919e-19	
      7661.18809	     -4.67394e-19	
      7663.08654	      6.77100e-20	
      7664.98499	      5.67400e-19	
      7666.88344	      5.78173e-19	
      7668.78189	     -4.11439e-19	
      7670.68034	     -1.60385e-19	
      7672.57879	      6.40530e-19	
      7674.47724	      1.02747e-18	
      7676.37569	      1.42919e-18	
      7678.27414	      6.71666e-19	
      7680.17259	      3.12165e-19	
      7682.07104	      2.95425e-19	
      7683.96948	     -5.47257e-19	
      7685.86793	     -9.63638e-20	
      7687.76638	     -2.25129e-20	
      7689.66483	     -1.56801e-19	
      7691.56328	      1.83869e-19	
      7693.46173	      2.27361e-19	
      7695.36018	      1.65210e-19	
      7697.25863	     -2.37602e-19	
      7699.15708	     -2.08693e-19	
      7701.05553	      6.71179e-20	
      7702.95398	      5.06072e-19	
      7704.85243	      7.30397e-19	
      7706.75088	     -2.56628e-19	
      7708.64932	     -5.98996e-19	
      7710.54777	     -4.12968e-19	
      7712.44622	      7.92347e-19	
      7714.34467	     -4.87421e-19	
      7716.24312	      6.15827e-19	
      7718.14157	      2.20734e-19	
      7720.04002	     -2.56780e-19	
      7721.93847	      1.04898e-18	
      7723.83692	      1.31400e-18	
      7725.73537	      7.45030e-19	
      7727.63382	      2.34962e-18	
      7729.53227	      2.60333e-18	
      7731.43072	      1.15431e-18	
      7733.32916	      4.91774e-19	
      7735.22761	      4.05993e-19	
      7737.12606	      1.47126e-18	
      7739.02451	      7.23127e-19	
      7740.92296	      4.23357e-19	
      7742.82141	      1.01058e-18	
      7744.71986	      1.15635e-18	
      7746.61831	      2.41641e-19	
      7748.51676	      7.76282e-19	
      7750.41521	      4.78540e-19	
      7752.31366	     -6.59246e-19	
      7754.21211	     -8.53713e-19	
      7756.11056	      1.63635e-18	
      7758.00900	      1.34931e-18	
      7759.90745	      1.76511e-19	
      7761.80590	      9.86633e-19	
      7763.70435	      1.35895e-18	
      7765.60280	      1.67092e-18	
      7767.50125	      1.59521e-18	
      7769.39970	      1.81014e-18	
      7771.29815	      1.60046e-18	
      7773.19660	      1.38271e-18	
      7775.09505	      1.72520e-18	
      7776.99350	      1.96921e-18	
      7778.89195	      1.24591e-18	
      7780.79040	      1.56064e-18	
      7782.68884	      2.51829e-18	
      7784.58729	      2.91860e-18	
      7786.48574	      1.87935e-18	
      7788.38419	      1.00804e-18	
      7790.28264	      1.54569e-18	
      7792.18109	      3.67075e-18	
      7794.07954	      2.56094e-18	
      7795.97799	      5.09771e-19	
      7797.87644	      1.08961e-18	
      7799.77489	      3.19735e-19	
      7801.67334	      1.11208e-18	
      7803.57179	      7.52850e-19	
      7805.47024	      1.88295e-18	
      7807.36868	      2.46473e-18	
      7809.26713	      2.20160e-18	
      7811.16558	      2.27278e-18	
      7813.06403	      1.43259e-18	
      7814.96248	      1.89500e-18	
      7816.86093	      2.25485e-18	
      7818.75938	      2.59848e-18	
      7820.65783	      1.89538e-18	
      7822.55628	      3.83570e-18	
      7824.45473	      3.81601e-18	
      7826.35318	      2.89775e-18	
      7828.25163	      2.50416e-18	
      7830.15008	      2.44534e-18	
      7832.04852	      2.64791e-18	
      7833.94697	      2.79027e-18	
      7835.84542	      2.00759e-18	
      7837.74387	      2.26041e-18	
      7839.64232	      2.13625e-18	
      7841.54077	      2.85923e-18	
      7843.43922	      2.83294e-18	
      7845.33767	      3.31996e-18	
      7847.23612	      3.60093e-18	
      7849.13457	      3.15852e-18	
      7851.03302	      4.17288e-18	
      7852.93147	      5.67551e-18	
      7854.82991	      4.71382e-18	
      7856.72836	      3.36597e-18	
      7858.62681	      3.29017e-18	
      7860.52526	      3.63027e-18	
      7862.42371	      3.66259e-18	
      7864.32216	      3.46575e-18	
      7866.22061	      2.97457e-18	
      7868.11906	      3.44941e-18	
      7870.01751	      3.76695e-18	
      7871.91596	      3.21493e-18	
      7873.81441	      3.55628e-18	
      7875.71286	      4.08443e-18	
      7877.61131	      2.99640e-18	
      7879.50975	      3.09195e-18	
      7881.40820	      4.46844e-18	
      7883.30665	      4.08235e-18	
      7885.20510	      3.78335e-18	
      7887.10355	      3.68805e-18	
      7889.00200	      4.33526e-18	
      7890.90045	      4.78433e-18	
      7892.79890	      3.78126e-18	
      7894.69735	      3.48401e-18	
      7896.59580	      3.78110e-18	
      7898.49425	      4.56465e-18	
      7900.39270	      4.38467e-18	
      7902.29115	      3.89095e-18	
      7904.18959	      4.32364e-18	
      7906.08804	      3.60807e-18	
      7907.98649	      4.56982e-18	
      7909.88494	      6.09541e-18	
      7911.78339	      5.17927e-18	
      7913.68184	      4.27636e-18	
      7915.58029	      3.48212e-18	
      7917.47874	      3.22703e-18	
      7919.37719	      4.53935e-18	
      7921.27564	      5.74092e-18	
      7923.17409	      6.06422e-18	
      7925.07254	      5.63307e-18	
      7926.97099	      5.72033e-18	
      7928.86943	      5.18920e-18	
      7930.76788	      4.77049e-18	
      7932.66633	      5.50605e-18	
      7934.56478	      4.95655e-18	
      7936.46323	      5.41561e-18	
      7938.36168	      5.28818e-18	
      7940.26013	      5.12479e-18	
      7942.15858	      4.18415e-18	
      7944.05703	      2.73817e-18	
      7945.95548	      2.11571e-18	
      7947.85393	      1.62476e-18	
      7949.75238	      1.20870e-18	
      7951.65083	      3.66527e-18	
      7953.54927	      4.54517e-18	
      7955.44772	      4.35632e-18	
      7957.34617	      5.24229e-18	
      7959.24462	      5.82925e-18	
      7961.14307	      5.35547e-18	
      7963.04152	      5.21093e-18	
      7964.93997	      5.91998e-18	
      7966.83842	      6.38899e-18	
      7968.73687	      7.25120e-18	
      7970.63532	      7.45178e-18	
      7972.53377	      6.69538e-18	
      7974.43222	      6.10419e-18	
      7976.33067	      5.69841e-18	
      7978.22911	      6.12254e-18	
      7980.12756	      7.20635e-18	
      7982.02601	      7.78835e-18	
      7983.92446	      7.91374e-18	
      7985.82291	      8.79023e-18	
      7987.72136	      7.36550e-18	
      7989.61981	      7.23231e-18	
      7991.51826	      6.01485e-18	
      7993.41671	      6.00914e-18	
      7995.31516	      6.12680e-18	
      7997.21361	      6.06989e-18	
      7999.11206	      7.22049e-18	
      8001.01051	      6.19595e-18	
      8002.90895	      7.13348e-18	
      8004.80740	      7.92796e-18	
      8006.70585	      7.59253e-18	
      8008.60430	      7.38586e-18	
      8010.50275	      7.83742e-18	
      8012.40120	      8.16739e-18	
      8014.29965	      8.68419e-18	
      8016.19810	      8.98338e-18	
      8018.09655	      8.84218e-18	
      8019.99500	      8.82892e-18	
      8021.89345	      8.87203e-18	
      8023.79190	      8.26188e-18	
      8025.69035	      7.94397e-18	
      8027.58879	      6.52138e-18	
      8029.48724	      7.07117e-18	
      8031.38569	      8.81302e-18	
      8033.28414	      9.57375e-18	
      8035.18259	      9.66498e-18	
      8037.08104	      7.57918e-18	
      8038.97949	      7.62129e-18	
      8040.87794	      8.40748e-18	
      8042.77639	      8.23153e-18	
      8044.67484	      9.32816e-18	
      8046.57329	      8.00761e-18	
      8048.47174	      9.68095e-18	
      8050.37019	      8.32979e-18	
      8052.26863	      9.69899e-18	
      8054.16708	      9.61671e-18	
      8056.06553	      9.28341e-18	
      8057.96398	      9.88188e-18	
      8059.86243	      9.84320e-18	
      8061.76088	      9.56086e-18	
      8063.65933	      9.64864e-18	
      8065.55778	      9.64639e-18	
      8067.45623	      1.02949e-17	
      8069.35468	      1.00598e-17	
      8071.25313	      1.00050e-17	
      8073.15158	      9.91734e-18	
      8075.05003	      1.08689e-17	
      8076.94847	      9.99679e-18	
      8078.84692	      9.73457e-18	
      8080.74537	      1.02376e-17	
      8082.64382	      9.91530e-18	
      8084.54227	      9.21169e-18	
      8086.44072	      1.07866e-17	
      8088.33917	      1.11176e-17	
      8090.23762	      1.12313e-17	
      8092.13607	      1.06451e-17	
      8094.03452	      1.06695e-17	
      8095.93297	      1.10569e-17	
      8097.83142	      1.14919e-17	
      8099.72986	      1.14454e-17	
      8101.62831	      1.08919e-17	
      8103.52676	      1.17242e-17	
      8105.42521	      1.13029e-17	
      8107.32366	      1.06051e-17	
      8109.22211	      1.21006e-17	
      8111.12056	      1.17892e-17	
      8113.01901	      1.15330e-17	
      8114.91746	      1.21204e-17	
      8116.81591	      1.22846e-17	
      8118.71436	      1.20335e-17	
      8120.61281	      1.20219e-17	
      8122.51126	      1.23913e-17	
      8124.40970	      1.26111e-17	
      8126.30815	      1.28860e-17	
      8128.20660	      1.20232e-17	
      8130.10505	      1.21686e-17	
      8132.00350	      1.29202e-17	
      8133.90195	      1.21180e-17	
      8135.80040	      1.20606e-17	
      8137.69885	      1.24452e-17	
      8139.59730	      1.24941e-17	
      8141.49575	      1.27337e-17	
      8143.39420	      1.22737e-17	
      8145.29265	      1.21845e-17	
      8147.19110	      1.19348e-17	
      8149.08954	      1.27789e-17	
      8150.98799	      1.35681e-17	
      8152.88644	      1.24795e-17	
      8154.78489	      1.27486e-17	
      8156.68334	      1.32931e-17	
      8158.58179	      1.27836e-17	
      8160.48024	      1.39817e-17	
      8162.37869	      1.36156e-17	
      8164.27714	      1.23699e-17	
      8166.17559	      1.22342e-17	
      8168.07404	      1.32062e-17	
      8169.97249	      1.41421e-17	
      8171.87094	      1.42236e-17	
      8173.76938	      1.35096e-17	
      8175.66783	      1.32890e-17	
      8177.56628	      1.39773e-17	
      8179.46473	      1.27022e-17	
      8181.36318	      1.25115e-17	
      8183.26163	      1.30727e-17	
      8185.16008	      1.28572e-17	
      8187.05853	      1.37359e-17	
      8188.95698	      1.28320e-17	
      8190.85543	      1.24428e-17	
      8192.75388	      1.29284e-17	
      8194.65233	      1.24883e-17	
      8196.55078	      1.27899e-17	
      8198.44922	      1.33035e-17	
      8200.34767	      1.42078e-17	
      8202.24612	      1.53765e-17	
      8204.14457	      1.54773e-17	
      8206.04302	      1.55093e-17	
      8207.94147	      1.57070e-17	
      8209.83992	      1.55234e-17	
      8211.73837	      1.55314e-17	
      8213.63682	      1.60115e-17	
      8215.53527	      1.58834e-17	
      8217.43372	      1.58557e-17	
      8219.33217	      1.58591e-17	
      8221.23062	      1.58477e-17	
      8223.12906	      1.59011e-17	
      8225.02751	      1.59844e-17	
      8226.92596	      1.60000e-17	
      8228.82441	      1.55427e-17	
      8230.72286	      1.51339e-17	
      8232.62131	      1.55129e-17	
      8234.51976	      1.54568e-17	
      8236.41821	      1.70951e-17	
      8238.31666	      1.63474e-17	
      8240.21511	      1.57904e-17	
      8242.11356	      1.67525e-17	
      8244.01201	      1.76395e-17	
      8245.91046	      1.67912e-17	
      8247.80890	      1.63790e-17	
      8249.70735	      1.66635e-17	
      8251.60580	      1.75823e-17	
      8253.50425	      1.67492e-17	
      8255.40270	      1.74828e-17	
      8257.30115	      1.73537e-17	
      8259.19960	      1.71322e-17	
      8261.09805	      1.74954e-17	
      8262.99650	      1.76512e-17	
      8264.89495	      1.74746e-17	
      8266.79340	      1.80609e-17	
      8268.69185	      1.74209e-17	
      8270.59030	      1.77074e-17	
      8272.48874	      1.82356e-17	
      8274.38719	      1.87447e-17	
      8276.28564	      1.82463e-17	
      8278.18409	      1.74489e-17	
      8280.08254	      1.78386e-17	
      8281.98099	      1.92848e-17	
      8283.87944	      1.81051e-17	
      8285.77789	      1.77260e-17	
      8287.67634	      1.88937e-17	
      8289.57479	      1.87680e-17	
      8291.47324	      1.88196e-17	
      8293.37169	      1.85434e-17	
      8295.27014	      1.83727e-17	
      8297.16858	      1.75943e-17	
      8299.06703	      1.99099e-17	
      8300.96548	      2.02405e-17	
      8302.86393	      1.91262e-17	
      8304.76238	      1.89484e-17	
      8306.66083	      1.92309e-17	
      8308.55928	      1.84894e-17	
      8310.45773	      1.78503e-17	
      8312.35618	      1.99204e-17	
      8314.25463	      2.02994e-17	
      8316.15308	      2.03707e-17	
      8318.05153	      1.99983e-17	
      8319.94997	      1.82518e-17	
      8321.84842	      1.96241e-17	
      8323.74687	      2.03260e-17	
      8325.64532	      2.11916e-17	
      8327.54377	      2.13054e-17	
      8329.44222	      1.96363e-17	
      8331.34067	      1.97591e-17	
      8333.23912	      2.04590e-17	
      8335.13757	      2.13934e-17	
      8337.03602	      2.09425e-17	
      8338.93447	      1.94838e-17	
      8340.83292	      2.05677e-17	
      8342.73137	      2.20309e-17	
      8344.62981	      2.32535e-17	
      8346.52826	      2.35542e-17	
      8348.42671	      2.10932e-17	
      8350.32516	      2.14279e-17	
      8352.22361	      2.07945e-17	
      8354.12206	      2.23303e-17	
      8356.02051	      2.17930e-17	
      8357.91896	      2.10181e-17	
      8359.81741	      2.13790e-17	
      8361.71586	      2.06128e-17	
      8363.61431	      2.20730e-17	
      8365.51276	      2.28943e-17	
      8367.41121	      2.23013e-17	
      8369.30965	      2.17684e-17	
      8371.20810	      2.22535e-17	
      8373.10655	      2.19444e-17	
      8375.00500	      2.22778e-17	
      8376.90345	      2.29917e-17	
      8378.80190	      2.25010e-17	
      8380.70035	      2.16394e-17	
      8382.59880	      2.23045e-17	
      8384.49725	      2.18318e-17	
      8386.39570	      2.28396e-17	
      8388.29415	      2.34862e-17	
      8390.19260	      2.33623e-17	
      8392.09105	      2.24829e-17	
      8393.98949	      2.26301e-17	
      8395.88794	      2.28451e-17	
      8397.78639	      2.23790e-17	
      8399.68484	      2.39625e-17	
      8401.58329	      2.56263e-17	
      8403.48174	      2.40919e-17	
      8405.38019	      2.34246e-17	
      8407.27864	      2.36690e-17	
      8409.17709	      2.30821e-17	
      8411.07554	      2.50349e-17	
      8412.97399	      2.55081e-17	
      8414.87244	      2.59987e-17	
      8416.77089	      2.56773e-17	
      8418.66933	      2.47303e-17	
      8420.56778	      2.51512e-17	
      8422.46623	      2.44701e-17	
      8424.36468	      2.35614e-17	
      8426.26313	      2.31185e-17	
      8428.16158	      2.50742e-17	
      8430.06003	      2.61537e-17	
      8431.95848	      2.47665e-17	
      8433.85693	      2.38541e-17	
      8435.75538	      2.53570e-17	
      8437.65383	      2.53609e-17	
      8439.55228	      2.44368e-17	
      8441.45073	      2.46499e-17	
      8443.34917	      2.46206e-17	
      8445.24762	      2.48493e-17	
      8447.14607	      2.54038e-17	
      8449.04452	      2.66774e-17	
      8450.94297	      2.61401e-17	
      8452.84142	      2.58567e-17	
      8454.73987	      2.64749e-17	
      8456.63832	      2.66036e-17	
      8458.53677	      2.61917e-17	
      8460.43522	      2.59561e-17	
      8462.33367	      2.64086e-17	
      8464.23212	      2.62626e-17	
      8466.13057	      2.76280e-17	
      8468.02901	      2.88452e-17	
      8469.92746	      2.68806e-17	
      8471.82591	      2.65921e-17	
      8473.72436	      2.69742e-17	
      8475.62281	      2.65400e-17	
      8477.52126	      2.56244e-17	
      8479.41971	      2.57965e-17	
      8481.31816	      2.49144e-17	
      8483.21661	      2.60825e-17	
      8485.11506	      2.77553e-17	
      8487.01351	      2.69697e-17	
      8488.91196	      2.72869e-17	
      8490.81041	      2.84975e-17	
      8492.70885	      2.68485e-17	
      8494.60730	      2.72072e-17	
      8496.50575	      2.84100e-17	
      8498.40420	      2.79674e-17	
      8500.30265	      2.69227e-17	
      8502.20110	      2.71900e-17	
      8504.09955	      2.76278e-17	
      8505.99800	      2.71251e-17	
      8507.89645	      2.67360e-17	
      8509.79490	      2.72451e-17	
      8511.69335	      2.64437e-17	
      8513.59180	      2.43277e-17	
      8515.49025	      2.22855e-17	
      8517.38869	      1.72416e-17	
      8519.28714	      1.37857e-17	
      8521.18559	      1.17182e-17	
      8523.08404	      1.51558e-17	
      8524.98249	      1.99807e-17	
      8526.88094	      2.39592e-17	
      8528.77939	      2.60895e-17	
      8530.67784	      2.80481e-17	
      8532.57629	      2.91377e-17	
      8534.47474	      2.79043e-17	
      8536.37319	      2.94801e-17	
      8538.27164	      2.99633e-17	
      8540.17009	      2.93090e-17	
      8542.06853	      2.90790e-17	
      8543.96698	      2.81724e-17	
      8545.86543	      2.87323e-17	
      8547.76388	      2.93731e-17	
      8549.66233	      2.99813e-17	
      8551.56078	      3.12560e-17	
      8553.45923	      3.02246e-17	
      8555.35768	      2.99551e-17	
      8557.25613	      3.03590e-17	
      8559.15458	      2.93528e-17	
      8561.05303	      2.97806e-17	
      8562.95148	      3.04109e-17	
      8564.84992	      3.00536e-17	
      8566.74837	      3.05380e-17	
      8568.64682	      3.05985e-17	
      8570.54527	      3.06574e-17	
      8572.44372	      3.06554e-17	
      8574.34217	      3.13794e-17	
      8576.24062	      3.03980e-17	
      8578.13907	      3.04976e-17	
      8580.03752	      3.10230e-17	
      8581.93597	      3.05194e-17	
      8583.83442	      3.08355e-17	
      8585.73287	      3.15211e-17	
      8587.63132	      3.09254e-17	
      8589.52976	      3.23881e-17	
      8591.42821	      3.19354e-17	
      8593.32666	      3.08237e-17	
      8595.22511	      3.15325e-17	
      8597.12356	      3.15333e-17	
      8599.02201	      3.06687e-17	
      8600.92046	      3.14890e-17	
      8602.81891	      3.19072e-17	
      8604.71736	      3.25149e-17	
      8606.61581	      3.01007e-17	
      8608.51426	      2.80428e-17	
      8610.41271	      2.66519e-17	
      8612.31116	      2.54021e-17	
      8614.20960	      2.56788e-17	
      8616.10805	      2.33102e-17	
      8618.00650	      2.29260e-17	
      8619.90495	      2.48615e-17	
      8621.80340	      2.57861e-17	
      8623.70185	      2.58462e-17	
      8625.60030	      2.49631e-17	
      8627.49875	      2.32186e-17	
      8629.39720	      2.28579e-17	
      8631.29565	      2.24439e-17	
      8633.19410	      2.35676e-17	
      8635.09255	      2.46461e-17	
      8636.99100	      2.43339e-17	
      8638.88944	      2.55060e-17	
      8640.78789	      2.60237e-17	
      8642.68634	      2.59385e-17	
      8644.58479	      2.67682e-17	
      8646.48324	      2.62273e-17	
      8648.38169	      2.68333e-17	
      8650.28014	      2.69465e-17	
      8652.17859	      2.91815e-17	
      8654.07704	      2.87358e-17	
      8655.97549	      2.77731e-17	
      8657.87394	      2.83757e-17	
      8659.77239	      2.99235e-17	
      8661.67084	      3.03103e-17	
      8663.56928	      3.03411e-17	
      8665.46773	      2.97014e-17	
      8667.36618	      2.82607e-17	
      8669.26463	      2.96253e-17	
      8671.16308	      3.06189e-17	
      8673.06153	      3.04093e-17	
      8674.95998	      2.96990e-17	
      8676.85843	      2.94362e-17	
      8678.75688	      2.97254e-17	
      8680.65533	      3.08139e-17	
      8682.55378	      3.00821e-17	
      8684.45223	      3.00400e-17	
      8686.35068	      3.07761e-17	
      8688.24912	      3.01440e-17	
      8690.14757	      2.96281e-17	
      8692.04602	      2.86908e-17	
      8693.94447	      2.90948e-17	
      8695.84292	      2.89734e-17	
      8697.74137	      2.83536e-17	
      8699.63982	      2.90743e-17	
      8701.53827	      2.92948e-17	
      8703.43672	      2.87600e-17	
      8705.33517	      2.83660e-17	
      8707.23362	      2.74043e-17	
      8709.13207	      2.66217e-17	
      8711.03052	      2.76252e-17	
      8712.92896	      2.88776e-17	
      8714.82741	      2.87946e-17	
      8716.72586	      2.89914e-17	
      8718.62431	      2.90301e-17	
      8720.52276	      2.87982e-17	
      8722.42121	      2.90581e-17	
      8724.31966	      3.05120e-17	
      8726.21811	      3.01546e-17	
      8728.11656	      2.92543e-17	
      8730.01501	      2.93978e-17	
      8731.91346	      2.99604e-17	
      8733.81191	      2.96384e-17	
      8735.71036	      3.01174e-17	
      8737.60880	      3.05235e-17	
      8739.50725	      3.03132e-17	
      8741.40570	      3.03972e-17	
      8743.30415	      2.99985e-17	
      8745.20260	      3.08538e-17	
      8747.10105	      3.05878e-17	
      8748.99950	      3.00142e-17	
      8750.89795	      2.98816e-17	
      8752.79640	      3.17676e-17	
      8754.69485	      3.03579e-17	
      8756.59330	      3.22450e-17	
      8758.49175	      3.47945e-17	
      8760.39020	      3.34363e-17	
      8762.28864	      3.24921e-17	
      8764.18709	      3.24902e-17	
      8766.08554	      2.96736e-17	
      8767.98399	      2.96094e-17	
      8769.88244	      3.28937e-17	
      8771.78089	      3.51267e-17	
      8773.67934	      3.45081e-17	
      8775.57779	      3.19775e-17	
      8777.47624	      3.20923e-17	
      8779.37469	      3.17590e-17	
      8781.27314	      3.11524e-17	
      8783.17159	      3.22305e-17	
      8785.07004	      3.21608e-17	
      8786.96848	      3.21321e-17	
      8788.86693	      3.12798e-17	
      8790.76538	      3.44293e-17	
      8792.66383	      3.44354e-17	
      8794.56228	      3.44612e-17	
      8796.46073	      3.38357e-17	
      8798.35918	      3.33259e-17	
      8800.25763	      3.25055e-17	
      8802.15608	      3.35155e-17	
      8804.05453	      3.24186e-17	
      8805.95298	      3.36146e-17	
      8807.85143	      3.30366e-17	
      8809.74987	      3.27367e-17	
      8811.64832	      3.34045e-17	
      8813.54677	      3.50365e-17	
      8815.44522	      3.77069e-17	
      8817.34367	      3.77579e-17	
      8819.24212	      3.66517e-17	
      8821.14057	      3.57092e-17	
      8823.03902	      3.30173e-17	
      8824.93747	      3.71894e-17	
      8826.83592	      3.77178e-17	
      8828.73437	      3.79820e-17	
      8830.63282	      3.55532e-17	
      8832.53127	      3.38942e-17	
      8834.42971	      3.35360e-17	
      8836.32816	      3.62492e-17	
      8838.22661	      3.57558e-17	
      8840.12506	      3.85855e-17	
      8842.02351	      3.86176e-17	
      8843.92196	      3.54136e-17	
      8845.82041	      3.28770e-17	
      8847.71886	      3.52961e-17	
      8849.61731	      3.76462e-17	
      8851.51576	      3.67959e-17	
      8853.41421	      3.72124e-17	
      8855.31266	      3.69130e-17	
      8857.21111	      3.59903e-17	
      8859.10955	      3.75726e-17	
      8861.00800	      3.73880e-17	
      8862.90645	      3.96719e-17	
      8864.80490	      3.93728e-17	
      8866.70335	      3.65273e-17	
      8868.60180	      3.67411e-17	
      8870.50025	      3.48776e-17	
      8872.39870	      3.51608e-17	
      8874.29715	      3.64429e-17	
      8876.19560	      3.75621e-17	
      8878.09405	      3.75192e-17	
      8879.99250	      3.68540e-17	
      8881.89095	      3.71181e-17	
      8883.78939	      3.98341e-17	
      8885.68784	      3.91511e-17	
      8887.58629	      4.01240e-17	
      8889.48474	      4.05850e-17	
      8891.38319	      3.79969e-17	
      8893.28164	      3.76941e-17	
      8895.18009	      3.76700e-17	
      8897.07854	      3.67752e-17	
      8898.97699	      3.81209e-17	
      8900.87544	      3.99082e-17	
      8902.77389	      4.06261e-17	
      8904.67234	      4.00779e-17	
      8906.57079	      3.75253e-17	
      8908.46923	      3.75089e-17	
      8910.36768	      3.69937e-17	
      8912.26613	      3.88781e-17	
      8914.16458	      3.97029e-17	
      8916.06303	      3.98886e-17	
      8917.96148	      3.94908e-17	
      8919.85993	      3.85313e-17	
      8921.75838	      3.74851e-17	
      8923.65683	      3.55292e-17	
      8925.55528	      3.66996e-17	
      8927.45373	      3.72565e-17	
      8929.35218	      3.88379e-17	
      8931.25063	      3.94480e-17	
      8933.14907	      3.88018e-17	
      8935.04752	      3.67262e-17	
      8936.94597	      3.10868e-17	
      8938.84442	      2.82874e-17	
      8940.74287	      2.54289e-17	
      8942.64132	      2.29615e-17	
      8944.53977	      2.52734e-17	
      8946.43822	      2.99487e-17	
      8948.33667	      3.54561e-17	
      8950.23512	      3.79537e-17	
      8952.13357	      3.65821e-17	
      8954.03202	      3.84468e-17	
      8955.93047	      4.01982e-17	
      8957.82891	      4.29920e-17	
      8959.72736	      4.19182e-17	
      8961.62581	      3.87904e-17	
      8963.52426	      3.81936e-17	
      8965.42271	      3.77969e-17	
      8967.32116	      3.93299e-17	
      8969.21961	      4.00371e-17	
      8971.11806	      4.05984e-17	
      8973.01651	      4.03648e-17	
      8974.91496	      3.97549e-17	
      8976.81341	      4.07314e-17	
      8978.71186	      3.97826e-17	
      8980.61031	      3.96016e-17	
      8982.50875	      4.11603e-17	
      8984.40720	      4.26166e-17	
      8986.30565	      4.14101e-17	
      8988.20410	      3.88601e-17	
      8990.10255	      3.71760e-17	
      8992.00100	      3.83594e-17	
      8993.89945	      3.96376e-17	
      8995.79790	      3.97221e-17	
      8997.69635	      4.06247e-17	
      8999.59480	      4.08064e-17	
      9001.49325	      4.31957e-17	
      9003.39170	      4.17703e-17	
      9005.29015	      4.13352e-17	
      9007.18859	      4.04537e-17	
      9009.08704	      4.17111e-17	
      9010.98549	      4.15358e-17	
      9012.88394	      4.13652e-17	
      9014.78239	      4.23062e-17	
      9016.68084	      4.31407e-17	
      9018.57929	      4.23106e-17	
      9020.47774	      4.19546e-17	
      9022.37619	      4.20715e-17	
      9024.27464	      3.96066e-17	
      9026.17309	      3.92974e-17	
      9028.07154	      4.13774e-17	
      9029.96998	      4.27303e-17	
      9031.86843	      4.25920e-17	
      9033.76688	      4.41165e-17	
      9035.66533	      4.52462e-17	
      9037.56378	      4.51705e-17	
      9039.46223	      4.41973e-17	
      9041.36068	      4.36939e-17	
      9043.25913	      4.24193e-17	
      9045.15758	      4.42690e-17	
      9047.05603	      4.30697e-17	
      9048.95448	      4.40494e-17	
      9050.85293	      4.65148e-17	
      9052.75138	      4.57451e-17	
      9054.64982	      4.47165e-17	
      9056.54827	      4.33797e-17	
      9058.44672	      4.22784e-17	
      9060.34517	      4.28585e-17	
      9062.24362	      4.26574e-17	
      9064.14207	      4.35547e-17	
      9066.04052	      4.25413e-17	
      9067.93897	      4.19541e-17	
      9069.83742	      4.21701e-17	
      9071.73587	      4.25736e-17	
      9073.63432	      4.35054e-17	
      9075.53277	      4.32193e-17	
      9077.43122	      4.32056e-17	
      9079.32966	      4.35335e-17	
      9081.22811	      4.26192e-17	
      9083.12656	      4.39978e-17	
      9085.02501	      4.42234e-17	
      9086.92346	      4.20365e-17	
      9088.82191	      4.43617e-17	
      9090.72036	      4.47377e-17	
      9092.61881	      4.62913e-17	
      9094.51726	      4.58898e-17	
      9096.41571	      4.46767e-17	
      9098.31416	      4.59523e-17	
      9100.21261	      4.45850e-17	
      9102.11106	      4.39305e-17	
      9104.00950	      4.44749e-17	
      9105.90795	      4.31382e-17	
      9107.80640	      4.45468e-17	
      9109.70485	      4.60550e-17	
      9111.60330	      4.42616e-17	
      9113.50175	      4.60404e-17	
      9115.40020	      4.59677e-17	
      9117.29865	      4.66855e-17	
      9119.19710	      4.80737e-17	
      9121.09555	      4.72934e-17	
      9122.99400	      4.59955e-17	
      9124.89245	      4.64673e-17	
      9126.79090	      4.62985e-17	
      9128.68934	      4.59945e-17	
      9130.58779	      4.58419e-17	
      9132.48624	      4.41290e-17	
      9134.38469	      4.37889e-17	
      9136.28314	      4.51012e-17	
      9138.18159	      4.43087e-17	
      9140.08004	      4.53913e-17	
      9141.97849	      4.62243e-17	
      9143.87694	      4.62979e-17	
      9145.77539	      4.84994e-17	
      9147.67384	      4.73226e-17	
      9149.57229	      4.59432e-17	
      9151.47074	      4.47683e-17	
      9153.36918	      4.42140e-17	
      9155.26763	      4.56677e-17	
      9157.16608	      4.71270e-17	
      9159.06453	      4.75472e-17	
      9160.96298	      4.75367e-17	
      9162.86143	      4.76220e-17	
      9164.75988	      4.81326e-17	
      9166.65833	      4.89675e-17	
      9168.55678	      4.78198e-17	
      9170.45523	      4.64816e-17	
      9172.35368	      4.69430e-17	
      9174.25213	      4.58480e-17	
      9176.15058	      4.51237e-17	
      9178.04902	      4.75874e-17	
      9179.94747	      4.82932e-17	
      9181.84592	      4.88025e-17	
      9183.74437	      4.83135e-17	
      9185.64282	      4.80638e-17	
      9187.54127	      4.97798e-17	
      9189.43972	      4.94897e-17	
      9191.33817	      4.81771e-17	
      9193.23662	      4.86705e-17	
      9195.13507	      4.86846e-17	
      9197.03352	      4.84102e-17	
      9198.93197	      4.72181e-17	
      9200.83042	      4.97425e-17	
      9202.72886	      5.24370e-17	
      9204.62731	      4.98216e-17	
      9206.52576	      4.84281e-17	
      9208.42421	      4.87205e-17	
      9210.32266	      4.84617e-17	
      9212.22111	      4.93686e-17	
      9214.11956	      4.97264e-17	
      9216.01801	      4.96089e-17	
      9217.91646	      4.95305e-17	
      9219.81491	      5.05347e-17	
      9221.71336	      5.14131e-17	
      9223.61181	      5.16368e-17	
      9225.51026	      5.05447e-17	
      9227.40870	      5.15499e-17	
      9229.30715	      5.04123e-17	
      9231.20560	      4.98682e-17	
      9233.10405	      4.97752e-17	
      9235.00250	      4.90812e-17	
      9236.90095	      4.99624e-17	
      9238.79940	      4.99323e-17	
      9240.69785	      4.97868e-17	
      9242.59630	      5.09117e-17	
      9244.49475	      5.04913e-17	
      9246.39320	      4.71568e-17	
      9248.29165	      4.84875e-17	
      9250.19010	      4.97533e-17	
      9252.08854	      4.85578e-17	
      9253.98699	      4.99621e-17	
      9255.88544	      5.05926e-17	
      9257.78389	      5.12055e-17	
      9259.68234	      4.94922e-17	
      9261.58079	      4.78747e-17	
      9263.47924	      5.10026e-17	
      9265.37769	      5.04590e-17	
      9267.27614	      5.04051e-17	
      9269.17459	      4.78890e-17	
      9271.07304	      4.72042e-17	
      9272.97149	      4.57666e-17	
      9274.86993	      4.24138e-17	
      9276.76838	      4.11112e-17	
      9278.66683	      3.99423e-17	
      9280.56528	      3.94727e-17	
      9282.46373	      4.05641e-17	
      9284.36218	      4.25893e-17	
      9286.26063	      4.18965e-17	
      9288.15908	      4.24352e-17	
      9290.05753	      4.18961e-17	
      9291.95598	      4.23327e-17	
      9293.85443	      4.41518e-17	
      9295.75288	      4.32997e-17	
      9297.65133	      4.19706e-17	
      9299.54977	      4.21411e-17	
      9301.44822	      4.30809e-17	
      9303.34667	      4.33582e-17	
      9305.24512	      4.50789e-17	
      9307.14357	      4.20675e-17	
      9309.04202	      4.60115e-17	
      9310.94047	      4.39974e-17	
      9312.83892	      4.23811e-17	
      9314.73737	      4.09130e-17	
      9316.63582	      3.27285e-17	
      9318.53427	      3.59426e-17	
      9320.43272	      3.81577e-17	
      9322.33117	      3.71133e-17	
      9324.22961	      3.88713e-17	
      9326.12806	      3.98330e-17	
      9328.02651	      4.03944e-17	
      9329.92496	      4.17938e-17	
      9331.82341	      4.15934e-17	
      9333.72186	      3.56562e-17	
      9335.62031	      3.69909e-17	
      9337.51876	      3.93827e-17	
      9339.41721	      3.79355e-17	
      9341.31566	      3.41512e-17	
      9343.21411	      3.46744e-17	
      9345.11256	      3.66732e-17	
      9347.01101	      4.10879e-17	
      9348.90945	      4.55801e-17	
      9350.80790	      4.41410e-17	
      9352.70635	      4.10483e-17	
      9354.60480	      3.90890e-17	
      9356.50325	      3.87944e-17	
      9358.40170	      3.68438e-17	
      9360.30015	      4.28555e-17	
      9362.19860	      4.66666e-17	
      9364.09705	      4.47428e-17	
      9365.99550	      4.27663e-17	
      9367.89395	      4.00892e-17	
      9369.79240	      3.95813e-17	
      9371.69085	      3.90050e-17	
      9373.58929	      4.14088e-17	
      9375.48774	      4.13554e-17	
      9377.38619	      3.93643e-17	
      9379.28464	      3.88603e-17	
      9381.18309	      3.85493e-17	
      9383.08154	      4.17409e-17	
      9384.97999	      4.32427e-17	
      9386.87844	      4.43958e-17	
      9388.77689	      4.74660e-17	
      9390.67534	      4.89613e-17	
      9392.57379	      5.05818e-17	
      9394.47224	      5.08682e-17	
      9396.37069	      5.14199e-17	
      9398.26913	      5.23199e-17	
      9400.16758	      5.25314e-17	
      9402.06603	      5.18679e-17	
      9403.96448	      5.13165e-17	
      9405.86293	      5.17524e-17	
      9407.76138	      5.12433e-17	
      9409.65983	      5.06780e-17	
      9411.55828	      4.94487e-17	
      9413.45673	      5.15098e-17	
      9415.35518	      5.00240e-17	
      9417.25363	      4.82336e-17	
      9419.15208	      4.89959e-17	
      9421.05053	      4.87039e-17	
      9422.94897	      4.78818e-17	
      9424.84742	      4.72649e-17	
      9426.74587	      4.61525e-17	
      9428.64432	      4.16268e-17	
      9430.54277	      4.62508e-17	
      9432.44122	      5.16846e-17	
      9434.33967	      5.37184e-17	
      9436.23812	      5.55204e-17	
      9438.13657	      5.36132e-17	
      9440.03502	      4.99277e-17	
      9441.93347	      4.61377e-17	
      9443.83192	      4.81710e-17	
      9445.73037	      5.43511e-17	
      9447.62881	      5.55066e-17	
      9449.52726	      5.29250e-17	
      9451.42571	      4.85650e-17	
      9453.32416	      4.79956e-17	
      9455.22261	      4.54505e-17	
      9457.12106	      4.11497e-17	
      9459.01951	      4.12131e-17	
      9460.91796	      4.43002e-17	
      9462.81641	      4.82507e-17	
      9464.71486	      5.02566e-17	
      9466.61331	      5.14147e-17	
      9468.51176	      5.22271e-17	
      9470.41021	      5.19371e-17	
      9472.30865	      5.95779e-17	
      9474.20710	      6.46041e-17	
      9476.10555	      5.68606e-17	
      9478.00400	      5.68833e-17	
      9479.90245	      5.45186e-17	
      9481.80090	      4.61824e-17	
      9483.69935	      4.82743e-17	
      9485.59780	      5.13689e-17	
      9487.49625	      5.43508e-17	
      9489.39470	      5.59644e-17	
      9491.29315	      5.27093e-17	
      9493.19160	      4.92470e-17	
      9495.09005	      4.65128e-17	
      9496.98849	      4.86140e-17	
      9498.88694	      4.82671e-17	
      9500.78539	      4.79549e-17	
      9502.68384	      5.35566e-17	
      9504.58229	      5.71429e-17	
      9506.48074	      5.41378e-17	
      9508.37919	      5.63002e-17	
      9510.27764	      5.82485e-17	
      9512.17609	      5.67006e-17	
      9514.07454	      5.54691e-17	
      9515.97299	      5.09924e-17	
      9517.87144	      5.01054e-17	
      9519.76988	      4.79795e-17	
      9521.66833	      4.75939e-17	
      9523.56678	      4.86514e-17	
      9525.46523	      5.19512e-17	
      9527.36368	      5.37061e-17	
      9529.26213	      5.25860e-17	
      9531.16058	      5.24628e-17	
      9533.05903	      5.31517e-17	
      9534.95748	      5.02031e-17	
      9536.85593	      5.39692e-17	
      9538.75438	      5.45143e-17	
      9540.65283	      5.19433e-17	
      9542.55128	      5.08456e-17	
      9544.44972	      5.06720e-17	
      9546.34817	      5.16629e-17	
      9548.24662	      5.20916e-17	
      9550.14507	      5.10072e-17	
      9552.04352	      5.10508e-17	
      9553.94197	      4.86585e-17	
      9555.84042	      5.05582e-17	
      9557.73887	      5.38151e-17	
      9559.63732	      5.69888e-17	
      9561.53577	      5.85962e-17	
      9563.43422	      5.48887e-17	
      9565.33267	      5.57719e-17	
      9567.23112	      5.75036e-17	
      9569.12956	      5.95967e-17	
      9571.02801	      5.87354e-17	
      9572.92646	      5.95704e-17	
      9574.82491	      6.09059e-17	
      9576.72336	      5.65863e-17	
      9578.62181	      5.54301e-17	
      9580.52026	      5.40288e-17	
      9582.41871	      5.27101e-17	
      9584.31716	      5.31228e-17	
      9586.21561	      5.19166e-17	
      9588.11406	      5.04184e-17	
      9590.01251	      5.52078e-17	
      9591.91096	      5.31604e-17	
      9593.80940	      5.32196e-17	
      9595.70785	      5.47315e-17	
      9597.60630	      5.72233e-17	
      9599.50475	      5.75950e-17	
      9601.40320	      5.58259e-17	
      9603.30165	      5.81512e-17	
      9605.20010	      5.80016e-17	
      9607.09855	      6.14777e-17	
      9608.99700	      5.92487e-17	
      9610.89545	      5.56683e-17	
      9612.79390	      5.72429e-17	
      9614.69235	      5.63003e-17	
      9616.59080	      5.38620e-17	
      9618.48924	      5.38904e-17	
      9620.38769	      5.39061e-17	
      9622.28614	      5.45506e-17	
      9624.18459	      5.21867e-17	
      9626.08304	      5.49050e-17	
      9627.98149	      5.83240e-17	
      9629.87994	      5.67466e-17	
      9631.77839	      5.62694e-17	
      9633.67684	      5.43838e-17	
      9635.57529	      5.30057e-17	
      9637.47374	      4.98868e-17	
      9639.37219	      5.07591e-17	
      9641.27064	      5.55156e-17	
      9643.16908	      5.75499e-17	
      9645.06753	      5.64641e-17	
      9646.96598	      5.67425e-17	
      9648.86443	      5.84757e-17	
      9650.76288	      5.80919e-17	
      9652.66133	      5.63101e-17	
      9654.55978	      5.77751e-17	
      9656.45823	      5.80553e-17	
      9658.35668	      5.76053e-17	
      9660.25513	      5.73071e-17	
      9662.15358	      5.75366e-17	
      9664.05203	      5.59120e-17	
      9665.95048	      5.37917e-17	
      9667.84892	      5.53202e-17	
      9669.74737	      5.78169e-17	
      9671.64582	      6.16366e-17	
      9673.54427	      6.69197e-17	
      9675.44272	      6.67471e-17	
      9677.34117	      6.57722e-17	
      9679.23962	      6.13989e-17	
      9681.13807	      6.20333e-17	
      9683.03652	      6.27223e-17	
      9684.93497	      6.17301e-17	
      9686.83342	      6.44194e-17	
      9688.73187	      6.44502e-17	
      9690.63032	      6.38145e-17	
      9692.52876	      6.36709e-17	
      9694.42721	      6.50474e-17	
      9696.32566	      6.65448e-17	
      9698.22411	      6.88248e-17	
      9700.12256	      6.99757e-17	
      9702.02101	      6.97062e-17	
      9703.91946	      6.54964e-17	
      9705.81791	      6.65668e-17	
      9707.71636	      6.72807e-17	
      9709.61481	      6.52932e-17	
      9711.51326	      6.62112e-17	
      9713.41171	      6.22358e-17	
      9715.31016	      6.28112e-17	
      9717.20860	      6.22797e-17	
      9719.10705	      5.94651e-17	
      9721.00550	      6.31209e-17	
      9722.90395	      6.22018e-17	
      9724.80240	      6.26705e-17	
      9726.70085	      6.36029e-17	
      9728.59930	      6.49582e-17	
      9730.49775	      6.85164e-17	
      9732.39620	      6.81563e-17	
      9734.29465	      6.75231e-17	
      9736.19310	      6.43899e-17	
      9738.09155	      6.43210e-17	
      9739.98999	      6.71194e-17	
      9741.88844	      6.76554e-17	
      9743.78689	      6.64516e-17	
      9745.68534	      6.38385e-17	
      9747.58379	      6.78820e-17	
      9749.48224	      6.32902e-17	
      9751.38069	      5.86172e-17	
      9753.27914	      6.41338e-17	
      9755.17759	      6.80932e-17	
      9757.07604	      6.48879e-17	
      9758.97449	      6.33626e-17	
      9760.87294	      6.61411e-17	
      9762.77139	      7.03688e-17	
      9764.66983	      7.01503e-17	
      9766.56828	      7.06081e-17	
      9768.46673	      7.13844e-17	
      9770.36518	      7.01492e-17	
      9772.26363	      6.99573e-17	
      9774.16208	      6.81192e-17	
      9776.06053	      6.83634e-17	
      9777.95898	      6.63420e-17	
      9779.85743	      6.73170e-17	
      9781.75588	      6.63097e-17	
      9783.65433	      6.97065e-17	
      9785.55278	      6.36839e-17	
      9787.45123	      5.95686e-17	
      9789.34967	      5.47463e-17	
      9791.24812	      6.78626e-17	
      9793.14657	      6.93265e-17	
      9795.04502	      6.40630e-17	
      9796.94347	      6.69174e-17	
      9798.84192	      6.21816e-17	
      9800.74037	      6.84242e-17	
      9802.63882	      6.85888e-17	
      9804.53727	      6.59724e-17	
      9806.43572	      6.90910e-17	
      9808.33417	      7.34113e-17	
      9810.23262	      6.97334e-17	
      9812.13107	      6.12944e-17	
      9814.02951	      6.55549e-17	
      9815.92796	      6.87424e-17	
      9817.82641	      6.60572e-17	
      9819.72486	      6.67377e-17	
      9821.62331	      6.61446e-17	
      9823.52176	      7.20022e-17	
      9825.42021	      7.03686e-17	
      9827.31866	      6.88616e-17	
      9829.21711	      7.33378e-17	
      9831.11556	      6.81265e-17	
      9833.01401	      6.47749e-17	
      9834.91246	      7.02493e-17	
      9836.81091	      7.02565e-17	
      9838.70935	      7.15751e-17	
      9840.60780	      7.02957e-17	
      9842.50625	      6.61436e-17	
      9844.40470	      7.01999e-17	
      9846.30315	      7.05237e-17	
      9848.20160	      7.03385e-17	
      9850.10005	      6.77426e-17	
      9851.99850	      7.11142e-17	
      9853.89695	      7.15034e-17	
      9855.79540	      7.23125e-17	
      9857.69385	      7.65582e-17	
      9859.59230	      7.66037e-17	
      9861.49075	      7.78622e-17	
      9863.38919	      7.49178e-17	
      9865.28764	      7.44089e-17	
      9867.18609	      7.38708e-17	
      9869.08454	      7.05426e-17	
      9870.98299	      6.86443e-17	
      9872.88144	      7.08332e-17	
      9874.77989	      7.34310e-17	
      9876.67834	      7.39064e-17	
      9878.57679	      7.96056e-17	
      9880.47524	      7.80996e-17	
      9882.37369	      7.58037e-17	
      9884.27214	      8.06040e-17	
      9886.17059	      8.01263e-17	
      9888.06903	      8.02146e-17	
      9889.96748	      7.49770e-17	
      9891.86593	      7.34829e-17	
      9893.76438	      7.17452e-17	
      9895.66283	      6.66378e-17	
      9897.56128	      6.68062e-17	
      9899.45973	      6.30719e-17	
      9901.35818	      6.15818e-17	
      9903.25663	      6.89631e-17	
      9905.15508	      6.78447e-17	
      9907.05353	      6.23738e-17	
      9908.95198	      7.05409e-17	
      9910.85043	      7.02883e-17	
      9912.74887	      6.74281e-17	
      9914.64732	      7.05146e-17	
      9916.54577	      7.76136e-17	
      9918.44422	      7.07109e-17	
      9920.34267	      6.48186e-17	
      9922.24112	      6.19360e-17	
      9924.13957	      6.12291e-17	
      9926.03802	      6.77752e-17	
      9927.93647	      6.69303e-17	
      9929.83492	      6.66963e-17	
      9931.73337	      6.62474e-17	
      9933.63182	      6.76645e-17	
      9935.53027	      6.73305e-17	
      9937.42871	      6.99426e-17	
      9939.32716	      7.14255e-17	
      9941.22561	      6.11777e-17	
      9943.12406	      4.63385e-17	
      9945.02251	      5.17262e-17	
      9946.92096	      4.37188e-17	
      9948.81941	      5.42862e-17	
      9950.71786	      6.07953e-17	
      9952.61631	      7.51105e-17	
      9954.51476	      7.89389e-17	
      9956.41321	      7.60375e-17	
      9958.31166	      8.15246e-17	
      9960.21011	      8.12629e-17	
      9962.10855	      7.91981e-17	
      9964.00700	      7.57759e-17	
      9965.90545	      6.79770e-17	
      9967.80390	      6.96920e-17	
      9969.70235	      7.68264e-17	
      9971.60080	      7.33942e-17	
      9973.49925	      6.92341e-17	
      9975.39770	      7.27351e-17	
      9977.29615	      7.00551e-17	
      9979.19460	      7.13031e-17	
      9981.09305	      7.06960e-17	
      9982.99150	      7.20343e-17	
      9984.88994	      7.40598e-17	
      9986.78839	      7.00711e-17	
      9988.68684	      7.31463e-17	
      9990.58529	      7.26968e-17	
      9992.48374	      7.15038e-17	
      9994.38219	      7.12748e-17	
      9996.28064	      7.41189e-17	
      9998.17909	      7.86153e-17	
     10000.07754	      8.27170e-17	
     10001.97599	      7.67673e-17	
     10003.87444	      7.53789e-17	
     10005.77289	      8.03933e-17	
     10007.67134	      7.68693e-17	
     10009.56978	      7.67882e-17	
     10011.46823	      7.92533e-17	
     10013.36668	      8.75322e-17	
     10015.26513	      8.40317e-17	
     10017.16358	      8.10837e-17	
     10019.06203	      7.76112e-17	
     10020.96048	      7.42144e-17	
     10022.85893	      7.86866e-17	
     10024.75738	      8.29366e-17	
     10026.65583	      8.36854e-17	
     10028.55428	      7.74076e-17	
     10030.45273	      6.80814e-17	
     10032.35118	      7.37376e-17	
     10034.24962	      7.85704e-17	
     10036.14807	      7.21916e-17	
     10038.04652	      7.47207e-17	
     10039.94497	      8.07019e-17	
     10041.84342	      6.97680e-17	
     10043.74187	      6.70037e-17	
     10045.64032	      7.65453e-17	
     10047.53877	      8.19933e-17	
     10049.43722	      7.51316e-17	
     10051.33567	      7.64265e-17	
     10053.23412	      8.02153e-17	
     10055.13257	      7.86717e-17	
     10057.03102	      8.25409e-17	
     10058.92946	      8.60757e-17	
     10060.82791	      8.06345e-17	
     10062.72636	      7.68591e-17	
     10064.62481	      7.84132e-17	
     10066.52326	      7.43610e-17	
     10068.42171	      7.62669e-17	
     10070.32016	      8.17940e-17	
     10072.21861	      7.93368e-17	
     10074.11706	      8.18167e-17	
     10076.01551	      8.38086e-17	
     10077.91396	      7.47964e-17	
     10079.81241	      8.02997e-17	
     10081.71086	      8.10072e-17	
     10083.60930	      7.81737e-17	
     10085.50775	      8.45802e-17	
     10087.40620	      7.50112e-17	
     10089.30465	      7.50291e-17	
     10091.20310	      8.09857e-17	
     10093.10155	      7.80251e-17	
     10095.00000	      7.63398e-17	
#time:0.025461
