# Keck LRIS spectra of late-M, L and T dwarfs
# spty = L1  (Spectral type)
#
#     WAVELENGTH	#           FLUX	
#     (ANGSTROM)	#  (ERG/CM2/S/A)	
################	################	
      6300.00000	     8.06285e-19	
      6301.89845	     1.73392e-19	
      6303.79690	     1.53901e-18	
      6305.69535	     2.50151e-18	
      6307.59380	     1.08066e-18	
      6309.49225	     7.53146e-19	
      6311.39070	     1.49713e-18	
      6313.28914	     1.28425e-18	
      6315.18759	     9.53588e-19	
      6317.08604	     4.04919e-19	
      6318.98449	     8.83148e-19	
      6320.88294	     1.11083e-18	
      6322.78139	     9.48750e-20	
      6324.67984	     9.80505e-19	
      6326.57829	     1.49728e-18	
      6328.47674	     6.13998e-19	
      6330.37519	     1.25905e-18	
      6332.27364	     1.25563e-18	
      6334.17209	     4.88654e-19	
      6336.07054	     9.29415e-19	
      6337.96898	     1.04558e-18	
      6339.86743	     1.65381e-18	
      6341.76588	     8.25355e-19	
      6343.66433	     8.92073e-19	
      6345.56278	     7.67774e-19	
      6347.46123	     7.90488e-19	
      6349.35968	     1.22687e-18	
      6351.25813	     1.59272e-18	
      6353.15658	     1.23042e-18	
      6355.05503	     8.58360e-19	
      6356.95348	     2.18181e-18	
      6358.85193	     1.26253e-18	
      6360.75038	     9.67713e-19	
      6362.64882	     1.25149e-18	
      6364.54727	     1.70893e-18	
      6366.44572	     9.03979e-19	
      6368.34417	     1.10978e-18	
      6370.24262	     1.91959e-18	
      6372.14107	     2.13465e-18	
      6374.03952	     1.41301e-18	
      6375.93797	     4.80638e-19	
      6377.83642	     1.37106e-19	
      6379.73487	     1.16927e-18	
      6381.63332	     1.47659e-18	
      6383.53177	     1.33901e-18	
      6385.43022	     7.83605e-19	
      6387.32866	     6.71663e-19	
      6389.22711	     1.36731e-18	
      6391.12556	     9.92233e-19	
      6393.02401	     9.17642e-19	
      6394.92246	     8.01087e-19	
      6396.82091	     1.37875e-18	
      6398.71936	     2.53206e-18	
      6400.61781	     1.72890e-18	
      6402.51626	     1.53675e-18	
      6404.41471	     1.42066e-18	
      6406.31316	     2.03015e-18	
      6408.21161	     9.60520e-19	
      6410.11006	     1.08254e-18	
      6412.00850	     1.61047e-18	
      6413.90695	     1.38709e-18	
      6415.80540	     1.91928e-18	
      6417.70385	     7.57675e-19	
      6419.60230	     1.44917e-18	
      6421.50075	     2.26755e-18	
      6423.39920	     1.01162e-18	
      6425.29765	     2.14850e-19	
      6427.19610	     1.11385e-18	
      6429.09455	     9.08411e-19	
      6430.99300	     4.76843e-19	
      6432.89145	     6.42511e-19	
      6434.78989	     1.76241e-18	
      6436.68834	     2.31886e-18	
      6438.58679	     1.70344e-18	
      6440.48524	     9.20541e-19	
      6442.38369	     1.13589e-18	
      6444.28214	     1.05093e-18	
      6446.18059	     1.01812e-18	
      6448.07904	     1.48903e-18	
      6449.97749	     1.63283e-18	
      6451.87594	     1.58930e-18	
      6453.77439	     2.01354e-18	
      6455.67284	     1.16503e-18	
      6457.57129	     1.23061e-19	
      6459.46973	     1.33514e-18	
      6461.36818	     1.59504e-18	
      6463.26663	     3.88204e-19	
      6465.16508	     1.18838e-18	
      6467.06353	     4.85963e-19	
      6468.96198	     7.81741e-19	
      6470.86043	     4.30191e-19	
      6472.75888	     3.46827e-19	
      6474.65733	     6.92367e-19	
      6476.55578	     1.06965e-18	
      6478.45423	     1.39614e-18	
      6480.35268	     7.00567e-19	
      6482.25113	     1.11411e-18	
      6484.14957	     1.81374e-18	
      6486.04802	     1.59707e-18	
      6487.94647	     1.28694e-18	
      6489.84492	     1.70635e-18	
      6491.74337	     1.07743e-18	
      6493.64182	     5.20974e-19	
      6495.54027	     7.50560e-19	
      6497.43872	     8.46374e-19	
      6499.33717	     1.67711e-18	
      6501.23562	     1.18996e-18	
      6503.13407	     1.38706e-18	
      6505.03252	     1.45832e-18	
      6506.93097	     1.04439e-18	
      6508.82941	     7.03269e-19	
      6510.72786	     1.18390e-18	
      6512.62631	     1.65389e-18	
      6514.52476	     1.89998e-18	
      6516.42321	     1.76200e-18	
      6518.32166	     1.40571e-18	
      6520.22011	     2.14684e-18	
      6522.11856	     2.05876e-18	
      6524.01701	     1.77370e-18	
      6525.91546	     1.00587e-18	
      6527.81391	     9.90350e-19	
      6529.71236	     1.52605e-18	
      6531.61081	     1.58652e-18	
      6533.50925	     2.02523e-18	
      6535.40770	     2.00968e-18	
      6537.30615	     2.63360e-18	
      6539.20460	     2.39571e-18	
      6541.10305	     2.06861e-18	
      6543.00150	     1.80104e-18	
      6544.89995	     1.75974e-18	
      6546.79840	     2.72020e-18	
      6548.69685	     2.31049e-18	
      6550.59530	     1.41492e-18	
      6552.49375	     1.65455e-18	
      6554.39220	     2.40329e-18	
      6556.29065	     2.57410e-18	
      6558.18909	     2.55708e-18	
      6560.08754	     2.05309e-18	
      6561.98599	     1.91416e-18	
      6563.88444	     1.63307e-18	
      6565.78289	     2.10910e-18	
      6567.68134	     2.38430e-18	
      6569.57979	     2.08621e-18	
      6571.47824	     2.15935e-18	
      6573.37669	     4.44181e-19	
      6575.27514	     1.49617e-18	
      6577.17359	     1.59528e-18	
      6579.07204	     1.40825e-18	
      6580.97049	     1.34528e-18	
      6582.86893	     1.32337e-18	
      6584.76738	     2.40844e-18	
      6586.66583	     2.89358e-18	
      6588.56428	     2.35096e-18	
      6590.46273	     1.52221e-18	
      6592.36118	     1.85366e-18	
      6594.25963	     2.31107e-18	
      6596.15808	     2.34003e-18	
      6598.05653	     2.11888e-18	
      6599.95498	     1.81584e-18	
      6601.85343	     2.33524e-18	
      6603.75188	     2.37287e-18	
      6605.65033	     1.34825e-18	
      6607.54877	     1.68853e-18	
      6609.44722	     2.33631e-18	
      6611.34567	     2.19914e-18	
      6613.24412	     2.08497e-18	
      6615.14257	     1.62879e-18	
      6617.04102	     1.75415e-18	
      6618.93947	     2.33641e-18	
      6620.83792	     2.65466e-18	
      6622.73637	     2.23080e-18	
      6624.63482	     1.06679e-18	
      6626.53327	     1.67832e-18	
      6628.43172	     2.10152e-18	
      6630.33017	     2.17592e-18	
      6632.22861	     2.32010e-18	
      6634.12706	     2.92190e-18	
      6636.02551	     2.47433e-18	
      6637.92396	     1.99729e-18	
      6639.82241	     1.75818e-18	
      6641.72086	     2.35758e-18	
      6643.61931	     3.23840e-18	
      6645.51776	     2.80190e-18	
      6647.41621	     1.68088e-18	
      6649.31466	     1.84478e-18	
      6651.21311	     1.42580e-18	
      6653.11156	     2.11703e-18	
      6655.01001	     2.38243e-18	
      6656.90845	     2.21199e-18	
      6658.80690	     3.06525e-18	
      6660.70535	     2.44511e-18	
      6662.60380	     2.06270e-18	
      6664.50225	     2.31188e-18	
      6666.40070	     2.27548e-18	
      6668.29915	     2.27779e-18	
      6670.19760	     2.04575e-18	
      6672.09605	     1.96556e-18	
      6673.99450	     2.41282e-18	
      6675.89295	     2.75430e-18	
      6677.79140	     2.40658e-18	
      6679.68984	     2.07333e-18	
      6681.58829	     1.80753e-18	
      6683.48674	     2.50211e-18	
      6685.38519	     2.37623e-18	
      6687.28364	     2.24329e-18	
      6689.18209	     2.59173e-18	
      6691.08054	     2.09327e-18	
      6692.97899	     2.30254e-18	
      6694.87744	     1.88734e-18	
      6696.77589	     2.30852e-18	
      6698.67434	     1.76277e-18	
      6700.57279	     1.76942e-18	
      6702.47124	     2.00010e-18	
      6704.36968	     1.44693e-18	
      6706.26813	     1.08081e-18	
      6708.16658	     1.03137e-18	
      6710.06503	     1.91390e-18	
      6711.96348	     1.73225e-18	
      6713.86193	     1.69471e-18	
      6715.76038	     1.92997e-18	
      6717.65883	     1.50733e-18	
      6719.55728	     2.10799e-18	
      6721.45573	     2.63105e-18	
      6723.35418	     2.57737e-18	
      6725.25263	     2.87169e-18	
      6727.15108	     3.36232e-18	
      6729.04952	     2.84588e-18	
      6730.94797	     2.61366e-18	
      6732.84642	     2.29497e-18	
      6734.74487	     3.25992e-18	
      6736.64332	     2.31408e-18	
      6738.54177	     2.18907e-18	
      6740.44022	     2.24818e-18	
      6742.33867	     2.71293e-18	
      6744.23712	     2.65581e-18	
      6746.13557	     2.56543e-18	
      6748.03402	     2.46305e-18	
      6749.93247	     2.37252e-18	
      6751.83092	     2.51126e-18	
      6753.72936	     2.47992e-18	
      6755.62781	     2.28246e-18	
      6757.52626	     2.84032e-18	
      6759.42471	     2.45371e-18	
      6761.32316	     2.51613e-18	
      6763.22161	     2.08314e-18	
      6765.12006	     1.96829e-18	
      6767.01851	     2.72537e-18	
      6768.91696	     2.21353e-18	
      6770.81541	     3.06251e-18	
      6772.71386	     2.98071e-18	
      6774.61231	     3.04471e-18	
      6776.51076	     2.85692e-18	
      6778.40920	     2.63131e-18	
      6780.30765	     3.10227e-18	
      6782.20610	     2.35989e-18	
      6784.10455	     2.30833e-18	
      6786.00300	     2.94706e-18	
      6787.90145	     2.45530e-18	
      6789.79990	     2.62442e-18	
      6791.69835	     2.41309e-18	
      6793.59680	     3.02615e-18	
      6795.49525	     2.37181e-18	
      6797.39370	     2.22392e-18	
      6799.29215	     2.62193e-18	
      6801.19060	     3.09547e-18	
      6803.08904	     2.46843e-18	
      6804.98749	     1.69858e-18	
      6806.88594	     2.41271e-18	
      6808.78439	     3.13321e-18	
      6810.68284	     2.56713e-18	
      6812.58129	     2.63028e-18	
      6814.47974	     2.37289e-18	
      6816.37819	     2.64766e-18	
      6818.27664	     2.83070e-18	
      6820.17509	     3.31290e-18	
      6822.07354	     3.40168e-18	
      6823.97199	     2.51624e-18	
      6825.87044	     2.48141e-18	
      6827.76888	     2.58854e-18	
      6829.66733	     2.47705e-18	
      6831.56578	     2.59562e-18	
      6833.46423	     1.99613e-18	
      6835.36268	     2.64332e-18	
      6837.26113	     2.86727e-18	
      6839.15958	     2.62414e-18	
      6841.05803	     1.90497e-18	
      6842.95648	     2.76055e-18	
      6844.85493	     2.36852e-18	
      6846.75338	     2.65242e-18	
      6848.65183	     2.64139e-18	
      6850.55028	     2.53964e-18	
      6852.44872	     2.32521e-18	
      6854.34717	     2.29052e-18	
      6856.24562	     2.47208e-18	
      6858.14407	     2.23410e-18	
      6860.04252	     2.17220e-18	
      6861.94097	     2.08310e-18	
      6863.83942	     1.98359e-18	
      6865.73787	     2.42418e-18	
      6867.63632	     1.93092e-18	
      6869.53477	     1.57684e-18	
      6871.43322	     1.80067e-18	
      6873.33167	     1.88189e-18	
      6875.23012	     1.43522e-18	
      6877.12856	     2.02477e-18	
      6879.02701	     2.76144e-18	
      6880.92546	     2.31651e-18	
      6882.82391	     1.88807e-18	
      6884.72236	     1.48817e-18	
      6886.62081	     2.46014e-18	
      6888.51926	     2.47827e-18	
      6890.41771	     2.13007e-18	
      6892.31616	     1.74720e-18	
      6894.21461	     1.91243e-18	
      6896.11306	     1.64417e-18	
      6898.01151	     1.85956e-18	
      6899.90995	     1.59930e-18	
      6901.80840	     1.98356e-18	
      6903.70685	     2.47597e-18	
      6905.60530	     1.98893e-18	
      6907.50375	     1.95615e-18	
      6909.40220	     1.71524e-18	
      6911.30065	     2.37101e-18	
      6913.19910	     2.63545e-18	
      6915.09755	     1.94864e-18	
      6916.99600	     1.75519e-18	
      6918.89445	     1.55677e-18	
      6920.79290	     1.56988e-18	
      6922.69135	     2.23027e-18	
      6924.58979	     1.40059e-18	
      6926.48824	     2.07825e-18	
      6928.38669	     2.49103e-18	
      6930.28514	     2.86040e-18	
      6932.18359	     3.28252e-18	
      6934.08204	     3.24773e-18	
      6935.98049	     2.62664e-18	
      6937.87894	     2.43464e-18	
      6939.77739	     2.36624e-18	
      6941.67584	     3.10662e-18	
      6943.57429	     2.68346e-18	
      6945.47274	     2.44601e-18	
      6947.37119	     2.78397e-18	
      6949.26963	     3.20338e-18	
      6951.16808	     3.48865e-18	
      6953.06653	     2.47269e-18	
      6954.96498	     2.64104e-18	
      6956.86343	     2.98709e-18	
      6958.76188	     2.94192e-18	
      6960.66033	     3.04528e-18	
      6962.55878	     2.32252e-18	
      6964.45723	     3.11220e-18	
      6966.35568	     3.01541e-18	
      6968.25413	     2.52951e-18	
      6970.15258	     2.31976e-18	
      6972.05103	     2.62572e-18	
      6973.94947	     2.42227e-18	
      6975.84792	     2.95459e-18	
      6977.74637	     3.17689e-18	
      6979.64482	     2.70639e-18	
      6981.54327	     2.58105e-18	
      6983.44172	     2.10197e-18	
      6985.34017	     2.83716e-18	
      6987.23862	     3.12946e-18	
      6989.13707	     2.61443e-18	
      6991.03552	     2.98515e-18	
      6992.93397	     2.93807e-18	
      6994.83242	     2.86804e-18	
      6996.73087	     2.59941e-18	
      6998.62931	     2.75577e-18	
      7000.52776	     2.75968e-18	
      7002.42621	     2.74885e-18	
      7004.32466	     2.48075e-18	
      7006.22311	     3.12586e-18	
      7008.12156	     3.69300e-18	
      7010.02001	     3.27839e-18	
      7011.91846	     2.72874e-18	
      7013.81691	     2.20743e-18	
      7015.71536	     2.63746e-18	
      7017.61381	     3.24688e-18	
      7019.51226	     3.27984e-18	
      7021.41071	     3.36451e-18	
      7023.30915	     3.33139e-18	
      7025.20760	     3.28599e-18	
      7027.10605	     3.44788e-18	
      7029.00450	     3.04684e-18	
      7030.90295	     3.18109e-18	
      7032.80140	     3.93593e-18	
      7034.69985	     3.96271e-18	
      7036.59830	     3.87008e-18	
      7038.49675	     3.36580e-18	
      7040.39520	     3.46550e-18	
      7042.29365	     3.57355e-18	
      7044.19210	     4.27693e-18	
      7046.09055	     4.27905e-18	
      7047.98899	     4.05230e-18	
      7049.88744	     3.77537e-18	
      7051.78589	     4.01125e-18	
      7053.68434	     4.16874e-18	
      7055.58279	     3.85825e-18	
      7057.48124	     3.84247e-18	
      7059.37969	     3.61908e-18	
      7061.27814	     3.32445e-18	
      7063.17659	     3.95771e-18	
      7065.07504	     3.86840e-18	
      7066.97349	     3.63848e-18	
      7068.87194	     3.37819e-18	
      7070.77039	     3.13380e-18	
      7072.66883	     3.08800e-18	
      7074.56728	     3.13138e-18	
      7076.46573	     3.17151e-18	
      7078.36418	     3.71696e-18	
      7080.26263	     3.82843e-18	
      7082.16108	     3.85209e-18	
      7084.05953	     3.37662e-18	
      7085.95798	     3.74635e-18	
      7087.85643	     3.50285e-18	
      7089.75488	     3.49243e-18	
      7091.65333	     3.07151e-18	
      7093.55178	     2.90250e-18	
      7095.45023	     3.38872e-18	
      7097.34867	     3.17786e-18	
      7099.24712	     3.17118e-18	
      7101.14557	     3.87493e-18	
      7103.04402	     4.09682e-18	
      7104.94247	     3.23763e-18	
      7106.84092	     3.12440e-18	
      7108.73937	     3.40565e-18	
      7110.63782	     4.00255e-18	
      7112.53627	     3.68713e-18	
      7114.43472	     4.18224e-18	
      7116.33317	     3.40377e-18	
      7118.23162	     3.79623e-18	
      7120.13007	     3.39070e-18	
      7122.02851	     3.80099e-18	
      7123.92696	     3.72709e-18	
      7125.82541	     2.96808e-18	
      7127.72386	     2.99613e-18	
      7129.62231	     3.38153e-18	
      7131.52076	     3.64111e-18	
      7133.41921	     3.90363e-18	
      7135.31766	     3.42523e-18	
      7137.21611	     3.47043e-18	
      7139.11456	     3.52770e-18	
      7141.01301	     3.62082e-18	
      7142.91146	     3.32250e-18	
      7144.80990	     3.82157e-18	
      7146.70835	     3.85216e-18	
      7148.60680	     4.25848e-18	
      7150.50525	     4.17434e-18	
      7152.40370	     3.87597e-18	
      7154.30215	     3.73096e-18	
      7156.20060	     3.66635e-18	
      7158.09905	     3.73579e-18	
      7159.99750	     3.97637e-18	
      7161.89595	     3.72597e-18	
      7163.79440	     4.11055e-18	
      7165.69285	     4.06272e-18	
      7167.59130	     4.33972e-18	
      7169.48974	     3.94469e-18	
      7171.38819	     4.06545e-18	
      7173.28664	     4.28574e-18	
      7175.18509	     3.85587e-18	
      7177.08354	     3.45473e-18	
      7178.98199	     3.92892e-18	
      7180.88044	     4.46229e-18	
      7182.77889	     4.88725e-18	
      7184.67734	     4.18582e-18	
      7186.57579	     4.74069e-18	
      7188.47424	     4.44681e-18	
      7190.37269	     4.22073e-18	
      7192.27114	     3.71357e-18	
      7194.16958	     4.15490e-18	
      7196.06803	     4.25663e-18	
      7197.96648	     4.26421e-18	
      7199.86493	     4.40422e-18	
      7201.76338	     4.43333e-18	
      7203.66183	     4.70234e-18	
      7205.56028	     4.28800e-18	
      7207.45873	     4.23486e-18	
      7209.35718	     4.46723e-18	
      7211.25563	     4.89784e-18	
      7213.15408	     4.64374e-18	
      7215.05253	     4.45760e-18	
      7216.95098	     4.30394e-18	
      7218.84942	     4.49331e-18	
      7220.74787	     5.10671e-18	
      7222.64632	     4.42679e-18	
      7224.54477	     4.60918e-18	
      7226.44322	     4.24470e-18	
      7228.34167	     4.29357e-18	
      7230.24012	     5.12234e-18	
      7232.13857	     5.03752e-18	
      7234.03702	     5.20923e-18	
      7235.93547	     5.58446e-18	
      7237.83392	     4.71274e-18	
      7239.73237	     4.24461e-18	
      7241.63082	     4.37616e-18	
      7243.52926	     4.66668e-18	
      7245.42771	     5.06936e-18	
      7247.32616	     5.49475e-18	
      7249.22461	     5.35837e-18	
      7251.12306	     4.30603e-18	
      7253.02151	     4.74942e-18	
      7254.91996	     4.89971e-18	
      7256.81841	     4.92962e-18	
      7258.71686	     5.46389e-18	
      7260.61531	     5.62126e-18	
      7262.51376	     5.14887e-18	
      7264.41221	     5.40948e-18	
      7266.31066	     5.32083e-18	
      7268.20910	     5.31416e-18	
      7270.10755	     4.87562e-18	
      7272.00600	     5.63308e-18	
      7273.90445	     5.67434e-18	
      7275.80290	     5.55397e-18	
      7277.70135	     4.93280e-18	
      7279.59980	     5.22524e-18	
      7281.49825	     4.22875e-18	
      7283.39670	     4.83867e-18	
      7285.29515	     5.21999e-18	
      7287.19360	     5.17006e-18	
      7289.09205	     5.40468e-18	
      7290.99050	     5.20253e-18	
      7292.88894	     5.54314e-18	
      7294.78739	     6.18983e-18	
      7296.68584	     5.97219e-18	
      7298.58429	     5.90089e-18	
      7300.48274	     6.25207e-18	
      7302.38119	     6.19035e-18	
      7304.27964	     6.55532e-18	
      7306.17809	     6.69454e-18	
      7308.07654	     5.96709e-18	
      7309.97499	     5.56325e-18	
      7311.87344	     6.24708e-18	
      7313.77189	     6.63622e-18	
      7315.67034	     6.54133e-18	
      7317.56878	     6.94047e-18	
      7319.46723	     6.00780e-18	
      7321.36568	     6.37654e-18	
      7323.26413	     6.26257e-18	
      7325.16258	     6.10956e-18	
      7327.06103	     6.22983e-18	
      7328.95948	     6.83269e-18	
      7330.85793	     6.61917e-18	
      7332.75638	     5.88519e-18	
      7334.65483	     6.17750e-18	
      7336.55328	     6.57786e-18	
      7338.45173	     6.43521e-18	
      7340.35018	     7.32057e-18	
      7342.24862	     6.09548e-18	
      7344.14707	     5.00688e-18	
      7346.04552	     5.18410e-18	
      7347.94397	     6.30050e-18	
      7349.84242	     5.85949e-18	
      7351.74087	     5.96344e-18	
      7353.63932	     5.62906e-18	
      7355.53777	     6.32805e-18	
      7357.43622	     6.46561e-18	
      7359.33467	     5.74297e-18	
      7361.23312	     6.62125e-18	
      7363.13157	     6.45902e-18	
      7365.03002	     6.23421e-18	
      7366.92846	     6.19569e-18	
      7368.82691	     6.47205e-18	
      7370.72536	     6.10913e-18	
      7372.62381	     6.11627e-18	
      7374.52226	     6.00358e-18	
      7376.42071	     5.44765e-18	
      7378.31916	     6.08801e-18	
      7380.21761	     6.24355e-18	
      7382.11606	     6.30844e-18	
      7384.01451	     5.91448e-18	
      7385.91296	     5.92902e-18	
      7387.81141	     6.13657e-18	
      7389.70985	     6.02722e-18	
      7391.60830	     5.75153e-18	
      7393.50675	     5.87378e-18	
      7395.40520	     6.01881e-18	
      7397.30365	     6.38120e-18	
      7399.20210	     5.60359e-18	
      7401.10055	     5.99093e-18	
      7402.99900	     6.62718e-18	
      7404.89745	     5.92994e-18	
      7406.79590	     5.46539e-18	
      7408.69435	     6.42873e-18	
      7410.59280	     6.51500e-18	
      7412.49125	     6.00415e-18	
      7414.38969	     5.88640e-18	
      7416.28814	     5.58340e-18	
      7418.18659	     5.40095e-18	
      7420.08504	     4.68398e-18	
      7421.98349	     5.34477e-18	
      7423.88194	     5.81380e-18	
      7425.78039	     5.65487e-18	
      7427.67884	     5.49001e-18	
      7429.57729	     5.61054e-18	
      7431.47574	     4.87863e-18	
      7433.37419	     5.29309e-18	
      7435.27264	     6.12502e-18	
      7437.17109	     6.19115e-18	
      7439.06953	     5.01838e-18	
      7440.96798	     5.48433e-18	
      7442.86643	     5.92887e-18	
      7444.76488	     5.39429e-18	
      7446.66333	     5.35895e-18	
      7448.56178	     5.49099e-18	
      7450.46023	     5.91842e-18	
      7452.35868	     5.65495e-18	
      7454.25713	     4.60780e-18	
      7456.15558	     5.12481e-18	
      7458.05403	     5.63190e-18	
      7459.95248	     5.94672e-18	
      7461.85093	     5.54493e-18	
      7463.74937	     5.42788e-18	
      7465.64782	     5.61147e-18	
      7467.54627	     5.41489e-18	
      7469.44472	     5.10111e-18	
      7471.34317	     6.30225e-18	
      7473.24162	     5.69086e-18	
      7475.14007	     5.56034e-18	
      7477.03852	     5.26604e-18	
      7478.93697	     5.26719e-18	
      7480.83542	     5.70501e-18	
      7482.73387	     5.88431e-18	
      7484.63232	     6.62029e-18	
      7486.53077	     5.54420e-18	
      7488.42921	     5.79719e-18	
      7490.32766	     5.88360e-18	
      7492.22611	     6.12353e-18	
      7494.12456	     5.81501e-18	
      7496.02301	     5.44478e-18	
      7497.92146	     5.45700e-18	
      7499.81991	     6.08077e-18	
      7501.71836	     6.19410e-18	
      7503.61681	     5.69032e-18	
      7505.51526	     5.99280e-18	
      7507.41371	     6.00903e-18	
      7509.31216	     5.97774e-18	
      7511.21061	     5.86290e-18	
      7513.10905	     5.84418e-18	
      7515.00750	     5.61957e-18	
      7516.90595	     5.60769e-18	
      7518.80440	     5.57331e-18	
      7520.70285	     6.13944e-18	
      7522.60130	     6.54225e-18	
      7524.49975	     6.51759e-18	
      7526.39820	     5.84233e-18	
      7528.29665	     5.60237e-18	
      7530.19510	     6.22760e-18	
      7532.09355	     6.17693e-18	
      7533.99200	     5.61358e-18	
      7535.89045	     5.61860e-18	
      7537.78889	     6.03016e-18	
      7539.68734	     6.61211e-18	
      7541.58579	     6.54339e-18	
      7543.48424	     6.41423e-18	
      7545.38269	     6.07544e-18	
      7547.28114	     6.26594e-18	
      7549.17959	     6.76263e-18	
      7551.07804	     5.77645e-18	
      7552.97649	     5.37020e-18	
      7554.87494	     6.12306e-18	
      7556.77339	     6.23644e-18	
      7558.67184	     5.57905e-18	
      7560.57029	     6.48766e-18	
      7562.46873	     6.41153e-18	
      7564.36718	     5.93802e-18	
      7566.26563	     5.52045e-18	
      7568.16408	     6.42113e-18	
      7570.06253	     6.84851e-18	
      7571.96098	     6.30876e-18	
      7573.85943	     6.33192e-18	
      7575.75788	     6.26191e-18	
      7577.65633	     6.87661e-18	
      7579.55478	     5.51430e-18	
      7581.45323	     6.12029e-18	
      7583.35168	     6.02634e-18	
      7585.25013	     5.51360e-18	
      7587.14857	     5.26362e-18	
      7589.04702	     4.92599e-18	
      7590.94547	     4.87612e-18	
      7592.84392	     3.96279e-18	
      7594.74237	     3.32704e-18	
      7596.64082	     2.57725e-18	
      7598.53927	     1.84222e-18	
      7600.43772	     1.77653e-18	
      7602.33617	     1.49272e-18	
      7604.23462	     1.80630e-18	
      7606.13307	     2.11620e-18	
      7608.03152	     1.81076e-18	
      7609.92996	     2.00158e-18	
      7611.82841	     2.12699e-18	
      7613.72686	     2.80120e-18	
      7615.62531	     4.20450e-18	
      7617.52376	     3.86215e-18	
      7619.42221	     3.36724e-18	
      7621.32066	     2.41766e-18	
      7623.21911	     1.89416e-18	
      7625.11756	     1.72656e-18	
      7627.01601	     1.90790e-18	
      7628.91446	     2.28384e-18	
      7630.81291	     2.17164e-18	
      7632.71136	     2.36150e-18	
      7634.60980	     2.22859e-18	
      7636.50825	     2.12778e-18	
      7638.40670	     2.11537e-18	
      7640.30515	     2.11381e-18	
      7642.20360	     1.81867e-18	
      7644.10205	     2.04314e-18	
      7646.00050	     1.87232e-18	
      7647.89895	     1.79411e-18	
      7649.79740	     1.62105e-18	
      7651.69585	     1.02331e-18	
      7653.59430	     1.01525e-18	
      7655.49275	     1.32514e-18	
      7657.39120	     1.17419e-18	
      7659.28964	     4.63971e-19	
      7661.18809	     5.82722e-19	
      7663.08654	     5.18513e-19	
      7664.98499	     8.16149e-19	
      7666.88344	     8.42948e-19	
      7668.78189	     1.02317e-18	
      7670.68034	     1.25803e-18	
      7672.57879	     1.74859e-18	
      7674.47724	     1.50912e-18	
      7676.37569	     1.84814e-18	
      7678.27414	     2.26129e-18	
      7680.17259	     1.76309e-18	
      7682.07104	     2.08605e-18	
      7683.96948	     2.09962e-18	
      7685.86793	     2.15049e-18	
      7687.76638	     1.41380e-18	
      7689.66483	     1.35098e-18	
      7691.56328	     1.16043e-18	
      7693.46173	     6.13435e-19	
      7695.36018	     8.97067e-19	
      7697.25863	     5.31013e-19	
      7699.15708	     3.75579e-19	
      7701.05553	     1.37561e-18	
      7702.95398	     1.71206e-18	
      7704.85243	     2.03588e-18	
      7706.75088	     2.97653e-18	
      7708.64932	     2.85378e-18	
      7710.54777	     2.64584e-18	
      7712.44622	     3.72097e-18	
      7714.34467	     3.72122e-18	
      7716.24312	     4.03503e-18	
      7718.14157	     5.02019e-18	
      7720.04002	     4.51379e-18	
      7721.93847	     4.26342e-18	
      7723.83692	     4.14799e-18	
      7725.73537	     4.66685e-18	
      7727.63382	     4.68794e-18	
      7729.53227	     4.77176e-18	
      7731.43072	     4.93429e-18	
      7733.32916	     4.05433e-18	
      7735.22761	     4.54621e-18	
      7737.12606	     4.61950e-18	
      7739.02451	     4.48928e-18	
      7740.92296	     5.13368e-18	
      7742.82141	     5.61496e-18	
      7744.71986	     5.07612e-18	
      7746.61831	     5.20902e-18	
      7748.51676	     5.37796e-18	
      7750.41521	     4.51584e-18	
      7752.31366	     6.04514e-18	
      7754.21211	     5.54481e-18	
      7756.11056	     5.90536e-18	
      7758.00900	     6.22669e-18	
      7759.90745	     5.47201e-18	
      7761.80590	     6.17173e-18	
      7763.70435	     5.88166e-18	
      7765.60280	     5.75510e-18	
      7767.50125	     5.36869e-18	
      7769.39970	     5.35449e-18	
      7771.29815	     5.19212e-18	
      7773.19660	     5.37086e-18	
      7775.09505	     6.02809e-18	
      7776.99350	     5.85844e-18	
      7778.89195	     6.15941e-18	
      7780.79040	     5.98878e-18	
      7782.68884	     5.43506e-18	
      7784.58729	     6.61792e-18	
      7786.48574	     7.15821e-18	
      7788.38419	     5.99018e-18	
      7790.28264	     6.18066e-18	
      7792.18109	     5.83410e-18	
      7794.07954	     4.90368e-18	
      7795.97799	     4.47242e-18	
      7797.87644	     3.97327e-18	
      7799.77489	     5.04573e-18	
      7801.67334	     5.78758e-18	
      7803.57179	     5.70301e-18	
      7805.47024	     5.34027e-18	
      7807.36868	     5.94138e-18	
      7809.26713	     6.73110e-18	
      7811.16558	     7.01356e-18	
      7813.06403	     6.74018e-18	
      7814.96248	     6.23954e-18	
      7816.86093	     5.93551e-18	
      7818.75938	     6.19067e-18	
      7820.65783	     7.01003e-18	
      7822.55628	     6.55129e-18	
      7824.45473	     7.05118e-18	
      7826.35318	     6.85938e-18	
      7828.25163	     6.49336e-18	
      7830.15008	     6.61263e-18	
      7832.04852	     6.87445e-18	
      7833.94697	     7.37053e-18	
      7835.84542	     6.95651e-18	
      7837.74387	     6.78490e-18	
      7839.64232	     7.48769e-18	
      7841.54077	     7.34570e-18	
      7843.43922	     7.25074e-18	
      7845.33767	     7.71321e-18	
      7847.23612	     6.49868e-18	
      7849.13457	     5.58985e-18	
      7851.03302	     7.45692e-18	
      7852.93147	     7.77272e-18	
      7854.82991	     7.19864e-18	
      7856.72836	     6.78357e-18	
      7858.62681	     7.78701e-18	
      7860.52526	     7.75852e-18	
      7862.42371	     7.32497e-18	
      7864.32216	     6.07075e-18	
      7866.22061	     5.39758e-18	
      7868.11906	     5.65100e-18	
      7870.01751	     6.18420e-18	
      7871.91596	     6.08879e-18	
      7873.81441	     6.43777e-18	
      7875.71286	     6.54826e-18	
      7877.61131	     6.28685e-18	
      7879.50975	     7.14501e-18	
      7881.40820	     7.20092e-18	
      7883.30665	     7.30292e-18	
      7885.20510	     6.86641e-18	
      7887.10355	     6.68811e-18	
      7889.00200	     8.46853e-18	
      7890.90045	     8.01133e-18	
      7892.79890	     7.53574e-18	
      7894.69735	     5.83245e-18	
      7896.59580	     6.61477e-18	
      7898.49425	     6.82566e-18	
      7900.39270	     6.45865e-18	
      7902.29115	     6.90969e-18	
      7904.18959	     6.71013e-18	
      7906.08804	     6.07201e-18	
      7907.98649	     5.84941e-18	
      7909.88494	     6.86241e-18	
      7911.78339	     7.00337e-18	
      7913.68184	     5.70098e-18	
      7915.58029	     6.81936e-18	
      7917.47874	     7.55390e-18	
      7919.37719	     6.82424e-18	
      7921.27564	     7.12803e-18	
      7923.17409	     7.63453e-18	
      7925.07254	     6.47568e-18	
      7926.97099	     6.37583e-18	
      7928.86943	     7.43445e-18	
      7930.76788	     7.54473e-18	
      7932.66633	     7.09881e-18	
      7934.56478	     6.59905e-18	
      7936.46323	     6.04346e-18	
      7938.36168	     6.22902e-18	
      7940.26013	     5.65644e-18	
      7942.15858	     5.16172e-18	
      7944.05703	     5.01814e-18	
      7945.95548	     4.95035e-18	
      7947.85393	     6.23705e-18	
      7949.75238	     6.39645e-18	
      7951.65083	     7.67650e-18	
      7953.54927	     7.45427e-18	
      7955.44772	     6.94010e-18	
      7957.34617	     6.75328e-18	
      7959.24462	     7.03964e-18	
      7961.14307	     8.26730e-18	
      7963.04152	     6.80595e-18	
      7964.93997	     6.52943e-18	
      7966.83842	     7.33234e-18	
      7968.73687	     7.84721e-18	
      7970.63532	     6.70818e-18	
      7972.53377	     6.53282e-18	
      7974.43222	     7.15406e-18	
      7976.33067	     5.57265e-18	
      7978.22911	     6.72273e-18	
      7980.12756	     6.43252e-18	
      7982.02601	     7.31507e-18	
      7983.92446	     6.66408e-18	
      7985.82291	     6.71096e-18	
      7987.72136	     6.27161e-18	
      7989.61981	     5.65831e-18	
      7991.51826	     6.86437e-18	
      7993.41671	     7.80292e-18	
      7995.31516	     6.31749e-18	
      7997.21361	     7.41868e-18	
      7999.11206	     8.00895e-18	
      8001.01051	     7.66638e-18	
      8002.90895	     7.09756e-18	
      8004.80740	     7.65165e-18	
      8006.70585	     7.93083e-18	
      8008.60430	     7.46324e-18	
      8010.50275	     7.59256e-18	
      8012.40120	     8.08796e-18	
      8014.29965	     7.27841e-18	
      8016.19810	     8.15467e-18	
      8018.09655	     7.94799e-18	
      8019.99500	     8.41215e-18	
      8021.89345	     8.05176e-18	
      8023.79190	     8.49019e-18	
      8025.69035	     9.47940e-18	
      8027.58879	     8.93276e-18	
      8029.48724	     8.52079e-18	
      8031.38569	     8.82243e-18	
      8033.28414	     7.79430e-18	
      8035.18259	     8.34773e-18	
      8037.08104	     8.72792e-18	
      8038.97949	     8.95829e-18	
      8040.87794	     9.21442e-18	
      8042.77639	     8.61460e-18	
      8044.67484	     9.89897e-18	
      8046.57329	     1.02823e-17	
      8048.47174	     1.00730e-17	
      8050.37019	     1.03987e-17	
      8052.26863	     1.04221e-17	
      8054.16708	     9.63397e-18	
      8056.06553	     9.71143e-18	
      8057.96398	     1.02353e-17	
      8059.86243	     9.58241e-18	
      8061.76088	     1.00428e-17	
      8063.65933	     9.70857e-18	
      8065.55778	     1.03496e-17	
      8067.45623	     1.15053e-17	
      8069.35468	     1.05207e-17	
      8071.25313	     1.11752e-17	
      8073.15158	     1.16876e-17	
      8075.05003	     1.12988e-17	
      8076.94847	     1.21952e-17	
      8078.84692	     1.14025e-17	
      8080.74537	     1.14157e-17	
      8082.64382	     1.21480e-17	
      8084.54227	     1.10143e-17	
      8086.44072	     1.03476e-17	
      8088.33917	     1.13681e-17	
      8090.23762	     1.14861e-17	
      8092.13607	     1.19854e-17	
      8094.03452	     1.16083e-17	
      8095.93297	     1.08313e-17	
      8097.83142	     1.09607e-17	
      8099.72986	     1.18805e-17	
      8101.62831	     1.18929e-17	
      8103.52676	     1.25818e-17	
      8105.42521	     1.23473e-17	
      8107.32366	     1.27193e-17	
      8109.22211	     1.22802e-17	
      8111.12056	     1.28214e-17	
      8113.01901	     1.19666e-17	
      8114.91746	     1.25061e-17	
      8116.81591	     1.29517e-17	
      8118.71436	     1.34538e-17	
      8120.61281	     1.31219e-17	
      8122.51126	     1.39830e-17	
      8124.40970	     1.42883e-17	
      8126.30815	     1.33300e-17	
      8128.20660	     1.43922e-17	
      8130.10505	     1.45603e-17	
      8132.00350	     1.40239e-17	
      8133.90195	     1.42837e-17	
      8135.80040	     1.39228e-17	
      8137.69885	     1.37080e-17	
      8139.59730	     1.44227e-17	
      8141.49575	     1.38500e-17	
      8143.39420	     1.35373e-17	
      8145.29265	     1.31280e-17	
      8147.19110	     1.37070e-17	
      8149.08954	     1.46221e-17	
      8150.98799	     1.46733e-17	
      8152.88644	     1.43872e-17	
      8154.78489	     1.40689e-17	
      8156.68334	     1.45098e-17	
      8158.58179	     1.41303e-17	
      8160.48024	     1.50982e-17	
      8162.37869	     1.59411e-17	
      8164.27714	     1.53440e-17	
      8166.17559	     1.49409e-17	
      8168.07404	     1.58674e-17	
      8169.97249	     1.63060e-17	
      8171.87094	     1.58410e-17	
      8173.76938	     1.49673e-17	
      8175.66783	     1.38490e-17	
      8177.56628	     1.16038e-17	
      8179.46473	     1.05716e-17	
      8181.36318	     1.27134e-17	
      8183.26163	     1.39801e-17	
      8185.16008	     1.42382e-17	
      8187.05853	     1.38598e-17	
      8188.95698	     1.23414e-17	
      8190.85543	     1.00308e-17	
      8192.75388	     9.98462e-18	
      8194.65233	     1.14475e-17	
      8196.55078	     1.21992e-17	
      8198.44922	     1.42093e-17	
      8200.34767	     1.43221e-17	
      8202.24612	     1.37068e-17	
      8204.14457	     1.40658e-17	
      8206.04302	     1.40942e-17	
      8207.94147	     1.41727e-17	
      8209.83992	     1.35250e-17	
      8211.73837	     1.40859e-17	
      8213.63682	     1.46618e-17	
      8215.53527	     1.42744e-17	
      8217.43372	     1.53484e-17	
      8219.33217	     1.58139e-17	
      8221.23062	     1.52945e-17	
      8223.12906	     1.51424e-17	
      8225.02751	     1.53421e-17	
      8226.92596	     1.58209e-17	
      8228.82441	     1.52236e-17	
      8230.72286	     1.48169e-17	
      8232.62131	     1.57798e-17	
      8234.51976	     1.60437e-17	
      8236.41821	     1.67584e-17	
      8238.31666	     1.72530e-17	
      8240.21511	     1.67668e-17	
      8242.11356	     1.58835e-17	
      8244.01201	     1.64194e-17	
      8245.91046	     1.70850e-17	
      8247.80890	     1.54145e-17	
      8249.70735	     1.50452e-17	
      8251.60580	     1.39754e-17	
      8253.50425	     1.52118e-17	
      8255.40270	     1.56278e-17	
      8257.30115	     1.56330e-17	
      8259.19960	     1.58547e-17	
      8261.09805	     1.53787e-17	
      8262.99650	     1.55366e-17	
      8264.89495	     1.52654e-17	
      8266.79340	     1.48419e-17	
      8268.69185	     1.53633e-17	
      8270.59030	     1.56174e-17	
      8272.48874	     1.47574e-17	
      8274.38719	     1.44378e-17	
      8276.28564	     1.49169e-17	
      8278.18409	     1.48557e-17	
      8280.08254	     1.54422e-17	
      8281.98099	     1.61152e-17	
      8283.87944	     1.50351e-17	
      8285.77789	     1.45297e-17	
      8287.67634	     1.40100e-17	
      8289.57479	     1.52183e-17	
      8291.47324	     1.50686e-17	
      8293.37169	     1.51015e-17	
      8295.27014	     1.45941e-17	
      8297.16858	     1.54843e-17	
      8299.06703	     1.47528e-17	
      8300.96548	     1.31993e-17	
      8302.86393	     1.40901e-17	
      8304.76238	     1.47317e-17	
      8306.66083	     1.35253e-17	
      8308.55928	     1.40106e-17	
      8310.45773	     1.39957e-17	
      8312.35618	     1.50427e-17	
      8314.25463	     1.59817e-17	
      8316.15308	     1.55381e-17	
      8318.05153	     1.59443e-17	
      8319.94997	     1.57409e-17	
      8321.84842	     1.52961e-17	
      8323.74687	     1.57828e-17	
      8325.64532	     1.51449e-17	
      8327.54377	     1.53476e-17	
      8329.44222	     1.54915e-17	
      8331.34067	     1.48514e-17	
      8333.23912	     1.49101e-17	
      8335.13757	     1.49371e-17	
      8337.03602	     1.50921e-17	
      8338.93447	     1.52856e-17	
      8340.83292	     1.50886e-17	
      8342.73137	     1.66926e-17	
      8344.62981	     1.59372e-17	
      8346.52826	     1.71470e-17	
      8348.42671	     1.59912e-17	
      8350.32516	     1.61039e-17	
      8352.22361	     1.65864e-17	
      8354.12206	     1.64461e-17	
      8356.02051	     1.66507e-17	
      8357.91896	     1.58896e-17	
      8359.81741	     1.54000e-17	
      8361.71586	     1.46980e-17	
      8363.61431	     1.64586e-17	
      8365.51276	     1.76586e-17	
      8367.41121	     1.62874e-17	
      8369.30965	     1.56610e-17	
      8371.20810	     1.55311e-17	
      8373.10655	     1.57803e-17	
      8375.00500	     1.61163e-17	
      8376.90345	     1.66670e-17	
      8378.80190	     1.65942e-17	
      8380.70035	     1.58353e-17	
      8382.59880	     1.49723e-17	
      8384.49725	     1.56383e-17	
      8386.39570	     1.52608e-17	
      8388.29415	     1.46684e-17	
      8390.19260	     1.50624e-17	
      8392.09105	     1.56027e-17	
      8393.98949	     1.61430e-17	
      8395.88794	     1.65762e-17	
      8397.78639	     1.74022e-17	
      8399.68484	     1.77834e-17	
      8401.58329	     1.67874e-17	
      8403.48174	     1.72831e-17	
      8405.38019	     1.76544e-17	
      8407.27864	     1.68849e-17	
      8409.17709	     1.74630e-17	
      8411.07554	     1.79339e-17	
      8412.97399	     1.83175e-17	
      8414.87244	     1.77844e-17	
      8416.77089	     1.63356e-17	
      8418.66933	     1.55488e-17	
      8420.56778	     1.61241e-17	
      8422.46623	     1.61644e-17	
      8424.36468	     1.73378e-17	
      8426.26313	     1.62081e-17	
      8428.16158	     1.44963e-17	
      8430.06003	     1.39027e-17	
      8431.95848	     1.41472e-17	
      8433.85693	     1.46319e-17	
      8435.75538	     1.42273e-17	
      8437.65383	     1.42478e-17	
      8439.55228	     1.30777e-17	
      8441.45073	     1.29480e-17	
      8443.34917	     1.27897e-17	
      8445.24762	     1.23240e-17	
      8447.14607	     1.27740e-17	
      8449.04452	     1.24308e-17	
      8450.94297	     1.22098e-17	
      8452.84142	     1.14383e-17	
      8454.73987	     1.14853e-17	
      8456.63832	     1.13790e-17	
      8458.53677	     1.12966e-17	
      8460.43522	     1.08272e-17	
      8462.33367	     1.17410e-17	
      8464.23212	     1.19334e-17	
      8466.13057	     1.17355e-17	
      8468.02901	     1.20018e-17	
      8469.92746	     1.16812e-17	
      8471.82591	     1.20966e-17	
      8473.72436	     1.23479e-17	
      8475.62281	     1.20971e-17	
      8477.52126	     1.18896e-17	
      8479.41971	     1.33199e-17	
      8481.31816	     1.20316e-17	
      8483.21661	     1.17362e-17	
      8485.11506	     1.29064e-17	
      8487.01351	     1.20243e-17	
      8488.91196	     1.26206e-17	
      8490.81041	     1.32868e-17	
      8492.70885	     1.37575e-17	
      8494.60730	     1.23419e-17	
      8496.50575	     1.39417e-17	
      8498.40420	     1.35457e-17	
      8500.30265	     1.23241e-17	
      8502.20110	     1.15387e-17	
      8504.09955	     1.17704e-17	
      8505.99800	     1.21518e-17	
      8507.89645	     1.32187e-17	
      8509.79490	     1.25519e-17	
      8511.69335	     1.26387e-17	
      8513.59180	     1.16626e-17	
      8515.49025	     1.00283e-17	
      8517.38869	     1.02625e-17	
      8519.28714	     1.08150e-17	
      8521.18559	     1.18153e-17	
      8523.08404	     1.19756e-17	
      8524.98249	     1.23296e-17	
      8526.88094	     1.31376e-17	
      8528.77939	     1.24773e-17	
      8530.67784	     1.28372e-17	
      8532.57629	     1.29369e-17	
      8534.47474	     1.28421e-17	
      8536.37319	     1.26645e-17	
      8538.27164	     1.31016e-17	
      8540.17009	     1.38837e-17	
      8542.06853	     1.38464e-17	
      8543.96698	     1.34904e-17	
      8545.86543	     1.43888e-17	
      8547.76388	     1.47391e-17	
      8549.66233	     1.54345e-17	
      8551.56078	     1.49396e-17	
      8553.45923	     1.45971e-17	
      8555.35768	     1.40159e-17	
      8557.25613	     1.38567e-17	
      8559.15458	     1.37187e-17	
      8561.05303	     1.36169e-17	
      8562.95148	     1.46150e-17	
      8564.84992	     1.47660e-17	
      8566.74837	     1.49815e-17	
      8568.64682	     1.45369e-17	
      8570.54527	     1.40445e-17	
      8572.44372	     1.43279e-17	
      8574.34217	     1.45104e-17	
      8576.24062	     1.48424e-17	
      8578.13907	     1.40198e-17	
      8580.03752	     1.46574e-17	
      8581.93597	     1.52566e-17	
      8583.83442	     1.44446e-17	
      8585.73287	     1.41292e-17	
      8587.63132	     1.47035e-17	
      8589.52976	     1.40377e-17	
      8591.42821	     1.35581e-17	
      8593.32666	     1.38278e-17	
      8595.22511	     1.40344e-17	
      8597.12356	     1.49634e-17	
      8599.02201	     1.47363e-17	
      8600.92046	     1.47562e-17	
      8602.81891	     1.48806e-17	
      8604.71736	     1.45379e-17	
      8606.61581	     1.36473e-17	
      8608.51426	     1.27990e-17	
      8610.41271	     1.18796e-17	
      8612.31116	     1.14072e-17	
      8614.20960	     1.11363e-17	
      8616.10805	     1.28764e-17	
      8618.00650	     1.31621e-17	
      8619.90495	     1.18236e-17	
      8621.80340	     1.19441e-17	
      8623.70185	     1.17673e-17	
      8625.60030	     1.14361e-17	
      8627.49875	     1.07388e-17	
      8629.39720	     1.07262e-17	
      8631.29565	     1.11108e-17	
      8633.19410	     1.12284e-17	
      8635.09255	     1.09484e-17	
      8636.99100	     1.08495e-17	
      8638.88944	     1.20193e-17	
      8640.78789	     1.17124e-17	
      8642.68634	     1.14897e-17	
      8644.58479	     1.22029e-17	
      8646.48324	     1.22148e-17	
      8648.38169	     1.23675e-17	
      8650.28014	     1.19876e-17	
      8652.17859	     1.27502e-17	
      8654.07704	     1.27695e-17	
      8655.97549	     1.30874e-17	
      8657.87394	     1.31377e-17	
      8659.77239	     1.26079e-17	
      8661.67084	     1.30424e-17	
      8663.56928	     1.31467e-17	
      8665.46773	     1.19355e-17	
      8667.36618	     1.19594e-17	
      8669.26463	     1.23581e-17	
      8671.16308	     1.33080e-17	
      8673.06153	     1.38865e-17	
      8674.95998	     1.35214e-17	
      8676.85843	     1.29062e-17	
      8678.75688	     1.32555e-17	
      8680.65533	     1.27467e-17	
      8682.55378	     1.28368e-17	
      8684.45223	     1.33907e-17	
      8686.35068	     1.21297e-17	
      8688.24912	     1.06131e-17	
      8690.14757	     9.75061e-18	
      8692.04602	     8.92997e-18	
      8693.94447	     9.97099e-18	
      8695.84292	     9.90584e-18	
      8697.74137	     1.04106e-17	
      8699.63982	     1.03854e-17	
      8701.53827	     1.00686e-17	
      8703.43672	     1.00621e-17	
      8705.33517	     9.75167e-18	
      8707.23362	     1.01160e-17	
      8709.13207	     8.72032e-18	
      8711.03052	     9.04869e-18	
      8712.92896	     8.69287e-18	
      8714.82741	     9.63293e-18	
      8716.72586	     1.02611e-17	
      8718.62431	     1.05456e-17	
      8720.52276	     1.04880e-17	
      8722.42121	     1.10476e-17	
      8724.31966	     1.15333e-17	
      8726.21811	     1.12140e-17	
      8728.11656	     1.14774e-17	
      8730.01501	     1.08300e-17	
      8731.91346	     1.08038e-17	
      8733.81191	     1.08899e-17	
      8735.71036	     1.12305e-17	
      8737.60880	     1.18625e-17	
      8739.50725	     1.28016e-17	
      8741.40570	     1.28516e-17	
      8743.30415	     1.20091e-17	
      8745.20260	     1.18576e-17	
      8747.10105	     1.25294e-17	
      8748.99950	     1.23539e-17	
      8750.89795	     1.15178e-17	
      8752.79640	     1.22338e-17	
      8754.69485	     1.35709e-17	
      8756.59330	     1.30880e-17	
      8758.49175	     1.32289e-17	
      8760.39020	     1.17080e-17	
      8762.28864	     1.26848e-17	
      8764.18709	     1.08146e-17	
      8766.08554	     1.19882e-17	
      8767.98399	     1.44075e-17	
      8769.88244	     1.47890e-17	
      8771.78089	     1.61157e-17	
      8773.67934	     1.46961e-17	
      8775.57779	     1.33162e-17	
      8777.47624	     1.27400e-17	
      8779.37469	     1.44830e-17	
      8781.27314	     1.45330e-17	
      8783.17159	     1.41731e-17	
      8785.07004	     1.34885e-17	
      8786.96848	     1.43896e-17	
      8788.86693	     1.49566e-17	
      8790.76538	     1.51835e-17	
      8792.66383	     1.56539e-17	
      8794.56228	     1.45340e-17	
      8796.46073	     1.35090e-17	
      8798.35918	     1.35098e-17	
      8800.25763	     1.35690e-17	
      8802.15608	     1.34385e-17	
      8804.05453	     1.30834e-17	
      8805.95298	     1.50242e-17	
      8807.85143	     1.65844e-17	
      8809.74987	     1.75289e-17	
      8811.64832	     1.76841e-17	
      8813.54677	     1.80879e-17	
      8815.44522	     1.93732e-17	
      8817.34367	     1.70489e-17	
      8819.24212	     1.52969e-17	
      8821.14057	     1.50293e-17	
      8823.03902	     1.51248e-17	
      8824.93747	     1.57245e-17	
      8826.83592	     1.78656e-17	
      8828.73437	     1.87488e-17	
      8830.63282	     1.83268e-17	
      8832.53127	     1.72296e-17	
      8834.42971	     1.67897e-17	
      8836.32816	     1.88148e-17	
      8838.22661	     1.78782e-17	
      8840.12506	     1.62431e-17	
      8842.02351	     1.53703e-17	
      8843.92196	     1.49348e-17	
      8845.82041	     1.48156e-17	
      8847.71886	     1.75305e-17	
      8849.61731	     1.95599e-17	
      8851.51576	     1.75125e-17	
      8853.41421	     1.55704e-17	
      8855.31266	     1.49774e-17	
      8857.21111	     1.48563e-17	
      8859.10955	     1.47139e-17	
      8861.00800	     1.54554e-17	
      8862.90645	     1.63844e-17	
      8864.80490	     1.40506e-17	
      8866.70335	     1.30160e-17	
      8868.60180	     1.45876e-17	
      8870.50025	     1.43988e-17	
      8872.39870	     1.37551e-17	
      8874.29715	     1.61293e-17	
      8876.19560	     1.69599e-17	
      8878.09405	     1.43678e-17	
      8879.99250	     1.27988e-17	
      8881.89095	     1.49132e-17	
      8883.78939	     1.67720e-17	
      8885.68784	     1.59336e-17	
      8887.58629	     1.45545e-17	
      8889.48474	     1.57499e-17	
      8891.38319	     1.45307e-17	
      8893.28164	     1.30275e-17	
      8895.18009	     1.48330e-17	
      8897.07854	     1.55549e-17	
      8898.97699	     1.65248e-17	
      8900.87544	     1.83009e-17	
      8902.77389	     1.68537e-17	
      8904.67234	     1.40292e-17	
      8906.57079	     1.47669e-17	
      8908.46923	     1.67973e-17	
      8910.36768	     1.64790e-17	
      8912.26613	     1.57112e-17	
      8914.16458	     1.73882e-17	
      8916.06303	     1.66157e-17	
      8917.96148	     1.62924e-17	
      8919.85993	     1.63492e-17	
      8921.75838	     1.74011e-17	
      8923.65683	     1.62984e-17	
      8925.55528	     1.78014e-17	
      8927.45373	     1.86773e-17	
      8929.35218	     2.00760e-17	
      8931.25063	     1.82063e-17	
      8933.14907	     1.71747e-17	
      8935.04752	     1.62312e-17	
      8936.94597	     1.40716e-17	
      8938.84442	     1.34174e-17	
      8940.74287	     1.47939e-17	
      8942.64132	     1.66889e-17	
      8944.53977	     1.53617e-17	
      8946.43822	     1.51399e-17	
      8948.33667	     1.56821e-17	
      8950.23512	     1.66187e-17	
      8952.13357	     1.86152e-17	
      8954.03202	     1.82085e-17	
      8955.93047	     1.86304e-17	
      8957.82891	     1.87484e-17	
      8959.72736	     1.89756e-17	
      8961.62581	     1.66924e-17	
      8963.52426	     1.61810e-17	
      8965.42271	     1.76467e-17	
      8967.32116	     1.71758e-17	
      8969.21961	     1.72514e-17	
      8971.11806	     1.94633e-17	
      8973.01651	     1.92189e-17	
      8974.91496	     1.86439e-17	
      8976.81341	     1.80981e-17	
      8978.71186	     1.81105e-17	
      8980.61031	     1.99905e-17	
      8982.50875	     2.13041e-17	
      8984.40720	     2.05068e-17	
      8986.30565	     1.92602e-17	
      8988.20410	     1.66867e-17	
      8990.10255	     1.82474e-17	
      8992.00100	     1.84293e-17	
      8993.89945	     1.76876e-17	
      8995.79790	     1.74349e-17	
      8997.69635	     1.88054e-17	
      8999.59480	     2.21959e-17	
      9001.49325	     2.28618e-17	
      9003.39170	     2.13125e-17	
      9005.29015	     1.92791e-17	
      9007.18859	     1.98681e-17	
      9009.08704	     2.01271e-17	
      9010.98549	     2.07973e-17	
      9012.88394	     2.01978e-17	
      9014.78239	     1.84792e-17	
      9016.68084	     1.77159e-17	
      9018.57929	     1.67631e-17	
      9020.47774	     1.57833e-17	
      9022.37619	     1.60934e-17	
      9024.27464	     1.68313e-17	
      9026.17309	     1.87987e-17	
      9028.07154	     1.90149e-17	
      9029.96998	     1.95775e-17	
      9031.86843	     2.11588e-17	
      9033.76688	     2.32017e-17	
      9035.66533	     2.29853e-17	
      9037.56378	     2.01955e-17	
      9039.46223	     1.99928e-17	
      9041.36068	     2.04505e-17	
      9043.25913	     2.05591e-17	
      9045.15758	     2.14657e-17	
      9047.05603	     1.99052e-17	
      9048.95448	     1.87424e-17	
      9050.85293	     1.73277e-17	
      9052.75138	     1.87499e-17	
      9054.64982	     1.82985e-17	
      9056.54827	     1.83408e-17	
      9058.44672	     1.81001e-17	
      9060.34517	     1.78780e-17	
      9062.24362	     1.84772e-17	
      9064.14207	     1.76737e-17	
      9066.04052	     1.60953e-17	
      9067.93897	     1.71919e-17	
      9069.83742	     1.84164e-17	
      9071.73587	     1.90622e-17	
      9073.63432	     2.20710e-17	
      9075.53277	     2.16397e-17	
      9077.43122	     2.02248e-17	
      9079.32966	     2.03149e-17	
      9081.22811	     1.86505e-17	
      9083.12656	     1.90491e-17	
      9085.02501	     2.07639e-17	
      9086.92346	     2.11169e-17	
      9088.82191	     2.10362e-17	
      9090.72036	     2.17168e-17	
      9092.61881	     2.27196e-17	
      9094.51726	     2.18496e-17	
      9096.41571	     2.12832e-17	
      9098.31416	     2.12657e-17	
      9100.21261	     2.08364e-17	
      9102.11106	     2.06590e-17	
      9104.00950	     2.05578e-17	
      9105.90795	     2.22052e-17	
      9107.80640	     2.32077e-17	
      9109.70485	     2.39309e-17	
      9111.60330	     2.28908e-17	
      9113.50175	     2.30235e-17	
      9115.40020	     2.36110e-17	
      9117.29865	     2.40369e-17	
      9119.19710	     2.35631e-17	
      9121.09555	     2.26416e-17	
      9122.99400	     2.18137e-17	
      9124.89245	     2.33427e-17	
      9126.79090	     2.43426e-17	
      9128.68934	     2.50523e-17	
      9130.58779	     2.57989e-17	
      9132.48624	     2.35683e-17	
      9134.38469	     2.14802e-17	
      9136.28314	     2.07335e-17	
      9138.18159	     2.18930e-17	
      9140.08004	     2.38439e-17	
      9141.97849	     2.37518e-17	
      9143.87694	     2.35736e-17	
      9145.77539	     2.29740e-17	
      9147.67384	     2.42716e-17	
      9149.57229	     2.52919e-17	
      9151.47074	     2.54625e-17	
      9153.36918	     2.45398e-17	
      9155.26763	     2.51846e-17	
      9157.16608	     2.43753e-17	
      9159.06453	     2.44361e-17	
      9160.96298	     2.57576e-17	
      9162.86143	     2.63225e-17	
      9164.75988	     2.64187e-17	
      9166.65833	     2.67536e-17	
      9168.55678	     2.44414e-17	
      9170.45523	     2.25978e-17	
      9172.35368	     2.35023e-17	
      9174.25213	     2.40293e-17	
      9176.15058	     2.40314e-17	
      9178.04902	     2.53015e-17	
      9179.94747	     2.54632e-17	
      9181.84592	     2.58222e-17	
      9183.74437	     2.73335e-17	
      9185.64282	     2.84469e-17	
      9187.54127	     2.79793e-17	
      9189.43972	     2.63350e-17	
      9191.33817	     2.69085e-17	
      9193.23662	     2.66926e-17	
      9195.13507	     2.79424e-17	
      9197.03352	     2.85808e-17	
      9198.93197	     2.85283e-17	
      9200.83042	     2.68434e-17	
      9202.72886	     2.57415e-17	
      9204.62731	     2.37077e-17	
      9206.52576	     2.37753e-17	
      9208.42421	     2.39016e-17	
      9210.32266	     2.43822e-17	
      9212.22111	     2.46305e-17	
      9214.11956	     2.49619e-17	
      9216.01801	     2.47342e-17	
      9217.91646	     2.38486e-17	
      9219.81491	     2.40333e-17	
      9221.71336	     2.43872e-17	
      9223.61181	     2.48962e-17	
      9225.51026	     2.25349e-17	
      9227.40870	     2.19356e-17	
      9229.30715	     2.28292e-17	
      9231.20560	     2.25030e-17	
      9233.10405	     2.19099e-17	
      9235.00250	     2.16423e-17	
      9236.90095	     2.38524e-17	
      9238.79940	     2.47226e-17	
      9240.69785	     2.43688e-17	
      9242.59630	     2.23179e-17	
      9244.49475	     2.12178e-17	
      9246.39320	     2.17791e-17	
      9248.29165	     2.21065e-17	
      9250.19010	     2.28103e-17	
      9252.08854	     2.57358e-17	
      9253.98699	     2.54291e-17	
      9255.88544	     2.30604e-17	
      9257.78389	     2.41028e-17	
      9259.68234	     2.56492e-17	
      9261.58079	     2.36642e-17	
      9263.47924	     2.48091e-17	
      9265.37769	     2.58389e-17	
      9267.27614	     2.49585e-17	
      9269.17459	     2.40467e-17	
      9271.07304	     2.37063e-17	
      9272.97149	     2.18683e-17	
      9274.86993	     2.18341e-17	
      9276.76838	     2.17641e-17	
      9278.66683	     2.28750e-17	
      9280.56528	     2.35625e-17	
      9282.46373	     2.06359e-17	
      9284.36218	     2.02868e-17	
      9286.26063	     2.34448e-17	
      9288.15908	     2.41302e-17	
      9290.05753	     2.23679e-17	
      9291.95598	     2.22511e-17	
      9293.85443	     2.14441e-17	
      9295.75288	     2.10822e-17	
      9297.65133	     1.91611e-17	
      9299.54977	     2.04827e-17	
      9301.44822	     2.31849e-17	
      9303.34667	     2.21215e-17	
      9305.24512	     2.07140e-17	
      9307.14357	     2.19193e-17	
      9309.04202	     2.44054e-17	
      9310.94047	     2.36262e-17	
      9312.83892	     2.27720e-17	
      9314.73737	     2.20962e-17	
      9316.63582	     1.92507e-17	
      9318.53427	     1.93975e-17	
      9320.43272	     1.88960e-17	
      9322.33117	     1.85041e-17	
      9324.22961	     1.89616e-17	
      9326.12806	     2.04077e-17	
      9328.02651	     1.90053e-17	
      9329.92496	     1.85522e-17	
      9331.82341	     2.03964e-17	
      9333.72186	     2.15171e-17	
      9335.62031	     2.13954e-17	
      9337.51876	     2.14043e-17	
      9339.41721	     1.90936e-17	
      9341.31566	     1.87043e-17	
      9343.21411	     1.99725e-17	
      9345.11256	     2.08104e-17	
      9347.01101	     2.19698e-17	
      9348.90945	     1.96591e-17	
      9350.80790	     1.78635e-17	
      9352.70635	     1.88946e-17	
      9354.60480	     1.84019e-17	
      9356.50325	     2.13680e-17	
      9358.40170	     2.33279e-17	
      9360.30015	     2.27977e-17	
      9362.19860	     2.28152e-17	
      9364.09705	     1.96337e-17	
      9365.99550	     1.80727e-17	
      9367.89395	     1.82439e-17	
      9369.79240	     1.96406e-17	
      9371.69085	     1.84224e-17	
      9373.58929	     1.81689e-17	
      9375.48774	     1.90245e-17	
      9377.38619	     2.18642e-17	
      9379.28464	     2.20816e-17	
      9381.18309	     2.22846e-17	
      9383.08154	     2.19626e-17	
      9384.97999	     2.24204e-17	
      9386.87844	     2.42243e-17	
      9388.77689	     2.21982e-17	
      9390.67534	     2.15751e-17	
      9392.57379	     2.39118e-17	
      9394.47224	     2.36995e-17	
      9396.37069	     2.26101e-17	
      9398.26913	     2.34586e-17	
      9400.16758	     2.29670e-17	
      9402.06603	     2.40045e-17	
      9403.96448	     2.41202e-17	
      9405.86293	     2.43337e-17	
      9407.76138	     2.51831e-17	
      9409.65983	     2.42753e-17	
      9411.55828	     2.44666e-17	
      9413.45673	     2.38782e-17	
      9415.35518	     2.33002e-17	
      9417.25363	     2.17061e-17	
      9419.15208	     2.39685e-17	
      9421.05053	     2.60847e-17	
      9422.94897	     2.35218e-17	
      9424.84742	     2.21431e-17	
      9426.74587	     2.38728e-17	
      9428.64432	     2.59255e-17	
      9430.54277	     2.45205e-17	
      9432.44122	     2.49038e-17	
      9434.33967	     2.49568e-17	
      9436.23812	     2.47336e-17	
      9438.13657	     2.39342e-17	
      9440.03502	     2.57468e-17	
      9441.93347	     2.70658e-17	
      9443.83192	     2.65247e-17	
      9445.73037	     2.53514e-17	
      9447.62881	     2.57745e-17	
      9449.52726	     2.60730e-17	
      9451.42571	     2.29288e-17	
      9453.32416	     2.38282e-17	
      9455.22261	     2.17579e-17	
      9457.12106	     2.03127e-17	
      9459.01951	     2.28735e-17	
      9460.91796	     4.02322e-17	
      9462.81641	     2.61324e-17	
      9464.71486	     2.15387e-17	
      9466.61331	     2.57190e-17	
      9468.51176	     2.64758e-17	
      9470.41021	     2.60338e-17	
      9472.30865	     3.24493e-17	
      9474.20710	     3.40479e-17	
      9476.10555	     3.47842e-17	
      9478.00400	     3.01312e-17	
      9479.90245	     2.85058e-17	
      9481.80090	     2.72629e-17	
      9483.69935	     2.84614e-17	
      9485.59780	     3.13291e-17	
      9487.49625	     2.90464e-17	
      9489.39470	     2.62820e-17	
      9491.29315	     2.73873e-17	
      9493.19160	     2.75191e-17	
      9495.09005	     2.42817e-17	
      9496.98849	     2.51106e-17	
      9498.88694	     2.68493e-17	
      9500.78539	     2.88002e-17	
      9502.68384	     3.08163e-17	
      9504.58229	     3.06954e-17	
      9506.48074	     2.91089e-17	
      9508.37919	     2.68888e-17	
      9510.27764	     2.71199e-17	
      9512.17609	     2.63182e-17	
      9514.07454	     2.60157e-17	
      9515.97299	     2.83785e-17	
      9517.87144	     2.45020e-17	
      9519.76988	     2.57649e-17	
      9521.66833	     2.83222e-17	
      9523.56678	     2.74935e-17	
      9525.46523	     2.67391e-17	
      9527.36368	     3.04771e-17	
      9529.26213	     2.98831e-17	
      9531.16058	     2.83088e-17	
      9533.05903	     2.75274e-17	
      9534.95748	     2.64515e-17	
      9536.85593	     2.68858e-17	
      9538.75438	     2.67526e-17	
      9540.65283	     2.63431e-17	
      9542.55128	     2.63053e-17	
      9544.44972	     2.92294e-17	
      9546.34817	     2.92087e-17	
      9548.24662	     2.81225e-17	
      9550.14507	     2.87840e-17	
      9552.04352	     2.96330e-17	
      9553.94197	     3.02823e-17	
      9555.84042	     3.07491e-17	
      9557.73887	     2.89762e-17	
      9559.63732	     2.93666e-17	
      9561.53577	     2.99324e-17	
      9563.43422	     3.03972e-17	
      9565.33267	     2.94518e-17	
      9567.23112	     3.21377e-17	
      9569.12956	     3.29472e-17	
      9571.02801	     3.00523e-17	
      9572.92646	     2.98017e-17	
      9574.82491	     2.86740e-17	
      9576.72336	     2.72911e-17	
      9578.62181	     2.85434e-17	
      9580.52026	     2.76224e-17	
      9582.41871	     2.43357e-17	
      9584.31716	     2.38777e-17	
      9586.21561	     2.41357e-17	
      9588.11406	     2.41304e-17	
      9590.01251	     2.68496e-17	
      9591.91096	     2.54479e-17	
      9593.80940	     2.36756e-17	
      9595.70785	     2.66869e-17	
      9597.60630	     2.87226e-17	
      9599.50475	     2.83708e-17	
      9601.40320	     2.60659e-17	
      9603.30165	     2.98978e-17	
      9605.20010	     3.09996e-17	
      9607.09855	     3.12561e-17	
      9608.99700	     3.02685e-17	
      9610.89545	     2.82788e-17	
      9612.79390	     3.01869e-17	
      9614.69235	     2.98145e-17	
      9616.59080	     2.86461e-17	
      9618.48924	     2.85530e-17	
      9620.38769	     2.78792e-17	
      9622.28614	     2.87200e-17	
      9624.18459	     2.83118e-17	
      9626.08304	     2.70621e-17	
      9627.98149	     2.68141e-17	
      9629.87994	     2.51072e-17	
      9631.77839	     2.30685e-17	
      9633.67684	     2.34437e-17	
      9635.57529	     2.23976e-17	
      9637.47374	     2.29763e-17	
      9639.37219	     2.78656e-17	
      9641.27064	     2.65136e-17	
      9643.16908	     2.69582e-17	
      9645.06753	     2.65953e-17	
      9646.96598	     2.70680e-17	
      9648.86443	     2.59102e-17	
      9650.76288	     2.51927e-17	
      9652.66133	     2.49181e-17	
      9654.55978	     2.88146e-17	
      9656.45823	     3.21935e-17	
      9658.35668	     2.89551e-17	
      9660.25513	     2.82362e-17	
      9662.15358	     2.76471e-17	
      9664.05203	     2.75353e-17	
      9665.95048	     2.90127e-17	
      9667.84892	     2.85487e-17	
      9669.74737	     2.99585e-17	
      9671.64582	     3.10325e-17	
      9673.54427	     3.07029e-17	
      9675.44272	     3.15484e-17	
      9677.34117	     2.98424e-17	
      9679.23962	     3.04574e-17	
      9681.13807	     3.06712e-17	
      9683.03652	     2.98165e-17	
      9684.93497	     2.99832e-17	
      9686.83342	     3.31871e-17	
      9688.73187	     3.45487e-17	
      9690.63032	     3.22596e-17	
      9692.52876	     3.33779e-17	
      9694.42721	     3.31359e-17	
      9696.32566	     3.43087e-17	
      9698.22411	     3.45486e-17	
      9700.12256	     3.39021e-17	
      9702.02101	     3.50418e-17	
      9703.91946	     3.50952e-17	
      9705.81791	     3.03739e-17	
      9707.71636	     3.34711e-17	
      9709.61481	     3.37989e-17	
      9711.51326	     3.50221e-17	
      9713.41171	     3.48917e-17	
      9715.31016	     3.27144e-17	
      9717.20860	     3.37928e-17	
      9719.10705	     3.26017e-17	
      9721.00550	     3.20265e-17	
      9722.90395	     2.95524e-17	
      9724.80240	     3.13454e-17	
      9726.70085	     3.08083e-17	
      9728.59930	     3.22981e-17	
      9730.49775	     3.24474e-17	
      9732.39620	     3.26277e-17	
      9734.29465	     3.12548e-17	
      9736.19310	     2.87426e-17	
      9738.09155	     3.02852e-17	
      9739.98999	     3.10733e-17	
      9741.88844	     3.16902e-17	
      9743.78689	     3.31098e-17	
      9745.68534	     3.34507e-17	
      9747.58379	     3.10150e-17	
      9749.48224	     3.15456e-17	
      9751.38069	     2.89556e-17	
      9753.27914	     2.94191e-17	
      9755.17759	     3.34733e-17	
      9757.07604	     3.34582e-17	
      9758.97449	     3.15137e-17	
      9760.87294	     3.28305e-17	
      9762.77139	     3.33337e-17	
      9764.66983	     3.37848e-17	
      9766.56828	     3.55029e-17	
      9768.46673	     3.28694e-17	
      9770.36518	     3.30637e-17	
      9772.26363	     3.34068e-17	
      9774.16208	     3.24519e-17	
      9776.06053	     3.13527e-17	
      9777.95898	     2.99217e-17	
      9779.85743	     2.85849e-17	
      9781.75588	     2.79839e-17	
      9783.65433	     2.97337e-17	
      9785.55278	     2.74264e-17	
      9787.45123	     2.30098e-17	
      9789.34967	     2.50503e-17	
      9791.24812	     2.95350e-17	
      9793.14657	     3.45397e-17	
      9795.04502	     3.45666e-17	
      9796.94347	     3.35931e-17	
      9798.84192	     3.49551e-17	
      9800.74037	     3.62710e-17	
      9802.63882	     3.52159e-17	
      9804.53727	     3.66386e-17	
      9806.43572	     3.46134e-17	
      9808.33417	     3.06955e-17	
      9810.23262	     3.13552e-17	
      9812.13107	     3.51410e-17	
      9814.02951	     3.26726e-17	
      9815.92796	     3.16372e-17	
      9817.82641	     3.15010e-17	
      9819.72486	     3.08222e-17	
      9821.62331	     3.04820e-17	
      9823.52176	     3.50200e-17	
      9825.42021	     3.54626e-17	
      9827.31866	     3.43613e-17	
      9829.21711	     3.55287e-17	
      9831.11556	     3.37201e-17	
      9833.01401	     3.36757e-17	
      9834.91246	     3.60350e-17	
      9836.81091	     3.58881e-17	
      9838.70935	     3.49314e-17	
      9840.60780	     3.67847e-17	
      9842.50625	     3.28639e-17	
      9844.40470	     3.38956e-17	
      9846.30315	     3.11627e-17	
      9848.20160	     3.43182e-17	
      9850.10005	     3.62173e-17	
      9851.99850	     3.71757e-17	
      9853.89695	     3.24130e-17	
      9855.79540	     3.51875e-17	
      9857.69385	     3.74563e-17	
      9859.59230	     3.94778e-17	
      9861.49075	     3.93067e-17	
      9863.38919	     3.60232e-17	
      9865.28764	     3.84176e-17	
      9867.18609	     4.26212e-17	
      9869.08454	     4.04874e-17	
      9870.98299	     3.88817e-17	
      9872.88144	     3.51334e-17	
      9874.77989	     3.93659e-17	
      9876.67834	     3.95997e-17	
      9878.57679	     4.20128e-17	
      9880.47524	     4.23859e-17	
      9882.37369	     3.82004e-17	
      9884.27214	     3.89136e-17	
      9886.17059	     4.22511e-17	
      9888.06903	     3.87116e-17	
      9889.96748	     3.29202e-17	
      9891.86593	     2.41051e-17	
      9893.76438	     1.92428e-17	
      9895.66283	     2.09174e-17	
      9897.56128	     2.62354e-17	
      9899.45973	     2.20676e-17	
      9901.35818	     1.78825e-17	
      9903.25663	     1.96053e-17	
      9905.15508	     2.11569e-17	
      9907.05353	     1.92028e-17	
      9908.95198	     1.97173e-17	
      9910.85043	     2.52110e-17	
      9912.74887	     2.68841e-17	
      9914.64732	     2.69768e-17	
      9916.54577	     2.55999e-17	
      9918.44422	     2.04735e-17	
      9920.34267	     1.91903e-17	
      9922.24112	     1.91441e-17	
      9924.13957	     2.06739e-17	
      9926.03802	     2.19562e-17	
      9927.93647	     2.36825e-17	
      9929.83492	     2.44355e-17	
      9931.73337	     2.32265e-17	
      9933.63182	     2.80479e-17	
      9935.53027	     3.06396e-17	
      9937.42871	     2.20759e-17	
      9939.32716	     2.09933e-17	
      9941.22561	     1.92131e-17	
      9943.12406	     7.72967e-18	
      9945.02251	     1.81147e-17	
      9946.92096	     2.42504e-17	
      9948.81941	     2.38646e-17	
      9950.71786	     2.98467e-17	
      9952.61631	     3.00212e-17	
      9954.51476	     3.35604e-17	
      9956.41321	     3.95456e-17	
      9958.31166	     3.55745e-17	
      9960.21011	     3.78479e-17	
      9962.10855	     3.56022e-17	
      9964.00700	     2.47028e-17	
      9965.90545	     2.18489e-17	
      9967.80390	     1.96180e-17	
      9969.70235	     2.40036e-17	
      9971.60080	     2.74454e-17	
      9973.49925	     2.46187e-17	
      9975.39770	     2.16745e-17	
      9977.29615	     2.65834e-17	
      9979.19460	     2.91332e-17	
      9981.09305	     2.79355e-17	
      9982.99150	     3.32349e-17	
      9984.88994	     2.72981e-17	
      9986.78839	     2.61469e-17	
      9988.68684	     2.69970e-17	
      9990.58529	     2.58158e-17	
      9992.48374	     2.58739e-17	
      9994.38219	     2.43877e-17	
      9996.28064	     2.67812e-17	
      9998.17909	     2.94759e-17	
     10000.07754	     3.64687e-17	
     10001.97599	     3.48063e-17	
     10003.87444	     2.80896e-17	
     10005.77289	     3.14397e-17	
     10007.67134	     4.25217e-17	
     10009.56978	     3.17617e-17	
     10011.46823	     2.99875e-17	
     10013.36668	     2.65249e-17	
     10015.26513	     3.11586e-17	
     10017.16358	     2.70386e-17	
     10019.06203	     2.65919e-17	
     10020.96048	     2.46679e-17	
     10022.85893	     2.72087e-17	
     10024.75738	     2.88224e-17	
     10026.65583	     2.72493e-17	
     10028.55428	     2.93264e-17	
     10030.45273	     2.56037e-17	
     10032.35118	     3.01713e-17	
     10034.24962	     3.41835e-17	
     10036.14807	     3.24654e-17	
     10038.04652	     3.18549e-17	
     10039.94497	     3.27509e-17	
     10041.84342	     3.02387e-17	
     10043.74187	     3.11763e-17	
     10045.64032	     2.79138e-17	
     10047.53877	     2.29551e-17	
     10049.43722	     2.06062e-17	
     10051.33567	     2.11606e-17	
     10053.23412	     2.50604e-17	
     10055.13257	     3.04538e-17	
     10057.03102	     3.34147e-17	
     10058.92946	     3.29613e-17	
     10060.82791	     2.94811e-17	
     10062.72636	     3.32953e-17	
     10064.62481	     2.90024e-17	
     10066.52326	     2.69303e-17	
     10068.42171	     3.22032e-17	
     10070.32016	     3.17423e-17	
     10072.21861	     3.85308e-17	
     10074.11706	     3.34219e-17	
     10076.01551	     2.87186e-17	
     10077.91396	     3.11519e-17	
     10079.81241	     4.30122e-17	
     10081.71086	     3.73444e-17	
     10083.60930	     2.50338e-17	
     10085.50775	     3.43819e-17	
     10087.40620	     3.26393e-17	
     10089.30465	     3.51813e-17	
     10091.20310	     3.81161e-17	
     10093.10155	     3.93501e-17	
     10095.00000	     3.83663e-17	
#time:0.077435
