# L and T dwarf data archive
# spty = T0  (Spectral type)
# spty_err = 0.5  (Spectral type uncertainty)
# objname = SDSS J042348.57-041403.5AB  (Object name)
#
#     WAVELENGTH	#            FLUX	
#     (ANGSTROM)	#   (ERG/CM2/S/A)	
################	#################	
      5500.19000	      3.23042e-18	
      5507.18000	      7.94806e-19	
      5514.17000	      5.10371e-18	
      5521.17000	      1.53122e-17	
      5528.16000	      9.91498e-19	
      5535.15000	      1.71374e-17	
      5542.14000	      6.78215e-18	
      5549.13000	     -7.99715e-18	
      5556.13000	     -6.95069e-18	
      5563.12000	     -7.11462e-18	
      5570.11000	      1.19878e-18	
      5577.10000	     -4.94271e-18	
      5584.09000	      6.33409e-17	
      5591.09000	      3.60886e-17	
      5598.08000	     -2.47898e-18	
      5605.07000	     -2.17594e-18	
      5612.06000	      4.64467e-18	
      5619.06000	      4.42089e-18	
      5626.05000	      5.72968e-18	
      5633.04000	      6.73926e-18	
      5640.03000	      1.22365e-19	
      5647.02000	      3.04642e-18	
      5654.02000	     -2.89765e-18	
      5661.01000	     -7.18390e-18	
      5668.00000	     -6.64594e-18	
      5674.99000	     -6.70240e-18	
      5681.98000	     -2.04205e-19	
      5688.98000	      5.95839e-18	
      5695.97000	      4.67418e-18	
      5702.96000	     -5.68402e-18	
      5709.95000	     -6.25997e-18	
      5716.94000	     -7.10152e-18	
      5723.94000	     -8.65623e-18	
      5730.93000	     -8.87550e-18	
      5737.92000	     -1.34577e-17	
      5744.91000	     -3.09733e-19	
      5751.90000	      6.28473e-18	
      5758.90000	     -5.45720e-19	
      5765.89000	      2.79718e-18	
      5772.88000	     -5.69210e-20	
      5779.87000	      1.03143e-17	
      5786.86000	      1.11900e-17	
      5793.86000	      6.94873e-18	
      5800.85000	      1.06945e-17	
      5807.84000	      2.34908e-18	
      5814.83000	      3.92710e-18	
      5821.82000	      2.55451e-18	
      5828.82000	      4.70824e-18	
      5835.81000	      1.63411e-17	
      5842.80000	      8.17900e-18	
      5849.79000	      5.69074e-18	
      5856.79000	     -3.01144e-18	
      5863.78000	     -7.57674e-18	
      5870.77000	      9.17104e-18	
      5877.76000	      3.30223e-17	
      5884.75000	      1.08762e-17	
      5891.75000	     -2.91241e-18	
      5898.74000	      9.76872e-18	
      5905.73000	      2.17121e-18	
      5912.72000	     -1.10502e-18	
      5919.71000	      7.96202e-18	
      5926.71000	      5.89083e-18	
      5933.70000	     -1.67564e-17	
      5940.69000	     -1.42837e-17	
      5947.68000	     -8.00715e-18	
      5954.67000	     -4.09417e-19	
      5961.67000	      1.44516e-17	
      5968.66000	      6.80634e-18	
      5975.65000	     -3.39082e-19	
      5982.64000	      4.19981e-18	
      5989.63000	      5.55431e-19	
      5996.63000	     -7.65459e-18	
      6003.62000	     -2.61215e-18	
      6010.61000	      6.21022e-18	
      6017.60000	      7.49878e-18	
      6024.59000	     -7.89153e-19	
      6031.59000	      1.20072e-18	
      6038.58000	     -9.11344e-18	
      6045.57000	     -6.85951e-18	
      6052.56000	      1.44183e-17	
      6059.55000	      5.07207e-18	
      6066.55000	     -1.01766e-18	
      6073.54000	     -3.55191e-19	
      6080.53000	      5.86690e-18	
      6087.52000	     -2.22647e-18	
      6094.51000	      5.13793e-18	
      6101.51000	      7.01854e-18	
      6108.50000	     -3.03502e-18	
      6115.49000	     -9.46738e-18	
      6122.48000	     -1.22775e-18	
      6129.47000	     -3.01122e-18	
      6136.47000	     -1.19819e-18	
      6143.46000	     -2.62824e-18	
      6150.45000	     -3.34953e-18	
      6157.44000	     -2.50550e-18	
      6164.43000	     -2.74755e-20	
      6171.43000	      3.02538e-18	
      6178.42000	      3.26626e-18	
      6185.41000	     -1.30073e-18	
      6192.40000	      8.29220e-18	
      6199.39000	     -1.94755e-19	
      6206.39000	      1.77064e-18	
      6213.38000	      9.23733e-19	
      6220.37000	      1.72738e-17	
      6227.36000	      1.07985e-17	
      6234.35000	      6.75650e-18	
      6241.35000	     -8.40258e-18	
      6248.34000	     -8.84250e-18	
      6255.33000	      3.07818e-18	
      6262.32000	      1.37899e-20	
      6269.31000	      4.44682e-18	
      6276.31000	      4.33381e-18	
      6283.30000	     -4.50283e-18	
      6290.29000	      1.44699e-18	
      6297.28000	      1.75387e-17	
      6304.28000	      7.03370e-18	
      6311.27000	      6.75599e-18	
      6318.26000	      3.66829e-18	
      6325.25000	     -8.88032e-19	
      6332.24000	     -1.29851e-18	
      6339.24000	      9.15245e-19	
      6346.23000	      7.05605e-19	
      6353.22000	      1.57482e-18	
      6360.21000	      1.12244e-18	
      6367.20000	      1.94923e-18	
      6374.20000	     -6.14998e-19	
      6381.19000	      2.11905e-18	
      6388.18000	      8.12026e-18	
      6395.17000	      5.29302e-18	
      6402.16000	      1.50481e-17	
      6409.16000	      1.31473e-19	
      6416.15000	      4.17928e-18	
      6423.14000	      4.57421e-19	
      6430.13000	     -5.67085e-18	
      6437.12000	      8.62659e-19	
      6444.12000	     -4.51205e-18	
      6451.11000	      7.53817e-18	
      6458.10000	      5.90145e-18	
      6465.09000	      2.86309e-18	
      6472.08000	      1.25876e-17	
      6479.08000	      9.09998e-18	
      6486.07000	      1.03871e-17	
      6493.06000	     -2.23723e-18	
      6500.05000	      3.08045e-18	
      6507.04000	      1.24479e-18	
      6514.04000	      1.14710e-17	
      6521.03000	      1.37259e-18	
      6528.02000	      8.98657e-18	
      6535.01000	      3.90759e-18	
      6542.00000	      1.25454e-17	
      6549.00000	      6.99755e-18	
      6555.99000	      9.24408e-18	
      6562.98000	      1.11727e-17	
      6569.97000	      1.43983e-17	
      6576.97000	      1.01506e-17	
      6583.96000	      9.35945e-18	
      6590.95000	      6.37336e-18	
      6597.94000	      8.25864e-18	
      6604.93000	      1.10371e-17	
      6611.93000	      1.15435e-17	
      6618.92000	      1.26221e-18	
      6625.91000	      6.01718e-18	
      6632.90000	      1.22549e-17	
      6639.89000	      9.90254e-18	
      6646.89000	      5.43893e-18	
      6653.88000	      1.05277e-17	
      6660.87000	      1.62622e-18	
      6667.86000	      9.70121e-18	
      6674.85000	      1.13306e-17	
      6681.85000	      1.73005e-17	
      6688.84000	      1.50907e-17	
      6695.83000	      1.07492e-17	
      6702.82000	      8.96213e-18	
      6709.81000	      8.42304e-18	
      6716.81000	      1.36802e-17	
      6723.80000	      7.91756e-18	
      6730.79000	      1.06094e-17	
      6737.78000	      5.40707e-18	
      6744.77000	      1.45602e-17	
      6751.77000	      1.42996e-17	
      6758.76000	      1.22949e-17	
      6765.75000	      1.39108e-17	
      6772.74000	      1.54431e-17	
      6779.73000	      1.28010e-17	
      6786.73000	      1.29839e-17	
      6793.72000	      1.99283e-17	
      6800.71000	      1.43124e-17	
      6807.70000	      1.18751e-17	
      6814.69000	      1.50095e-17	
      6821.69000	      8.89780e-18	
      6828.68000	      1.95339e-17	
      6835.67000	      1.13338e-17	
      6842.66000	      1.30002e-17	
      6849.65000	      1.36583e-17	
      6856.65000	      1.57528e-17	
      6863.64000	      1.21007e-17	
      6870.63000	      1.21177e-17	
      6877.62000	      7.90555e-18	
      6884.61000	      6.07295e-18	
      6891.61000	      1.52620e-17	
      6898.60000	      1.41051e-17	
      6905.59000	      1.57333e-17	
      6912.58000	      8.35156e-18	
      6919.58000	      7.96966e-18	
      6926.57000	      9.92277e-18	
      6933.56000	      8.10657e-18	
      6940.55000	      8.12706e-18	
      6947.54000	      1.12484e-17	
      6954.54000	      1.19336e-17	
      6961.53000	      1.40579e-17	
      6968.52000	      1.43579e-17	
      6975.51000	      8.86437e-18	
      6982.50000	      1.11190e-17	
      6989.50000	      1.55133e-17	
      6996.49000	      1.25814e-17	
      7003.48000	      9.97839e-18	
      7010.47000	      1.42508e-17	
      7017.46000	      1.57396e-17	
      7024.46000	      1.06798e-17	
      7031.45000	      1.76049e-17	
      7038.44000	      1.62790e-17	
      7045.43000	      1.31415e-17	
      7052.42000	      1.20655e-17	
      7059.42000	      1.65465e-17	
      7066.41000	      1.38885e-17	
      7073.40000	      1.31756e-17	
      7080.39000	      1.22004e-17	
      7087.38000	      1.01469e-17	
      7094.38000	      1.72724e-17	
      7101.37000	      1.14530e-17	
      7108.36000	      1.27793e-17	
      7115.35000	      1.31617e-17	
      7122.34000	      1.85884e-17	
      7129.34000	      1.55748e-17	
      7136.33000	      1.75115e-17	
      7143.32000	      1.51604e-17	
      7150.31000	      1.56733e-17	
      7157.30000	      1.74698e-17	
      7164.30000	      1.73636e-17	
      7171.29000	      1.31045e-17	
      7178.28000	      1.34238e-17	
      7185.27000	      1.57350e-17	
      7192.27000	      1.64915e-17	
      7199.26000	      1.08650e-17	
      7206.25000	      1.01991e-17	
      7213.24000	      1.78334e-17	
      7220.23000	      1.50684e-17	
      7227.23000	      1.09630e-17	
      7234.22000	      8.42402e-18	
      7241.21000	      1.69791e-17	
      7248.20000	      1.75706e-17	
      7255.19000	      2.30024e-17	
      7262.19000	      1.70315e-17	
      7269.18000	      1.51800e-17	
      7276.17000	      1.56382e-17	
      7283.16000	      9.32971e-18	
      7290.15000	      1.28190e-17	
      7297.15000	      1.72189e-17	
      7304.14000	      1.42995e-17	
      7311.13000	      2.12211e-17	
      7318.12000	      1.97539e-17	
      7325.11000	      1.31871e-17	
      7332.11000	      1.63399e-17	
      7339.10000	      1.38515e-17	
      7346.09000	      1.87184e-17	
      7353.08000	      1.36501e-17	
      7360.07000	      1.49152e-17	
      7367.07000	      9.94657e-18	
      7374.06000	      1.57868e-17	
      7381.05000	      1.44950e-17	
      7388.04000	      1.41339e-17	
      7395.03000	      8.16990e-18	
      7402.03000	      1.22920e-17	
      7409.02000	      1.49731e-17	
      7416.01000	      1.67587e-17	
      7423.00000	      2.06769e-17	
      7429.99000	      1.88187e-17	
      7436.99000	      7.87604e-18	
      7443.98000	      7.27313e-18	
      7450.97000	      1.18299e-17	
      7457.96000	      1.34410e-17	
      7464.96000	      1.35303e-17	
      7471.95000	      1.17139e-17	
      7478.94000	      1.49871e-17	
      7485.93000	      1.25799e-17	
      7492.92000	      1.29825e-17	
      7499.91000	      1.10262e-17	
      7506.91000	      8.63266e-18	
      7513.90000	      7.04686e-18	
      7520.89000	      1.07757e-17	
      7527.88000	      9.55284e-18	
      7534.88000	      1.28049e-17	
      7541.87000	      1.65511e-17	
      7548.86000	      1.26482e-17	
      7555.85000	      1.15576e-17	
      7562.84000	      5.88942e-18	
      7569.83000	      1.02843e-17	
      7576.83000	      3.28028e-18	
      7583.82000	      2.01818e-18	
      7590.81000	      7.15043e-18	
      7597.80000	      9.51109e-18	
      7604.80000	      3.40951e-18	
      7611.79000	      2.04695e-18	
      7618.78000	     -1.89725e-18	
      7625.77000	     -3.85019e-19	
      7632.76000	      1.10804e-18	
      7639.76000	     -6.75762e-19	
      7646.75000	     -2.38192e-18	
      7653.74000	     -2.64388e-18	
      7660.73000	     -2.42042e-18	
      7667.72000	     -2.77002e-18	
      7674.72000	     -4.48121e-18	
      7681.71000	     -7.60084e-18	
      7688.70000	     -7.86449e-19	
      7695.69000	     -4.27449e-18	
      7702.69000	      1.39879e-18	
      7709.68000	      2.70606e-19	
      7716.67000	      1.89076e-17	
      7723.66000	      8.56793e-19	
      7730.65000	      4.81012e-18	
      7737.65000	      8.44234e-19	
      7744.64000	      4.18479e-18	
      7751.63000	      9.97841e-18	
      7758.62000	      8.59808e-18	
      7765.61000	      1.40736e-17	
      7772.61000	      5.52082e-18	
      7779.60000	      5.76939e-18	
      7786.59000	      7.01184e-18	
      7793.58000	      1.01381e-17	
      7800.57000	      1.11014e-17	
      7807.57000	      1.18639e-17	
      7814.56000	      1.47278e-17	
      7821.55000	      1.02577e-17	
      7828.54000	      9.81779e-18	
      7835.53000	      1.57791e-17	
      7842.53000	      1.49333e-17	
      7849.52000	      1.01087e-17	
      7856.51000	      1.48011e-17	
      7863.50000	      2.14406e-17	
      7870.49000	      2.14590e-17	
      7877.49000	      2.49601e-17	
      7884.48000	      2.53885e-17	
      7891.47000	      2.41831e-17	
      7898.46000	      2.75828e-17	
      7905.45000	      3.03359e-17	
      7912.45000	      3.38784e-17	
      7919.44000	      2.73409e-17	
      7926.43000	      2.44182e-17	
      7933.42000	      1.86402e-17	
      7940.41000	      1.80813e-17	
      7947.41000	      2.31472e-17	
      7954.40000	      2.33449e-17	
      7961.39000	      2.39569e-17	
      7968.38000	      3.12562e-17	
      7975.37000	      2.98671e-17	
      7982.37000	      2.33995e-17	
      7989.36000	      2.51475e-17	
      7996.35000	      3.17146e-17	
      8003.34000	      3.58583e-17	
      8010.33000	      3.69822e-17	
      8017.33000	      4.64256e-17	
      8024.32000	      4.24197e-17	
      8031.31000	      4.12577e-17	
      8038.30000	      4.04221e-17	
      8045.29000	      4.43007e-17	
      8052.29000	      4.46273e-17	
      8059.28000	      4.49800e-17	
      8066.27000	      4.57064e-17	
      8073.26000	      4.47123e-17	
      8080.26000	      4.29080e-17	
      8087.25000	      4.54138e-17	
      8094.24000	      4.98115e-17	
      8101.23000	      4.36628e-17	
      8108.22000	      4.23978e-17	
      8115.22000	      4.72827e-17	
      8122.21000	      5.16661e-17	
      8129.20000	      4.83145e-17	
      8136.19000	      4.52256e-17	
      8143.18000	      4.62834e-17	
      8150.18000	      4.54812e-17	
      8157.17000	      4.92350e-17	
      8164.16000	      4.80771e-17	
      8171.15000	      4.55150e-17	
      8178.14000	      4.73830e-17	
      8185.14000	      5.02951e-17	
      8192.13000	      4.76378e-17	
      8199.12000	      5.58910e-17	
      8206.11000	      5.97161e-17	
      8213.10000	      5.86748e-17	
      8220.10000	      6.23669e-17	
      8227.09000	      6.27546e-17	
      8234.08000	      6.68356e-17	
      8241.07000	      7.02451e-17	
      8248.06000	      7.47586e-17	
      8255.06000	      6.91590e-17	
      8262.05000	      7.29922e-17	
      8269.04000	      7.52950e-17	
      8276.03000	      6.88520e-17	
      8283.02000	      7.43935e-17	
      8290.02000	      7.53151e-17	
      8297.01000	      7.50757e-17	
      8304.00000	      7.48288e-17	
      8310.99000	      7.59239e-17	
      8317.99000	      7.70554e-17	
      8324.98000	      7.65224e-17	
      8331.97000	      7.52877e-17	
      8338.96000	      8.41810e-17	
      8345.95000	      8.77958e-17	
      8352.95000	      8.01227e-17	
      8359.94000	      8.46556e-17	
      8366.93000	      9.32303e-17	
      8373.92000	      9.02147e-17	
      8380.91000	      8.61800e-17	
      8387.91000	      8.58002e-17	
      8394.90000	      9.82607e-17	
      8401.89000	      1.02195e-16	
      8408.88000	      9.29100e-17	
      8415.87000	      9.48024e-17	
      8422.87000	      1.05059e-16	
      8429.86000	      1.15969e-16	
      8436.85000	      1.08964e-16	
      8443.84000	      1.03964e-16	
      8450.83000	      1.06936e-16	
      8457.83000	      1.06165e-16	
      8464.82000	      1.03457e-16	
      8471.81000	      1.02974e-16	
      8478.80000	      1.06220e-16	
      8485.79000	      1.08889e-16	
      8492.79000	      1.13665e-16	
      8499.78000	      1.12188e-16	
      8506.77000	      9.88178e-17	
      8513.76000	      8.57157e-17	
      8520.75000	      8.60576e-17	
      8527.75000	      9.54861e-17	
      8534.74000	      1.08841e-16	
      8541.73000	      1.23284e-16	
      8548.72000	      1.29197e-16	
      8555.71000	      1.23290e-16	
      8562.71000	      1.20954e-16	
      8569.70000	      1.23629e-16	
      8576.69000	      1.29632e-16	
      8583.68000	      1.24751e-16	
      8590.67000	      1.28522e-16	
      8597.67000	      1.25188e-16	
      8604.66000	      1.11158e-16	
      8611.65000	      9.43433e-17	
      8618.64000	      8.88633e-17	
      8625.63000	      9.12009e-17	
      8632.63000	      8.47501e-17	
      8639.62000	      7.12153e-17	
      8646.61000	      8.41069e-17	
      8653.60000	      1.08547e-16	
      8660.59000	      1.12869e-16	
      8667.59000	      1.15313e-16	
      8674.58000	      1.03229e-16	
      8681.57000	      9.98636e-17	
      8688.56000	      1.10702e-16	
      8695.56000	      1.01763e-16	
      8702.55000	      1.01156e-16	
      8709.54000	      1.05499e-16	
      8716.53000	      1.02391e-16	
      8723.52000	      1.07002e-16	
      8730.52000	      1.10837e-16	
      8737.51000	      1.09195e-16	
      8744.50000	      1.14125e-16	
      8751.49000	      1.08769e-16	
      8758.48000	      1.14284e-16	
      8765.48000	      1.30471e-16	
      8772.47000	      1.28308e-16	
      8779.46000	      1.21091e-16	
      8786.45000	      1.18147e-16	
      8793.44000	      1.26362e-16	
      8800.44000	      1.21253e-16	
      8807.43000	      1.19384e-16	
      8814.42000	      1.33369e-16	
      8821.41000	      1.36333e-16	
      8828.40000	      1.40899e-16	
      8835.40000	      1.58065e-16	
      8842.39000	      1.48162e-16	
      8849.38000	      1.42711e-16	
      8856.37000	      1.45946e-16	
      8863.36000	      1.50538e-16	
      8870.36000	      1.57764e-16	
      8877.35000	      1.54067e-16	
      8884.34000	      1.63406e-16	
      8891.33000	      1.55784e-16	
      8898.32000	      1.60048e-16	
      8905.32000	      1.71635e-16	
      8912.31000	      1.59878e-16	
      8919.30000	      1.53194e-16	
      8926.29000	      1.46599e-16	
      8933.29000	      1.50324e-16	
      8940.28000	      1.44471e-16	
      8947.27000	      1.56128e-16	
      8954.26000	      1.64427e-16	
      8961.25000	      1.62853e-16	
      8968.25000	      1.60815e-16	
      8975.24000	      1.68029e-16	
      8982.23000	      1.71486e-16	
      8989.22000	      1.66291e-16	
      8996.21000	      1.66002e-16	
      9003.21000	      1.66004e-16	
      9010.20000	      1.71145e-16	
      9017.19000	      1.86495e-16	
      9024.18000	      1.88777e-16	
      9031.17000	      1.99731e-16	
      9038.17000	      2.11348e-16	
      9045.16000	      2.00188e-16	
      9052.15000	      1.96693e-16	
      9059.14000	      1.94464e-16	
      9066.13000	      1.95045e-16	
      9073.12000	      2.07188e-16	
      9080.12000	      2.10169e-16	
      9087.11000	      2.03810e-16	
      9108.28000	      2.06130e-16	
      9120.71000	      2.17867e-16	
      9133.13000	      2.23093e-16	
      9145.55000	      2.17542e-16	
      9157.98000	      2.14432e-16	
      9170.40000	      2.17641e-16	
      9182.82000	      2.28671e-16	
      9195.25000	      2.31957e-16	
      9207.67000	      2.30109e-16	
      9220.10000	      2.22754e-16	
      9232.53000	      2.21676e-16	
      9244.95000	      2.32634e-16	
      9257.38000	      2.42835e-16	
      9269.81000	      2.31491e-16	
      9282.24000	      2.18216e-16	
      9294.67000	      2.02287e-16	
      9307.10000	      1.96712e-16	
      9319.53000	      2.02159e-16	
      9331.96000	      2.12343e-16	
      9344.39000	      2.32874e-16	
      9356.82000	      2.60484e-16	
      9369.25000	      2.69062e-16	
      9381.69000	      2.52099e-16	
      9394.12000	      2.56427e-16	
      9406.55000	      2.68007e-16	
      9418.99000	      2.72413e-16	
      9431.42000	      2.76355e-16	
      9443.86000	      2.83817e-16	
      9456.29000	      2.86990e-16	
      9468.73000	      2.80115e-16	
      9481.16000	      2.78994e-16	
      9493.60000	      2.79563e-16	
      9506.04000	      2.81515e-16	
      9518.48000	      2.94719e-16	
      9530.92000	      2.83955e-16	
      9543.36000	      2.82173e-16	
      9555.80000	      2.90276e-16	
      9568.24000	      2.94497e-16	
      9580.68000	      2.81151e-16	
      9593.12000	      2.78099e-16	
      9605.56000	      2.89438e-16	
      9618.00000	      2.93582e-16	
      9630.44000	      2.89866e-16	
      9642.89000	      2.94118e-16	
      9655.33000	      2.95844e-16	
      9667.78000	      3.11214e-16	
      9680.22000	      3.23961e-16	
      9692.67000	      3.24877e-16	
      9705.11000	      3.24487e-16	
      9717.56000	      3.23771e-16	
      9730.01000	      3.30334e-16	
      9742.45000	      3.40342e-16	
      9754.90000	      3.49337e-16	
      9767.35000	      3.54584e-16	
      9779.80000	      3.47648e-16	
      9792.25000	      3.46745e-16	
      9804.70000	      3.60927e-16	
      9817.15000	      3.66109e-16	
      9829.60000	      3.59995e-16	
      9842.05000	      3.60503e-16	
      9854.50000	      3.70920e-16	
      9866.95000	      3.75097e-16	
      9879.41000	      3.63991e-16	
      9891.86000	      3.34223e-16	
      9904.31000	      3.01431e-16	
      9916.77000	      2.80278e-16	
      9929.22000	      2.78980e-16	
      9941.68000	      2.80602e-16	
      9954.14000	      2.84688e-16	
      9966.59000	      3.03871e-16	
      9979.05000	      3.08454e-16	
      9991.51000	      3.13770e-16	
     10004.00000	      3.19696e-16	
     10016.40000	      3.26146e-16	
     10028.90000	      3.33539e-16	
     10041.30000	      3.24500e-16	
     10053.80000	      3.22846e-16	
     10066.30000	      3.39990e-16	
     10078.70000	      3.57420e-16	
     10091.20000	      3.69402e-16	
     10103.60000	      3.73572e-16	
     10116.10000	      3.62429e-16	
     10128.60000	      3.58697e-16	
     10141.00000	      3.61071e-16	
     10153.50000	      3.66450e-16	
     10166.00000	      3.63681e-16	
     10178.40000	      3.71499e-16	
     10190.90000	      3.82798e-16	
     10203.40000	      3.90821e-16	
     10215.80000	      3.91593e-16	
     10228.30000	      3.96438e-16	
     10240.80000	      3.89305e-16	
     10253.20000	      3.85838e-16	
     10265.70000	      3.87513e-16	
     10278.20000	      3.88387e-16	
     10290.60000	      3.83433e-16	
     10303.10000	      3.89861e-16	
     10333.80000	      4.07787e-16	
     10346.20000	      4.13211e-16	
     10358.70000	      4.13331e-16	
     10371.10000	      4.12973e-16	
     10383.60000	      4.11257e-16	
     10396.00000	      4.14583e-16	
     10408.50000	      4.13648e-16	
     10420.90000	      4.24035e-16	
     10433.40000	      4.45824e-16	
     10445.90000	      4.48925e-16	
     10458.30000	      4.40958e-16	
     10470.80000	      4.40153e-16	
     10483.20000	      4.45464e-16	
     10495.70000	      4.36282e-16	
     10508.10000	      4.42463e-16	
     10520.60000	      4.65925e-16	
     10533.00000	      4.68689e-16	
     10545.50000	      4.52694e-16	
     10558.00000	      4.46735e-16	
     10570.40000	      4.57479e-16	
     10582.90000	      4.58715e-16	
     10595.30000	      4.54300e-16	
     10607.80000	      4.58155e-16	
     10620.20000	      4.65990e-16	
     10632.70000	      4.77413e-16	
     10645.10000	      4.81622e-16	
     10657.60000	      4.72238e-16	
     10670.10000	      4.72789e-16	
     10682.50000	      4.80388e-16	
     10695.00000	      4.87781e-16	
     10707.40000	      4.90842e-16	
     10719.90000	      4.93671e-16	
     10732.30000	      4.99048e-16	
     10744.80000	      5.06790e-16	
     10757.20000	      5.05529e-16	
     10769.70000	      5.03928e-16	
     10782.20000	      5.04304e-16	
     10794.60000	      5.01557e-16	
     10807.10000	      5.10553e-16	
     10819.50000	      5.24254e-16	
     10832.00000	      5.29957e-16	
     10844.40000	      5.31007e-16	
     10856.90000	      5.33368e-16	
     10869.40000	      5.29602e-16	
     10881.80000	      5.22072e-16	
     10894.30000	      5.25780e-16	
     10906.70000	      5.25291e-16	
     10919.20000	      5.13992e-16	
     10931.60000	      5.03515e-16	
     10944.10000	      5.00151e-16	
     10956.60000	      4.96745e-16	
     10969.00000	      4.87017e-16	
     10981.50000	      4.72419e-16	
     10993.90000	      4.62832e-16	
     11006.40000	      4.55842e-16	
     11018.80000	      4.54031e-16	
     11031.30000	      4.58657e-16	
     11043.80000	      4.52010e-16	
     11056.20000	      4.36959e-16	
     11068.70000	      4.32456e-16	
     11081.10000	      4.26303e-16	
     11093.60000	      4.19249e-16	
     11106.00000	      4.05458e-16	
     11118.50000	      4.01597e-16	
     11131.00000	      4.08245e-16	
     11143.40000	      4.14173e-16	
     11155.90000	      4.12368e-16	
     11168.30000	      4.15526e-16	
     11180.80000	      4.23197e-16	
     11193.30000	      4.21109e-16	
     11205.70000	      4.34116e-16	
     11218.20000	      4.39945e-16	
     11230.60000	      4.46228e-16	
     11243.10000	      4.54202e-16	
     11255.50000	      4.55888e-16	
     11268.00000	      4.54982e-16	
     11280.50000	      4.51908e-16	
     11292.90000	      4.49415e-16	
     11305.40000	      4.50877e-16	
     11317.80000	      4.35403e-16	
     11330.30000	      3.90133e-16	
     11342.80000	      3.65914e-16	
     11355.20000	      3.85079e-16	
     11367.70000	      4.00235e-16	
     11380.10000	      4.00953e-16	
     11392.60000	      4.05092e-16	
     11405.10000	      4.14832e-16	
     11417.50000	      4.15749e-16	
     11430.00000	      4.08518e-16	
     11442.40000	      4.17811e-16	
     11454.90000	      4.37560e-16	
     11467.40000	      4.55995e-16	
     11479.80000	      4.64076e-16	
     11492.30000	      4.69635e-16	
     11504.70000	      4.75288e-16	
     11517.20000	      4.59590e-16	
     11529.70000	      4.40241e-16	
     11542.10000	      4.46919e-16	
     11554.60000	      4.55940e-16	
     11567.00000	      4.53416e-16	
     11579.50000	      4.60346e-16	
     11592.00000	      4.53239e-16	
     11604.40000	      4.55776e-16	
     11616.90000	      4.61214e-16	
     11629.30000	      4.55255e-16	
     11641.80000	      4.43259e-16	
     11654.30000	      4.34789e-16	
     11666.70000	      4.20144e-16	
     11679.20000	      3.83114e-16	
     11691.60000	      3.69790e-16	
     11704.10000	      4.06387e-16	
     11716.60000	      4.45602e-16	
     11729.00000	      4.50377e-16	
     11741.50000	      4.42790e-16	
     11753.90000	      4.05758e-16	
     11766.40000	      3.64965e-16	
     11778.90000	      3.79342e-16	
     11791.30000	      4.28993e-16	
     11803.80000	      4.69563e-16	
     11816.20000	      4.93735e-16	
     11828.70000	      5.01293e-16	
     11841.20000	      4.95705e-16	
     11853.60000	      4.92856e-16	
     11866.10000	      5.03607e-16	
     11878.60000	      5.06169e-16	
     11891.00000	      5.04392e-16	
     11903.50000	      5.08045e-16	
     11915.90000	      5.15036e-16	
     11928.40000	      5.12458e-16	
     11940.90000	      5.07866e-16	
     11953.30000	      5.09139e-16	
     11965.80000	      5.08195e-16	
     11978.20000	      5.04916e-16	
     11990.70000	      4.98626e-16	
     12003.20000	      4.97568e-16	
     12015.60000	      5.06983e-16	
     12028.10000	      5.24455e-16	
     12040.60000	      5.37983e-16	
     12053.00000	      5.41432e-16	
     12065.50000	      5.49944e-16	
     12077.90000	      5.57662e-16	
     12090.40000	      5.56310e-16	
     12102.90000	      5.58758e-16	
     12115.30000	      5.58765e-16	
     12127.80000	      5.68559e-16	
     12140.30000	      5.77080e-16	
     12152.70000	      5.74115e-16	
     12165.20000	      5.75921e-16	
     12177.60000	      5.87160e-16	
     12190.10000	      5.90299e-16	
     12202.60000	      5.81173e-16	
     12215.00000	      5.76421e-16	
     12227.50000	      5.88039e-16	
     12240.00000	      6.06703e-16	
     12252.40000	      6.18566e-16	
     12264.90000	      6.19372e-16	
     12277.40000	      6.14840e-16	
     12289.80000	      6.12985e-16	
     12302.30000	      6.03725e-16	
     12314.70000	      5.91039e-16	
     12327.20000	      5.87294e-16	
     12339.70000	      5.99466e-16	
     12352.10000	      6.08244e-16	
     12364.60000	      6.05260e-16	
     12377.10000	      5.98940e-16	
     12389.50000	      5.86879e-16	
     12402.00000	      5.71691e-16	
     12414.50000	      5.56433e-16	
     12426.90000	      5.48840e-16	
     12439.40000	      5.70197e-16	
     12451.80000	      6.00515e-16	
     12464.30000	      6.12409e-16	
     12476.80000	      6.11346e-16	
     12489.20000	      6.09644e-16	
     12501.70000	      5.78387e-16	
     12514.20000	      5.33527e-16	
     12526.60000	      5.53596e-16	
     12539.10000	      6.12366e-16	
     12551.60000	      6.48408e-16	
     12564.00000	      6.64692e-16	
     12576.50000	      6.65028e-16	
     12589.00000	      6.59476e-16	
     12601.40000	      6.61732e-16	
     12613.90000	      6.64342e-16	
     12626.30000	      6.64101e-16	
     12638.80000	      6.63487e-16	
     12651.30000	      6.63958e-16	
     12663.70000	      6.73674e-16	
     12676.20000	      6.65644e-16	
     12688.70000	      6.41380e-16	
     12701.10000	      6.50541e-16	
     12713.60000	      6.72944e-16	
     12726.10000	      6.66129e-16	
     12738.50000	      6.59458e-16	
     12751.00000	      6.69495e-16	
     12763.50000	      6.77524e-16	
     12775.90000	      6.79265e-16	
     12788.40000	      6.76521e-16	
     12800.90000	      6.75086e-16	
     12813.30000	      6.76216e-16	
     12825.80000	      6.72859e-16	
     12838.30000	      6.68693e-16	
     12850.70000	      6.52326e-16	
     12863.20000	      6.46385e-16	
     12875.70000	      6.55471e-16	
     12888.10000	      6.57371e-16	
     12900.60000	      6.50731e-16	
     12913.10000	      6.49223e-16	
     12925.50000	      6.44031e-16	
     12938.00000	      6.47322e-16	
     12950.50000	      6.40534e-16	
     12962.90000	      6.44751e-16	
     12975.40000	      6.57982e-16	
     12987.90000	      6.58520e-16	
     13000.30000	      6.45298e-16	
     13012.80000	      6.36031e-16	
     13025.30000	      6.37079e-16	
     13037.70000	      6.43259e-16	
     13050.20000	      6.46743e-16	
     13062.70000	      6.37910e-16	
     13075.10000	      6.32048e-16	
     13087.60000	      6.37309e-16	
     13100.10000	      6.47225e-16	
     13112.50000	      6.51715e-16	
     13125.00000	      6.47186e-16	
     13137.50000	      6.45136e-16	
     13149.90000	      6.43306e-16	
     13162.40000	      6.45688e-16	
     13174.90000	      6.45061e-16	
     13187.30000	      6.36312e-16	
     13199.80000	      6.31226e-16	
     13212.30000	      6.34054e-16	
     13224.70000	      6.22914e-16	
     13237.20000	      5.94499e-16	
     13249.70000	      5.76295e-16	
     13262.10000	      5.73838e-16	
     13274.60000	      5.68795e-16	
     13287.10000	      5.46926e-16	
     13299.50000	      5.04172e-16	
     13312.00000	      4.42991e-16	
     13324.50000	      3.98875e-16	
     13336.90000	      3.63247e-16	
     13349.40000	      3.01925e-16	
     13361.90000	      2.58499e-16	
     13374.40000	      2.39475e-16	
     13386.80000	      2.54239e-16	
     13399.30000	      2.75185e-16	
     14330.20000	      1.86595e-16	
     14355.10000	      1.82670e-16	
     14379.90000	      1.58452e-16	
     14404.80000	      1.72535e-16	
     14429.60000	      2.10563e-16	
     14454.50000	      2.32263e-16	
     14479.40000	      2.50240e-16	
     14504.20000	      2.71252e-16	
     14529.10000	      2.72293e-16	
     14554.00000	      2.74433e-16	
     14578.80000	      2.75396e-16	
     14603.70000	      2.68714e-16	
     14628.50000	      2.80423e-16	
     14653.40000	      2.79843e-16	
     14678.30000	      2.75935e-16	
     14703.10000	      2.88423e-16	
     14728.00000	      2.92576e-16	
     14752.90000	      2.97895e-16	
     14777.80000	      3.10207e-16	
     14802.60000	      3.13195e-16	
     14827.50000	      3.14907e-16	
     14852.40000	      3.18593e-16	
     14877.20000	      3.25742e-16	
     14902.10000	      3.27453e-16	
     14927.00000	      3.24570e-16	
     14951.90000	      3.30870e-16	
     14976.70000	      3.42837e-16	
     15001.60000	      3.51838e-16	
     15026.50000	      3.64885e-16	
     15051.40000	      3.71079e-16	
     15076.30000	      3.73243e-16	
     15101.10000	      3.80379e-16	
     15126.00000	      3.89348e-16	
     15150.90000	      3.95141e-16	
     15175.80000	      4.01530e-16	
     15200.70000	      4.16684e-16	
     15225.50000	      4.25686e-16	
     15250.40000	      4.27878e-16	
     15275.30000	      4.34672e-16	
     15300.20000	      4.41281e-16	
     15325.10000	      4.49354e-16	
     15350.00000	      4.58127e-16	
     15374.90000	      4.66433e-16	
     15399.80000	      4.73274e-16	
     15424.60000	      4.80969e-16	
     15449.50000	      5.00439e-16	
     15474.40000	      5.07579e-16	
     15499.30000	      5.10991e-16	
     15524.20000	      5.22071e-16	
     15549.10000	      5.24192e-16	
     15574.00000	      5.21545e-16	
     15598.90000	      5.25225e-16	
     15623.80000	      5.32885e-16	
     15648.70000	      5.41208e-16	
     15673.60000	      5.49624e-16	
     15698.50000	      5.53001e-16	
     15723.40000	      5.66128e-16	
     15748.30000	      5.86881e-16	
     15773.20000	      5.90207e-16	
     15798.10000	      5.82175e-16	
     15823.00000	      5.79119e-16	
     15847.90000	      5.78621e-16	
     15872.80000	      5.80674e-16	
     15897.70000	      5.83824e-16	
     15922.60000	      5.85469e-16	
     15947.50000	      5.86170e-16	
     15972.40000	      5.87492e-16	
     15997.30000	      5.85169e-16	
     16022.20000	      5.75659e-16	
     16047.10000	      5.68058e-16	
     16072.00000	      5.65804e-16	
     16097.00000	      5.61660e-16	
     16121.90000	      5.58386e-16	
     16146.80000	      5.61389e-16	
     16171.70000	      5.64300e-16	
     16196.60000	      5.61702e-16	
     16221.50000	      5.52376e-16	
     16246.40000	      5.41249e-16	
     16271.30000	      5.32747e-16	
     16296.30000	      5.31797e-16	
     16321.20000	      5.37550e-16	
     16346.10000	      5.41657e-16	
     16371.00000	      5.43546e-16	
     16395.90000	      5.45516e-16	
     16420.90000	      5.48203e-16	
     16445.80000	      5.52631e-16	
     16470.70000	      5.54358e-16	
     16495.60000	      5.60610e-16	
     16520.50000	      5.67270e-16	
     16545.50000	      5.64058e-16	
     16570.40000	      5.57794e-16	
     16595.30000	      5.53974e-16	
     16620.20000	      5.53199e-16	
     16645.20000	      5.47805e-16	
     16670.10000	      5.32506e-16	
     16695.00000	      5.24816e-16	
     16720.00000	      5.27363e-16	
     16744.90000	      5.33780e-16	
     16769.80000	      5.43317e-16	
     16794.70000	      5.52065e-16	
     16819.70000	      5.55316e-16	
     16844.60000	      5.52305e-16	
     16869.50000	      5.44400e-16	
     16894.50000	      5.34543e-16	
     16919.40000	      5.29892e-16	
     16944.30000	      5.27288e-16	
     16969.30000	      5.22269e-16	
     16994.20000	      5.20188e-16	
     17019.20000	      5.20469e-16	
     17044.10000	      5.15111e-16	
     17069.00000	      5.12408e-16	
     17094.00000	      5.13553e-16	
     17118.90000	      5.03882e-16	
     17143.90000	      4.88677e-16	
     17168.80000	      4.76077e-16	
     17193.70000	      4.70531e-16	
     17218.70000	      4.68285e-16	
     17243.60000	      4.59976e-16	
     17268.60000	      4.50336e-16	
     17293.50000	      4.42012e-16	
     17318.50000	      4.32816e-16	
     17343.40000	      4.30301e-16	
     17368.40000	      4.20262e-16	
     17393.30000	      4.09105e-16	
     17418.30000	      4.06064e-16	
     17443.20000	      3.98409e-16	
     17468.20000	      3.85571e-16	
     17493.10000	      3.77561e-16	
     17518.10000	      3.70320e-16	
     17543.00000	      3.53282e-16	
     17568.00000	      3.42137e-16	
     17592.90000	      3.46668e-16	
     17617.90000	      3.43952e-16	
     17642.90000	      3.33338e-16	
     17667.80000	      3.13916e-16	
     17692.80000	      3.05999e-16	
     17717.70000	      3.02996e-16	
     17742.70000	      2.92157e-16	
     17767.60000	      2.87780e-16	
     17792.60000	      2.87256e-16	
     17817.60000	      2.77334e-16	
     17842.50000	      2.60752e-16	
     17867.50000	      2.56584e-16	
     17892.50000	      2.61951e-16	
     17917.40000	      2.53389e-16	
     17942.40000	      2.54674e-16	
     17967.40000	      2.60627e-16	
     17992.30000	      2.48503e-16	
     18017.30000	      2.35884e-16	
     18042.30000	      2.36317e-16	
     18067.20000	      2.35199e-16	
     18092.20000	      2.39153e-16	
     18117.20000	      2.51489e-16	
     18142.10000	      2.64439e-16	
     18167.10000	      2.50487e-16	
     18192.10000	      2.31794e-16	
     18217.10000	      2.54103e-16	
     18242.00000	      2.64787e-16	
     18267.00000	      2.37197e-16	
     18292.00000	      2.28101e-16	
     18317.00000	      2.26466e-16	
     18342.00000	      2.25138e-16	
     18366.90000	      2.26600e-16	
     18391.90000	      2.25066e-16	
     18416.90000	      2.31036e-16	
     18441.90000	      2.26689e-16	
     18466.90000	      2.17259e-16	
     18491.80000	      2.24271e-16	
     18516.80000	      2.29279e-16	
     18541.80000	      2.17676e-16	
     18566.80000	      1.87753e-16	
     18591.80000	      1.78441e-16	
     18616.80000	      1.86825e-16	
     18641.70000	      1.83321e-16	
     18666.70000	      1.79563e-16	
     18691.70000	      2.02348e-16	
     18716.70000	      2.44396e-16	
     18741.70000	      2.62127e-16	
     18766.70000	      2.47528e-16	
     18791.70000	      2.37233e-16	
     18816.70000	      2.38822e-16	
     18841.70000	      2.36079e-16	
     18866.70000	      2.35362e-16	
     18891.70000	      2.26801e-16	
     18916.70000	      2.32652e-16	
     18941.70000	      2.52067e-16	
     18966.60000	      2.49179e-16	
     18991.60000	      2.46615e-16	
     19016.60000	      2.47682e-16	
     19041.60000	      2.53737e-16	
     19066.60000	      2.80019e-16	
     19091.60000	      2.72277e-16	
     19116.60000	      2.65995e-16	
     19141.60000	      2.83520e-16	
     19166.70000	      2.84421e-16	
     19191.70000	      2.73414e-16	
     19216.70000	      2.71638e-16	
     19241.70000	      2.64082e-16	
     19266.70000	      2.51480e-16	
     19291.70000	      2.41869e-16	
     19316.70000	      2.35324e-16	
     19341.70000	      2.30038e-16	
     19366.70000	      2.16262e-16	
     19391.70000	      2.02475e-16	
     19416.70000	      2.19957e-16	
     19441.70000	      2.36413e-16	
     19466.70000	      2.30633e-16	
     19491.80000	      2.26176e-16	
     19516.80000	      2.24716e-16	
     19541.80000	      2.08484e-16	
     19566.80000	      2.04327e-16	
     19591.80000	      2.08845e-16	
     19616.80000	      2.07204e-16	
     19661.70000	      2.22327e-16	
     19686.60000	      2.25786e-16	
     19711.50000	      2.24199e-16	
     19736.40000	      2.13781e-16	
     19761.40000	      2.11569e-16	
     19786.30000	      2.17498e-16	
     19811.20000	      2.21690e-16	
     19836.10000	      2.26374e-16	
     19861.00000	      2.21600e-16	
     19886.00000	      2.14412e-16	
     19910.90000	      2.23961e-16	
     19935.80000	      2.24141e-16	
     19960.70000	      2.07669e-16	
     19985.60000	      1.98169e-16	
     20010.60000	      2.09051e-16	
     20035.50000	      2.24640e-16	
     20060.40000	      2.33216e-16	
     20085.30000	      2.37667e-16	
     20110.30000	      2.44033e-16	
     20135.20000	      2.54467e-16	
     20160.10000	      2.58081e-16	
     20185.00000	      2.64150e-16	
     20210.00000	      2.69213e-16	
     20234.90000	      2.68693e-16	
     20259.80000	      2.62650e-16	
     20284.80000	      2.63095e-16	
     20309.70000	      2.72473e-16	
     20334.60000	      2.76121e-16	
     20359.50000	      2.77800e-16	
     20384.50000	      2.77325e-16	
     20409.40000	      2.79042e-16	
     20434.30000	      2.80306e-16	
     20459.30000	      2.82077e-16	
     20484.20000	      2.83532e-16	
     20509.10000	      2.84008e-16	
     20534.10000	      2.86700e-16	
     20559.00000	      2.91597e-16	
     20584.00000	      2.96996e-16	
     20608.90000	      2.99992e-16	
     20633.80000	      3.02338e-16	
     20658.80000	      3.12473e-16	
     20683.70000	      3.19075e-16	
     20708.60000	      3.18933e-16	
     20733.60000	      3.21067e-16	
     20758.50000	      3.24335e-16	
     20783.50000	      3.26318e-16	
     20808.40000	      3.23945e-16	
     20833.30000	      3.23477e-16	
     20858.30000	      3.25908e-16	
     20883.20000	      3.27600e-16	
     20908.20000	      3.32359e-16	
     20933.10000	      3.32395e-16	
     20958.00000	      3.30201e-16	
     20983.00000	      3.30099e-16	
     21007.90000	      3.31706e-16	
     21032.90000	      3.32469e-16	
     21057.80000	      3.34504e-16	
     21082.80000	      3.34966e-16	
     21107.70000	      3.36045e-16	
     21132.70000	      3.36820e-16	
     21157.60000	      3.34432e-16	
     21182.60000	      3.33061e-16	
     21207.50000	      3.32992e-16	
     21232.50000	      3.32231e-16	
     21257.40000	      3.33191e-16	
     21282.40000	      3.30908e-16	
     21307.30000	      3.28926e-16	
     21332.30000	      3.30405e-16	
     21357.20000	      3.33691e-16	
     21382.20000	      3.31652e-16	
     21407.10000	      3.31319e-16	
     21432.10000	      3.35036e-16	
     21457.00000	      3.34549e-16	
     21482.00000	      3.31024e-16	
     21506.90000	      3.26729e-16	
     21531.90000	      3.25739e-16	
     21556.90000	      3.24996e-16	
     21581.80000	      3.24113e-16	
     21606.80000	      3.21348e-16	
     21631.70000	      3.19464e-16	
     21656.70000	      3.21270e-16	
     21681.60000	      3.22991e-16	
     21706.60000	      3.22648e-16	
     21731.60000	      3.21546e-16	
     21756.50000	      3.17589e-16	
     21781.50000	      3.13755e-16	
     21806.40000	      3.12575e-16	
     21831.40000	      3.09270e-16	
     21856.40000	      3.05850e-16	
     21881.30000	      3.06145e-16	
     21906.30000	      3.05721e-16	
     21931.30000	      3.00924e-16	
     21956.20000	      2.95669e-16	
     21981.20000	      2.90135e-16	
     22006.20000	      2.86021e-16	
     22031.10000	      2.82760e-16	
     22056.10000	      2.83371e-16	
     22081.10000	      2.85265e-16	
     22106.00000	      2.86445e-16	
     22131.00000	      2.83121e-16	
     22156.00000	      2.80716e-16	
     22180.90000	      2.77970e-16	
     22205.90000	      2.77840e-16	
     22230.90000	      2.80385e-16	
     22255.80000	      2.78858e-16	
     22280.80000	      2.78473e-16	
     22305.80000	      2.77195e-16	
     22330.80000	      2.75716e-16	
     22355.70000	      2.72835e-16	
     22380.70000	      2.70289e-16	
     22405.70000	      2.67553e-16	
     22430.60000	      2.65582e-16	
     22455.60000	      2.63311e-16	
     22480.60000	      2.63242e-16	
     22505.60000	      2.61808e-16	
     22530.60000	      2.60631e-16	
     22555.50000	      2.62551e-16	
     22580.50000	      2.63041e-16	
     22605.50000	      2.60724e-16	
     22630.50000	      2.60471e-16	
     22655.40000	      2.57733e-16	
     22680.40000	      2.54801e-16	
     22705.40000	      2.53188e-16	
     22730.40000	      2.51696e-16	
     22755.40000	      2.52518e-16	
     22780.30000	      2.52824e-16	
     22805.30000	      2.49773e-16	
     22830.30000	      2.47627e-16	
     22855.30000	      2.46859e-16	
     22880.30000	      2.42479e-16	
     22905.30000	      2.32571e-16	
     22930.20000	      2.15165e-16	
     22955.20000	      2.03402e-16	
     22980.20000	      2.03048e-16	
     23005.20000	      2.06682e-16	
     23030.20000	      2.08241e-16	
     23055.20000	      2.09833e-16	
     23080.20000	      2.09938e-16	
     23105.20000	      2.10094e-16	
     23130.10000	      2.02199e-16	
     23155.10000	      1.96604e-16	
     23180.10000	      2.02983e-16	
     23205.10000	      1.99991e-16	
     23230.10000	      1.90652e-16	
     23255.10000	      1.90410e-16	
     23280.10000	      1.89512e-16	
     23305.10000	      1.91016e-16	
     23330.10000	      1.93046e-16	
     23355.10000	      1.91885e-16	
     23380.10000	      1.89816e-16	
     23405.10000	      1.90637e-16	
     23430.10000	      1.95489e-16	
     23455.10000	      2.02786e-16	
     23480.10000	      2.04069e-16	
     23505.00000	      1.96946e-16	
     23530.00000	      1.96208e-16	
     23555.00000	      1.98517e-16	
     23580.00000	      1.98425e-16	
     23605.00000	      1.96666e-16	
     23630.00000	      1.94107e-16	
     23655.00000	      1.89428e-16	
     23680.00000	      1.84254e-16	
     23705.00000	      1.86052e-16	
     23730.00000	      1.95946e-16	
     23755.00000	      1.92623e-16	
     23780.10000	      1.90239e-16	
     23805.10000	      1.87422e-16	
     23830.10000	      1.82875e-16	
     23855.10000	      1.85043e-16	
     23880.10000	      1.90592e-16	
     23905.10000	      1.92988e-16	
     23930.10000	      1.93992e-16	
     23955.10000	      1.91780e-16	
     23980.10000	      1.93470e-16	
     24005.10000	      1.92333e-16	
     24030.10000	      1.93045e-16	
     24055.10000	      1.94462e-16	
     24080.10000	      1.90937e-16	
     24105.10000	      1.90978e-16	
     24130.10000	      1.89676e-16	
     24155.20000	      1.89260e-16	
     24180.20000	      1.90801e-16	
     24205.20000	      1.93151e-16	
     24230.20000	      1.89497e-16	
     24255.20000	      1.89881e-16	
     24280.20000	      1.88351e-16	
     24305.20000	      1.81187e-16	
     24330.20000	      1.78919e-16	
     24355.30000	      1.88306e-16	
     24380.30000	      1.95881e-16	
     24405.30000	      1.81359e-16	
     24430.30000	      1.68607e-16	
     24455.30000	      1.66723e-16	
     24480.30000	      1.67110e-16	
     24505.40000	      1.59666e-16	
     24530.40000	      1.62374e-16	
     24555.40000	      1.73909e-16	
     24580.40000	      1.62821e-16	
     24605.40000	      1.49506e-16	
     24630.50000	      1.62335e-16	
     24655.50000	      1.64249e-16	
     24680.50000	      1.50142e-16	
     24705.50000	      1.46511e-16	
     24730.60000	      1.51622e-16	
     24755.60000	      1.51974e-16	
     24780.60000	      1.40287e-16	
     24805.60000	      1.38806e-16	
     24830.60000	      1.57510e-16	
     24855.70000	      1.65395e-16	
     24880.70000	      1.39429e-16	
     24905.70000	      1.25174e-16	
     24930.80000	      1.45244e-16	
     24955.80000	      1.62262e-16	
     24980.80000	      1.55977e-16	
     25005.80000	      1.49518e-16	
     25030.90000	      1.29489e-16	
     25055.90000	      1.20733e-16	
     25080.90000	      1.35998e-16	
     25106.00000	      1.33757e-16	
     25131.00000	      1.22095e-16	
     25156.00000	      1.11728e-16	
     25181.10000	      1.43369e-16	
     25206.10000	      1.46441e-16	
     25231.10000	      1.24272e-16	
#time:0.018842
