# Keck LRIS spectra of late-M, L and T dwarfs
# spty = M9.5  (Spectral type)
#
#     WAVELENGTH	#           FLUX	
#     (ANGSTROM)	#  (ERG/CM2/S/A)	
################	################	
      6300.00000	     0.00000e+00	
      6301.90095	     0.00000e+00	
      6303.80190	     0.00000e+00	
      6305.70285	     0.00000e+00	
      6307.60380	     0.00000e+00	
      6309.50475	     0.00000e+00	
      6311.40570	     0.00000e+00	
      6313.30665	     2.06971e-17	
      6315.20760	     8.52861e-17	
      6317.10855	     8.87223e-17	
      6319.00950	     9.05860e-17	
      6320.91046	     9.18140e-17	
      6322.81141	     9.08182e-17	
      6324.71236	     9.35604e-17	
      6326.61331	     9.58812e-17	
      6328.51426	     9.61994e-17	
      6330.41521	     9.64848e-17	
      6332.31616	     9.45971e-17	
      6334.21711	     9.75200e-17	
      6336.11806	     1.00513e-16	
      6338.01901	     1.03219e-16	
      6339.91996	     1.00419e-16	
      6341.82091	     1.03415e-16	
      6343.72186	     1.01768e-16	
      6345.62281	     1.05691e-16	
      6347.52376	     1.06334e-16	
      6349.42471	     1.05422e-16	
      6351.32566	     1.07243e-16	
      6353.22661	     1.04698e-16	
      6355.12756	     1.06816e-16	
      6357.02851	     1.06068e-16	
      6358.92946	     1.02240e-16	
      6360.83042	     1.04059e-16	
      6362.73137	     1.10076e-16	
      6364.63232	     1.05759e-16	
      6366.53327	     1.07579e-16	
      6368.43422	     1.12548e-16	
      6370.33517	     1.10088e-16	
      6372.23612	     1.06473e-16	
      6374.13707	     1.06430e-16	
      6376.03802	     1.06908e-16	
      6377.93897	     1.03532e-16	
      6379.83992	     1.02932e-16	
      6381.74087	     1.02619e-16	
      6383.64182	     1.01103e-16	
      6385.54277	     1.03964e-16	
      6387.44372	     1.04724e-16	
      6389.34467	     1.03211e-16	
      6391.24562	     1.04386e-16	
      6393.14657	     1.07979e-16	
      6395.04752	     1.08695e-16	
      6396.94847	     1.09187e-16	
      6398.84942	     1.10001e-16	
      6400.75038	     1.10410e-16	
      6402.65133	     1.11597e-16	
      6404.55228	     1.11077e-16	
      6406.45323	     1.06938e-16	
      6408.35418	     1.06422e-16	
      6410.25513	     1.09589e-16	
      6412.15608	     1.09049e-16	
      6414.05703	     1.08926e-16	
      6415.95798	     1.10533e-16	
      6417.85893	     1.05227e-16	
      6419.75988	     1.04779e-16	
      6421.66083	     1.09921e-16	
      6423.56178	     1.11101e-16	
      6425.46273	     1.08872e-16	
      6427.36368	     1.09943e-16	
      6429.26463	     1.09537e-16	
      6431.16558	     1.10069e-16	
      6433.06653	     1.06447e-16	
      6434.96748	     1.07103e-16	
      6436.86843	     1.09948e-16	
      6438.76938	     1.08433e-16	
      6440.67034	     1.08331e-16	
      6442.57129	     1.12014e-16	
      6444.47224	     1.12102e-16	
      6446.37319	     1.09643e-16	
      6448.27414	     1.12233e-16	
      6450.17509	     1.12098e-16	
      6452.07604	     1.09850e-16	
      6453.97699	     1.09277e-16	
      6455.87794	     1.09436e-16	
      6457.77889	     1.12444e-16	
      6459.67984	     1.13847e-16	
      6461.58079	     1.13829e-16	
      6463.48174	     1.14901e-16	
      6465.38269	     1.15141e-16	
      6467.28364	     1.15357e-16	
      6469.18459	     1.16208e-16	
      6471.08554	     1.17514e-16	
      6472.98649	     1.18074e-16	
      6474.88744	     1.15532e-16	
      6476.78839	     1.15668e-16	
      6478.68934	     1.17046e-16	
      6480.59030	     1.19235e-16	
      6482.49125	     1.21307e-16	
      6484.39220	     1.20413e-16	
      6486.29315	     1.19703e-16	
      6488.19410	     1.21787e-16	
      6490.09505	     1.24906e-16	
      6491.99600	     1.25664e-16	
      6493.89695	     1.29771e-16	
      6495.79790	     1.30858e-16	
      6497.69885	     1.31755e-16	
      6499.59980	     1.35964e-16	
      6501.50075	     1.36301e-16	
      6503.40170	     1.36296e-16	
      6505.30265	     1.38757e-16	
      6507.20360	     1.42190e-16	
      6509.10455	     1.48201e-16	
      6511.00550	     1.46847e-16	
      6512.90645	     1.49219e-16	
      6514.80740	     1.55100e-16	
      6516.70835	     1.57600e-16	
      6518.60930	     1.60120e-16	
      6520.51026	     1.66058e-16	
      6522.41121	     1.62147e-16	
      6524.31216	     1.70839e-16	
      6526.21311	     1.77613e-16	
      6528.11406	     1.77586e-16	
      6530.01501	     1.77843e-16	
      6531.91596	     1.83369e-16	
      6533.81691	     1.84584e-16	
      6535.71786	     1.85297e-16	
      6537.61881	     1.93189e-16	
      6539.51976	     1.95949e-16	
      6541.42071	     1.96297e-16	
      6543.32166	     1.93452e-16	
      6545.22261	     1.92212e-16	
      6547.12356	     1.85895e-16	
      6549.02451	     1.85495e-16	
      6550.92546	     1.88303e-16	
      6552.82641	     1.98279e-16	
      6554.72736	     2.15611e-16	
      6556.62831	     2.56095e-16	
      6558.52926	     3.87833e-16	
      6560.43022	     5.73612e-16	
      6562.33117	     6.34814e-16	
      6564.23212	     4.95616e-16	
      6566.13307	     3.13000e-16	
      6568.03402	     2.08428e-16	
      6569.93497	     1.81551e-16	
      6571.83592	     1.72084e-16	
      6573.73687	     1.70189e-16	
      6575.63782	     1.71605e-16	
      6577.53877	     1.72897e-16	
      6579.43972	     1.70171e-16	
      6581.34067	     1.65498e-16	
      6583.24162	     1.68915e-16	
      6585.14257	     1.72409e-16	
      6587.04352	     1.73455e-16	
      6588.94447	     1.77629e-16	
      6590.84542	     1.78004e-16	
      6592.74637	     1.75373e-16	
      6594.64732	     1.78651e-16	
      6596.54827	     1.76102e-16	
      6598.44922	     1.76706e-16	
      6600.35018	     1.79163e-16	
      6602.25113	     1.77270e-16	
      6604.15208	     1.76340e-16	
      6606.05303	     1.75455e-16	
      6607.95398	     1.81773e-16	
      6609.85493	     1.82552e-16	
      6611.75588	     1.85014e-16	
      6613.65683	     1.85593e-16	
      6615.55778	     1.82562e-16	
      6617.45873	     1.82695e-16	
      6619.35968	     1.81301e-16	
      6621.26063	     1.81775e-16	
      6623.16158	     1.80090e-16	
      6625.06253	     1.80373e-16	
      6626.96348	     1.76796e-16	
      6628.86443	     1.77064e-16	
      6630.76538	     1.82410e-16	
      6632.66633	     1.82330e-16	
      6634.56728	     1.79088e-16	
      6636.46823	     1.77296e-16	
      6638.36918	     1.76527e-16	
      6640.27014	     1.80139e-16	
      6642.17109	     1.79561e-16	
      6644.07204	     1.80385e-16	
      6645.97299	     1.85478e-16	
      6647.87394	     1.83821e-16	
      6649.77489	     1.75563e-16	
      6651.67584	     1.74683e-16	
      6653.57679	     1.76239e-16	
      6655.47774	     1.75153e-16	
      6657.37869	     1.76173e-16	
      6659.27964	     1.78181e-16	
      6661.18059	     1.79821e-16	
      6663.08154	     1.79900e-16	
      6664.98249	     1.81056e-16	
      6666.88344	     1.85045e-16	
      6668.78439	     1.86087e-16	
      6670.68534	     1.85523e-16	
      6672.58629	     1.84501e-16	
      6674.48724	     1.88196e-16	
      6676.38819	     1.90801e-16	
      6678.28914	     1.90868e-16	
      6680.19010	     1.85061e-16	
      6682.09105	     1.82444e-16	
      6683.99200	     1.79942e-16	
      6685.89295	     1.80003e-16	
      6687.79390	     1.84902e-16	
      6689.69485	     1.83775e-16	
      6691.59580	     1.81640e-16	
      6693.49675	     1.82611e-16	
      6695.39770	     1.85269e-16	
      6697.29865	     1.91295e-16	
      6699.19960	     1.89247e-16	
      6701.10055	     1.89761e-16	
      6703.00150	     1.91812e-16	
      6704.90245	     1.92195e-16	
      6706.80340	     1.95084e-16	
      6708.70435	     1.94735e-16	
      6710.60530	     1.92630e-16	
      6712.50625	     1.91298e-16	
      6714.40720	     1.88865e-16	
      6716.30815	     1.88058e-16	
      6718.20910	     1.87295e-16	
      6720.11006	     1.88216e-16	
      6722.01101	     1.83692e-16	
      6723.91196	     1.86792e-16	
      6725.81291	     1.88651e-16	
      6727.71386	     1.90132e-16	
      6729.61481	     1.94268e-16	
      6731.51576	     1.91590e-16	
      6733.41671	     1.93041e-16	
      6735.31766	     1.93823e-16	
      6737.21861	     1.97039e-16	
      6739.11956	     2.02601e-16	
      6741.02051	     2.01634e-16	
      6742.92146	     2.01671e-16	
      6744.82241	     2.01893e-16	
      6746.72336	     1.99863e-16	
      6748.62431	     1.97884e-16	
      6750.52526	     1.99707e-16	
      6752.42621	     2.02540e-16	
      6754.32716	     2.05954e-16	
      6756.22811	     2.02138e-16	
      6758.12906	     2.01329e-16	
      6760.03002	     2.04446e-16	
      6761.93097	     2.07688e-16	
      6763.83192	     2.11965e-16	
      6765.73287	     2.16645e-16	
      6767.63382	     2.14942e-16	
      6769.53477	     2.16773e-16	
      6771.43572	     2.13987e-16	
      6773.33667	     2.16984e-16	
      6775.23762	     2.20425e-16	
      6777.13857	     2.19241e-16	
      6779.03952	     2.19658e-16	
      6780.94047	     2.11194e-16	
      6782.84142	     1.99588e-16	
      6784.74237	     1.99376e-16	
      6786.64332	     1.98440e-16	
      6788.54427	     2.01069e-16	
      6790.44522	     1.99912e-16	
      6792.34617	     2.01258e-16	
      6794.24712	     2.00648e-16	
      6796.14807	     2.04295e-16	
      6798.04902	     2.05582e-16	
      6799.94997	     2.04185e-16	
      6801.85093	     2.07065e-16	
      6803.75188	     2.01829e-16	
      6805.65283	     2.03961e-16	
      6807.55378	     2.06222e-16	
      6809.45473	     2.04989e-16	
      6811.35568	     2.05536e-16	
      6813.25663	     2.04488e-16	
      6815.15758	     2.01171e-16	
      6817.05853	     2.06032e-16	
      6818.95948	     2.06217e-16	
      6820.86043	     2.00305e-16	
      6822.76138	     2.02525e-16	
      6824.66233	     2.04151e-16	
      6826.56328	     2.01732e-16	
      6828.46423	     1.99417e-16	
      6830.36518	     2.05478e-16	
      6832.26613	     2.05588e-16	
      6834.16708	     2.04055e-16	
      6836.06803	     2.03987e-16	
      6837.96898	     2.03926e-16	
      6839.86993	     2.03306e-16	
      6841.77089	     2.03385e-16	
      6843.67184	     2.08178e-16	
      6845.57279	     2.02254e-16	
      6847.47374	     1.99405e-16	
      6849.37469	     2.00848e-16	
      6851.27564	     1.97672e-16	
      6853.17659	     1.95576e-16	
      6855.07754	     2.01689e-16	
      6856.97849	     2.00101e-16	
      6858.87944	     1.96025e-16	
      6860.78039	     1.97008e-16	
      6862.68134	     2.03652e-16	
      6864.58229	     1.94693e-16	
      6866.48324	     1.77830e-16	
      6868.38419	     1.60401e-16	
      6870.28514	     1.47656e-16	
      6872.18609	     1.50864e-16	
      6874.08704	     1.61602e-16	
      6875.98799	     1.71328e-16	
      6877.88894	     1.79298e-16	
      6879.78989	     1.86549e-16	
      6881.69085	     1.89587e-16	
      6883.59180	     1.89679e-16	
      6885.49275	     1.83331e-16	
      6887.39370	     1.79530e-16	
      6889.29465	     1.81752e-16	
      6891.19560	     1.77987e-16	
      6893.09655	     1.77215e-16	
      6894.99750	     1.78347e-16	
      6896.89845	     1.81704e-16	
      6898.79940	     1.76951e-16	
      6900.70035	     1.77222e-16	
      6902.60130	     1.82347e-16	
      6904.50225	     1.91608e-16	
      6906.40320	     1.98010e-16	
      6908.30415	     1.99093e-16	
      6910.20510	     2.03470e-16	
      6912.10605	     2.07876e-16	
      6914.00700	     2.06016e-16	
      6915.90795	     1.98213e-16	
      6917.80890	     1.92128e-16	
      6919.70985	     1.96338e-16	
      6921.61081	     2.06202e-16	
      6923.51176	     2.16227e-16	
      6925.41271	     2.22581e-16	
      6927.31366	     2.24654e-16	
      6929.21461	     2.28083e-16	
      6931.11556	     2.32531e-16	
      6933.01651	     2.35669e-16	
      6934.91746	     2.37011e-16	
      6936.81841	     2.37733e-16	
      6938.71936	     2.37589e-16	
      6940.62031	     2.45134e-16	
      6942.52126	     2.59725e-16	
      6944.42221	     2.67671e-16	
      6946.32316	     2.76956e-16	
      6948.22411	     2.80287e-16	
      6950.12506	     2.73025e-16	
      6952.02601	     2.64387e-16	
      6953.92696	     2.61115e-16	
      6955.82791	     2.54513e-16	
      6957.72886	     2.55318e-16	
      6959.62981	     2.60202e-16	
      6961.53077	     2.70318e-16	
      6963.43172	     2.73804e-16	
      6965.33267	     2.77667e-16	
      6967.23362	     2.76044e-16	
      6969.13457	     2.75076e-16	
      6971.03552	     2.69621e-16	
      6972.93647	     2.66539e-16	
      6974.83742	     2.77256e-16	
      6976.73837	     2.83037e-16	
      6978.63932	     2.83265e-16	
      6980.54027	     2.83645e-16	
      6982.44122	     2.86792e-16	
      6984.34217	     2.88750e-16	
      6986.24312	     2.89357e-16	
      6988.14407	     2.89166e-16	
      6990.04502	     2.86706e-16	
      6991.94597	     2.84362e-16	
      6993.84692	     2.83807e-16	
      6995.74787	     2.81364e-16	
      6997.64882	     2.83842e-16	
      6999.54977	     2.87744e-16	
      7001.45073	     2.87199e-16	
      7003.35168	     2.91556e-16	
      7005.25263	     2.96974e-16	
      7007.15358	     3.05124e-16	
      7009.05453	     3.09690e-16	
      7010.95548	     3.10517e-16	
      7012.85643	     3.13511e-16	
      7014.75738	     3.18732e-16	
      7016.65833	     3.23821e-16	
      7018.55928	     3.26144e-16	
      7020.46023	     3.28188e-16	
      7022.36118	     3.28497e-16	
      7024.26213	     3.32896e-16	
      7026.16308	     3.45216e-16	
      7028.06403	     3.58883e-16	
      7029.96498	     3.59578e-16	
      7031.86593	     3.64150e-16	
      7033.76688	     3.71718e-16	
      7035.66783	     3.83806e-16	
      7037.56878	     3.86880e-16	
      7039.46973	     3.92618e-16	
      7041.37069	     3.94606e-16	
      7043.27164	     3.92932e-16	
      7045.17259	     3.94442e-16	
      7047.07354	     3.98198e-16	
      7048.97449	     3.99377e-16	
      7050.87544	     3.85480e-16	
      7052.77639	     3.51175e-16	
      7054.67734	     3.11083e-16	
      7056.57829	     2.85278e-16	
      7058.47924	     2.71762e-16	
      7060.38019	     2.68198e-16	
      7062.28114	     2.67409e-16	
      7064.18209	     2.72880e-16	
      7066.08304	     2.75621e-16	
      7067.98399	     2.80882e-16	
      7069.88494	     2.85068e-16	
      7071.78589	     2.87627e-16	
      7073.68684	     2.93659e-16	
      7075.58779	     2.98045e-16	
      7077.48874	     2.99130e-16	
      7079.38969	     2.92376e-16	
      7081.29065	     2.98875e-16	
      7083.19160	     3.03150e-16	
      7085.09255	     2.95991e-16	
      7086.99350	     2.74380e-16	
      7088.89445	     2.68379e-16	
      7090.79540	     2.68844e-16	
      7092.69635	     2.68373e-16	
      7094.59730	     2.69886e-16	
      7096.49825	     2.71445e-16	
      7098.39920	     2.68823e-16	
      7100.30015	     2.75147e-16	
      7102.20110	     2.77523e-16	
      7104.10205	     2.78032e-16	
      7106.00300	     2.80805e-16	
      7107.90395	     2.87621e-16	
      7109.80490	     2.91216e-16	
      7111.70585	     2.91759e-16	
      7113.60680	     2.93151e-16	
      7115.50775	     2.95357e-16	
      7117.40870	     2.96025e-16	
      7119.30965	     2.93968e-16	
      7121.21061	     3.02163e-16	
      7123.11156	     2.98718e-16	
      7125.01251	     2.89408e-16	
      7126.91346	     2.74728e-16	
      7128.81441	     2.67380e-16	
      7130.71536	     2.69189e-16	
      7132.61631	     2.69612e-16	
      7134.51726	     2.75223e-16	
      7136.41821	     2.72401e-16	
      7138.31916	     2.76415e-16	
      7140.22011	     2.75351e-16	
      7142.12106	     2.77168e-16	
      7144.02201	     2.81350e-16	
      7145.92296	     2.88603e-16	
      7147.82391	     2.88594e-16	
      7149.72486	     2.90157e-16	
      7151.62581	     2.93234e-16	
      7153.52676	     2.97171e-16	
      7155.42771	     3.00009e-16	
      7157.32866	     3.00291e-16	
      7159.22961	     2.97099e-16	
      7161.13057	     2.91561e-16	
      7163.03152	     2.97498e-16	
      7164.93247	     2.98055e-16	
      7166.83342	     2.97722e-16	
      7168.73437	     3.01814e-16	
      7170.63532	     3.02372e-16	
      7172.53627	     3.03566e-16	
      7174.43722	     3.02002e-16	
      7176.33817	     3.02851e-16	
      7178.23912	     3.09971e-16	
      7180.14007	     3.17246e-16	
      7182.04102	     3.20951e-16	
      7183.94197	     3.20618e-16	
      7185.84292	     3.26396e-16	
      7187.74387	     3.24729e-16	
      7189.64482	     3.26153e-16	
      7191.54577	     3.30757e-16	
      7193.44672	     3.28197e-16	
      7195.34767	     3.26203e-16	
      7197.24862	     3.20974e-16	
      7199.14957	     3.18444e-16	
      7201.05053	     3.16937e-16	
      7202.95148	     3.17601e-16	
      7204.85243	     3.20926e-16	
      7206.75338	     3.22242e-16	
      7208.65433	     3.25941e-16	
      7210.55528	     3.38769e-16	
      7212.45623	     3.43479e-16	
      7214.35718	     3.44271e-16	
      7216.25813	     3.44369e-16	
      7218.15908	     3.45594e-16	
      7220.06003	     3.46417e-16	
      7221.96098	     3.52138e-16	
      7223.86193	     3.55307e-16	
      7225.76288	     3.64049e-16	
      7227.66383	     3.66869e-16	
      7229.56478	     3.66258e-16	
      7231.46573	     3.67248e-16	
      7233.36668	     3.68870e-16	
      7235.26763	     3.73961e-16	
      7237.16858	     3.73887e-16	
      7239.06953	     3.73199e-16	
      7240.97049	     3.77187e-16	
      7242.87144	     3.79943e-16	
      7244.77239	     3.88801e-16	
      7246.67334	     4.00994e-16	
      7248.57429	     4.09574e-16	
      7250.47524	     4.13509e-16	
      7252.37619	     4.12879e-16	
      7254.27714	     4.19444e-16	
      7256.17809	     4.25589e-16	
      7258.07904	     4.32868e-16	
      7259.97999	     4.38341e-16	
      7261.88094	     4.44116e-16	
      7263.78189	     4.43028e-16	
      7265.68284	     4.43188e-16	
      7267.58379	     4.41068e-16	
      7269.48474	     4.37033e-16	
      7271.38569	     4.40152e-16	
      7273.28664	     4.35441e-16	
      7275.18759	     4.39534e-16	
      7277.08854	     4.45895e-16	
      7278.98949	     4.49984e-16	
      7280.89045	     4.55305e-16	
      7282.79140	     4.68057e-16	
      7284.69235	     4.71943e-16	
      7286.59330	     4.75999e-16	
      7288.49425	     4.77962e-16	
      7290.39520	     4.77941e-16	
      7292.29615	     4.88119e-16	
      7294.19710	     5.01732e-16	
      7296.09805	     5.13671e-16	
      7297.99900	     5.23873e-16	
      7299.89995	     5.34048e-16	
      7301.80090	     5.37831e-16	
      7303.70185	     5.45117e-16	
      7305.60280	     5.51512e-16	
      7307.50375	     5.61497e-16	
      7309.40470	     5.69643e-16	
      7311.30565	     5.74778e-16	
      7313.20660	     5.87315e-16	
      7315.10755	     5.96027e-16	
      7317.00850	     5.99423e-16	
      7318.90945	     6.07101e-16	
      7320.81041	     6.13795e-16	
      7322.71136	     6.19227e-16	
      7324.61231	     6.15951e-16	
      7326.51326	     6.15306e-16	
      7328.41421	     6.07974e-16	
      7330.31516	     6.07417e-16	
      7332.21611	     6.16064e-16	
      7334.11706	     6.37915e-16	
      7336.01801	     6.52801e-16	
      7337.91896	     6.71415e-16	
      7339.81991	     6.70423e-16	
      7341.72086	     6.54784e-16	
      7343.62181	     6.24332e-16	
      7345.52276	     6.11959e-16	
      7347.42371	     6.19346e-16	
      7349.32466	     6.26512e-16	
      7351.22561	     6.34233e-16	
      7353.12656	     6.22346e-16	
      7355.02751	     6.17070e-16	
      7356.92846	     6.25030e-16	
      7358.82941	     6.36235e-16	
      7360.73037	     6.50673e-16	
      7362.63132	     6.72485e-16	
      7364.53227	     6.98165e-16	
      7366.43322	     7.03962e-16	
      7368.33417	     7.04404e-16	
      7370.23512	     6.91612e-16	
      7372.13607	     6.69556e-16	
      7374.03702	     6.53679e-16	
      7375.93797	     6.49099e-16	
      7377.83892	     6.54240e-16	
      7379.73987	     6.56578e-16	
      7381.64082	     6.53485e-16	
      7383.54177	     6.52069e-16	
      7385.44272	     6.67555e-16	
      7387.34367	     6.86036e-16	
      7389.24462	     6.88793e-16	
      7391.14557	     6.68070e-16	
      7393.04652	     6.39708e-16	
      7394.94747	     6.30353e-16	
      7396.84842	     6.36508e-16	
      7398.74937	     6.47361e-16	
      7400.65033	     6.46355e-16	
      7402.55128	     6.39943e-16	
      7404.45223	     6.20875e-16	
      7406.35318	     6.13964e-16	
      7408.25413	     6.26683e-16	
      7410.15508	     6.47462e-16	
      7412.05603	     6.57478e-16	
      7413.95698	     6.58751e-16	
      7415.85793	     6.28194e-16	
      7417.75888	     6.04264e-16	
      7419.65983	     5.93631e-16	
      7421.56078	     6.07204e-16	
      7423.46173	     6.26253e-16	
      7425.36268	     6.34708e-16	
      7427.26363	     6.39219e-16	
      7429.16458	     6.38549e-16	
      7431.06553	     6.26006e-16	
      7432.96648	     6.07638e-16	
      7434.86743	     5.99963e-16	
      7436.76838	     5.98551e-16	
      7438.66933	     6.05766e-16	
      7440.57029	     6.05834e-16	
      7442.47124	     5.86268e-16	
      7444.37219	     5.82170e-16	
      7446.27314	     5.91432e-16	
      7448.17409	     6.01815e-16	
      7450.07504	     6.13956e-16	
      7451.97599	     6.11441e-16	
      7453.87694	     6.01859e-16	
      7455.77789	     5.97544e-16	
      7457.67884	     5.95894e-16	
      7459.57979	     6.01934e-16	
      7461.48074	     6.12444e-16	
      7463.38169	     6.14487e-16	
      7465.28264	     6.10775e-16	
      7467.18359	     6.19795e-16	
      7469.08454	     6.27214e-16	
      7470.98549	     6.15922e-16	
      7472.88644	     6.08801e-16	
      7474.78739	     6.05864e-16	
      7476.68834	     6.12589e-16	
      7478.58929	     6.23000e-16	
      7480.49025	     6.32874e-16	
      7482.39120	     6.41509e-16	
      7484.29215	     6.42871e-16	
      7486.19310	     6.55063e-16	
      7488.09405	     6.55458e-16	
      7489.99500	     6.48768e-16	
      7491.89595	     6.42419e-16	
      7493.79690	     6.27084e-16	
      7495.69785	     6.32660e-16	
      7497.59880	     6.44843e-16	
      7499.49975	     6.62196e-16	
      7501.40070	     6.58826e-16	
      7503.30165	     6.50653e-16	
      7505.20260	     6.50488e-16	
      7507.10355	     6.68875e-16	
      7509.00450	     6.78014e-16	
      7510.90545	     6.69943e-16	
      7512.80640	     6.66960e-16	
      7514.70735	     6.65977e-16	
      7516.60830	     6.62333e-16	
      7518.50925	     6.60837e-16	
      7520.41021	     6.67476e-16	
      7522.31116	     6.76197e-16	
      7524.21211	     6.70573e-16	
      7526.11306	     6.70191e-16	
      7528.01401	     6.76350e-16	
      7529.91496	     6.84919e-16	
      7531.81591	     6.85535e-16	
      7533.71686	     6.90698e-16	
      7535.61781	     7.02390e-16	
      7537.51876	     7.20145e-16	
      7539.41971	     7.29580e-16	
      7541.32066	     7.33780e-16	
      7543.22161	     7.32617e-16	
      7545.12256	     7.23039e-16	
      7547.02351	     7.22642e-16	
      7548.92446	     7.19973e-16	
      7550.82541	     7.21461e-16	
      7552.72636	     7.26905e-16	
      7554.62731	     7.29319e-16	
      7556.52826	     7.31693e-16	
      7558.42921	     7.35281e-16	
      7560.33017	     7.45010e-16	
      7562.23112	     7.38147e-16	
      7564.13207	     7.25080e-16	
      7566.03302	     7.18819e-16	
      7567.93397	     7.16974e-16	
      7569.83492	     7.35910e-16	
      7571.73587	     7.39735e-16	
      7573.63682	     7.43442e-16	
      7575.53777	     7.30823e-16	
      7577.43872	     7.35803e-16	
      7579.33967	     7.54935e-16	
      7581.24062	     7.71051e-16	
      7583.14157	     7.53262e-16	
      7585.04252	     6.96723e-16	
      7586.94347	     6.07904e-16	
      7588.84442	     5.41421e-16	
      7590.74537	     4.80570e-16	
      7592.64632	     4.09370e-16	
      7594.54727	     3.28789e-16	
      7596.44822	     2.64742e-16	
      7598.34917	     2.17613e-16	
      7600.25013	     1.83882e-16	
      7602.15108	     1.65475e-16	
      7604.05203	     1.54263e-16	
      7605.95298	     1.58728e-16	
      7607.85393	     1.76337e-16	
      7609.75488	     2.14243e-16	
      7611.65583	     2.60161e-16	
      7613.55678	     3.23794e-16	
      7615.45773	     4.01268e-16	
      7617.35868	     4.57316e-16	
      7619.25963	     4.52166e-16	
      7621.16058	     3.99247e-16	
      7623.06153	     3.39237e-16	
      7624.96248	     2.86683e-16	
      7626.86343	     2.54861e-16	
      7628.76438	     2.35001e-16	
      7630.66533	     2.27634e-16	
      7632.56628	     2.28710e-16	
      7634.46723	     2.34155e-16	
      7636.36818	     2.40358e-16	
      7638.26913	     2.43417e-16	
      7640.17009	     2.49753e-16	
      7642.07104	     2.49816e-16	
      7643.97199	     2.49609e-16	
      7645.87294	     2.51979e-16	
      7647.77389	     2.49542e-16	
      7649.67484	     2.47141e-16	
      7651.57579	     2.37002e-16	
      7653.47674	     2.24577e-16	
      7655.37769	     2.20715e-16	
      7657.27864	     2.00206e-16	
      7659.17959	     1.76019e-16	
      7661.08054	     1.40554e-16	
      7662.98149	     1.15416e-16	
      7664.88244	     1.19915e-16	
      7666.78339	     1.43937e-16	
      7668.68434	     1.71150e-16	
      7670.58529	     1.99188e-16	
      7672.48624	     2.28863e-16	
      7674.38719	     2.47457e-16	
      7676.28814	     2.62433e-16	
      7678.18909	     2.81932e-16	
      7680.09005	     2.89238e-16	
      7681.99100	     2.94075e-16	
      7683.89195	     3.02770e-16	
      7685.79290	     3.00165e-16	
      7687.69385	     2.98021e-16	
      7689.59480	     2.84700e-16	
      7691.49575	     2.60577e-16	
      7693.39670	     2.27441e-16	
      7695.29765	     1.82614e-16	
      7697.19860	     1.60779e-16	
      7699.09955	     1.65856e-16	
      7701.00050	     1.96656e-16	
      7702.90145	     2.35128e-16	
      7704.80240	     2.70862e-16	
      7706.70335	     2.96753e-16	
      7708.60430	     3.17279e-16	
      7710.50525	     3.34413e-16	
      7712.40620	     3.46347e-16	
      7714.30715	     3.60633e-16	
      7716.20810	     3.70718e-16	
      7718.10905	     3.79841e-16	
      7720.01001	     3.96971e-16	
      7721.91096	     4.07450e-16	
      7723.81191	     4.25190e-16	
      7725.71286	     4.43611e-16	
      7727.61381	     4.56954e-16	
      7729.51476	     4.65532e-16	
      7731.41571	     4.79977e-16	
      7733.31666	     4.94032e-16	
      7735.21761	     5.15258e-16	
      7737.11856	     5.28058e-16	
      7739.01951	     5.25626e-16	
      7740.92046	     5.18389e-16	
      7742.82141	     5.06367e-16	
      7744.72236	     4.85398e-16	
      7746.62331	     4.65956e-16	
      7748.52426	     4.54591e-16	
      7750.42521	     4.63725e-16	
      7752.32616	     4.84187e-16	
      7754.22711	     4.99422e-16	
      7756.12806	     5.05560e-16	
      7758.02901	     5.12729e-16	
      7759.92996	     5.12899e-16	
      7761.83092	     5.10733e-16	
      7763.73187	     5.13117e-16	
      7765.63282	     5.29712e-16	
      7767.53377	     5.41725e-16	
      7769.43472	     5.52836e-16	
      7771.33567	     5.62590e-16	
      7773.23662	     5.56395e-16	
      7775.13757	     5.46158e-16	
      7777.03852	     5.46799e-16	
      7778.93947	     5.34080e-16	
      7780.84042	     5.34202e-16	
      7782.74137	     5.30021e-16	
      7784.64232	     5.31267e-16	
      7786.54327	     5.41304e-16	
      7788.44422	     5.48539e-16	
      7790.34517	     5.51468e-16	
      7792.24612	     5.60062e-16	
      7794.14707	     5.55094e-16	
      7796.04802	     5.16048e-16	
      7797.94897	     4.72842e-16	
      7799.84992	     4.78376e-16	
      7801.75088	     5.34982e-16	
      7803.65183	     5.95963e-16	
      7805.55278	     6.28463e-16	
      7807.45373	     6.28219e-16	
      7809.35468	     6.28946e-16	
      7811.25563	     6.48089e-16	
      7813.15658	     6.56194e-16	
      7815.05753	     6.55077e-16	
      7816.95848	     6.41378e-16	
      7818.85943	     6.24327e-16	
      7820.76038	     6.20315e-16	
      7822.66133	     6.23369e-16	
      7824.56228	     6.21524e-16	
      7826.46323	     6.07994e-16	
      7828.36418	     6.06303e-16	
      7830.26513	     6.21210e-16	
      7832.16608	     6.27790e-16	
      7834.06703	     6.28242e-16	
      7835.96798	     6.31114e-16	
      7837.86893	     6.22715e-16	
      7839.76988	     6.29328e-16	
      7841.67084	     6.58665e-16	
      7843.57179	     6.81568e-16	
      7845.47274	     6.87623e-16	
      7847.37369	     6.91454e-16	
      7849.27464	     6.91497e-16	
      7851.17559	     6.90879e-16	
      7853.07654	     6.92179e-16	
      7854.97749	     7.09692e-16	
      7856.87844	     7.10945e-16	
      7858.77939	     7.08820e-16	
      7860.68034	     7.00042e-16	
      7862.58129	     6.84485e-16	
      7864.48224	     6.70352e-16	
      7866.38319	     6.64381e-16	
      7868.28414	     6.36018e-16	
      7870.18509	     6.15235e-16	
      7872.08604	     6.18588e-16	
      7873.98699	     6.36122e-16	
      7875.88794	     6.61314e-16	
      7877.78889	     6.80887e-16	
      7879.68984	     7.10047e-16	
      7881.59080	     7.31913e-16	
      7883.49175	     7.47851e-16	
      7885.39270	     7.55363e-16	
      7887.29365	     7.60795e-16	
      7889.19460	     7.68512e-16	
      7891.09555	     7.52228e-16	
      7892.99650	     7.37021e-16	
      7894.89745	     7.12571e-16	
      7896.79840	     6.80396e-16	
      7898.69935	     6.79489e-16	
      7900.60030	     6.98651e-16	
      7902.50125	     7.09888e-16	
      7904.40220	     6.93627e-16	
      7906.30315	     6.54692e-16	
      7908.20410	     6.30362e-16	
      7910.10505	     6.33174e-16	
      7912.00600	     6.55012e-16	
      7913.90695	     6.66264e-16	
      7915.80790	     6.60319e-16	
      7917.70885	     6.60347e-16	
      7919.60980	     6.71820e-16	
      7921.51076	     6.82473e-16	
      7923.41171	     6.89287e-16	
      7925.31266	     6.97425e-16	
      7927.21361	     7.12489e-16	
      7929.11456	     7.33059e-16	
      7931.01551	     7.61547e-16	
      7932.91646	     7.72621e-16	
      7934.81741	     7.44696e-16	
      7936.71836	     7.04905e-16	
      7938.61931	     6.72825e-16	
      7940.52026	     6.59231e-16	
      7942.42121	     6.24943e-16	
      7944.32216	     5.66927e-16	
      7946.22311	     5.43108e-16	
      7948.12406	     5.86727e-16	
      7950.02501	     6.49653e-16	
      7951.92596	     7.06759e-16	
      7953.82691	     7.40851e-16	
      7955.72786	     7.40206e-16	
      7957.62881	     7.16307e-16	
      7959.52976	     6.86443e-16	
      7961.43072	     6.93877e-16	
      7963.33167	     7.24347e-16	
      7965.23262	     7.56976e-16	
      7967.13357	     7.79991e-16	
      7969.03452	     7.95121e-16	
      7970.93547	     7.84939e-16	
      7972.83642	     7.56937e-16	
      7974.73737	     7.38006e-16	
      7976.63832	     7.39286e-16	
      7978.53927	     7.30594e-16	
      7980.44022	     7.19270e-16	
      7982.34117	     7.08141e-16	
      7984.24212	     7.11032e-16	
      7986.14307	     7.30225e-16	
      7988.04402	     7.45145e-16	
      7989.94497	     7.44743e-16	
      7991.84592	     7.40811e-16	
      7993.74687	     7.41325e-16	
      7995.64782	     7.44729e-16	
      7997.54877	     7.55169e-16	
      7999.44972	     7.78510e-16	
      8001.35068	     7.99721e-16	
      8003.25163	     8.25695e-16	
      8005.15258	     8.48167e-16	
      8007.05353	     8.53463e-16	
      8008.95448	     8.48213e-16	
      8010.85543	     8.42955e-16	
      8012.75638	     8.43607e-16	
      8014.65733	     8.61322e-16	
      8016.55828	     8.80630e-16	
      8018.45923	     8.91942e-16	
      8020.36018	     9.15760e-16	
      8022.26113	     9.54947e-16	
      8024.16208	     9.85705e-16	
      8026.06303	     1.00397e-15	
      8027.96398	     9.94303e-16	
      8029.86493	     9.80967e-16	
      8031.76588	     9.69013e-16	
      8033.66683	     9.66155e-16	
      8035.56778	     9.59405e-16	
      8037.46873	     9.62168e-16	
      8039.36968	     9.95636e-16	
      8041.27064	     1.02839e-15	
      8043.17159	     1.04849e-15	
      8045.07254	     1.06128e-15	
      8046.97349	     1.09189e-15	
      8048.87444	     1.13860e-15	
      8050.77539	     1.18200e-15	
      8052.67634	     1.20043e-15	
      8054.57729	     1.19935e-15	
      8056.47824	     1.18133e-15	
      8058.37919	     1.18478e-15	
      8060.28014	     1.17137e-15	
      8062.18109	     1.15388e-15	
      8064.08204	     1.14871e-15	
      8065.98299	     1.16281e-15	
      8067.88394	     1.19236e-15	
      8069.78489	     1.24444e-15	
      8071.68584	     1.28875e-15	
      8073.58679	     1.33206e-15	
      8075.48774	     1.35500e-15	
      8077.38869	     1.36174e-15	
      8079.28964	     1.35163e-15	
      8081.19060	     1.34551e-15	
      8083.09155	     1.39673e-15	
      8084.99250	     1.41562e-15	
      8086.89345	     1.41589e-15	
      8088.79440	     1.43075e-15	
      8090.69535	     1.43886e-15	
      8092.59630	     1.42786e-15	
      8094.49725	     1.43036e-15	
      8096.39820	     1.41563e-15	
      8098.29915	     1.41411e-15	
      8100.20010	     1.41951e-15	
      8102.10105	     1.44178e-15	
      8104.00200	     1.50252e-15	
      8105.90295	     1.53957e-15	
      8107.80390	     1.56752e-15	
      8109.70485	     1.59258e-15	
      8111.60580	     1.57816e-15	
      8113.50675	     1.56159e-15	
      8115.40770	     1.57036e-15	
      8117.30865	     1.59689e-15	
      8119.20960	     1.60187e-15	
      8121.11056	     1.62680e-15	
      8123.01151	     1.67924e-15	
      8124.91246	     1.72887e-15	
      8126.81341	     1.72718e-15	
      8128.71436	     1.72547e-15	
      8130.61531	     1.72227e-15	
      8132.51626	     1.73811e-15	
      8134.41721	     1.76567e-15	
      8136.31816	     1.76593e-15	
      8138.21911	     1.70412e-15	
      8140.12006	     1.64289e-15	
      8142.02101	     1.60223e-15	
      8143.92196	     1.59171e-15	
      8145.82291	     1.60286e-15	
      8147.72386	     1.63130e-15	
      8149.62481	     1.65932e-15	
      8151.52576	     1.67194e-15	
      8153.42671	     1.67157e-15	
      8155.32766	     1.65663e-15	
      8157.22861	     1.65383e-15	
      8159.12956	     1.66868e-15	
      8161.03052	     1.68679e-15	
      8162.93147	     1.72390e-15	
      8164.83242	     1.78842e-15	
      8166.73337	     1.83195e-15	
      8168.63432	     1.86931e-15	
      8170.53527	     1.89200e-15	
      8172.43622	     1.88952e-15	
      8174.33717	     1.82724e-15	
      8176.23812	     1.71710e-15	
      8178.13907	     1.52632e-15	
      8180.04002	     1.36116e-15	
      8181.94097	     1.34734e-15	
      8183.84192	     1.45991e-15	
      8185.74287	     1.58717e-15	
      8187.64382	     1.61080e-15	
      8189.54477	     1.47555e-15	
      8191.44572	     1.28829e-15	
      8193.34667	     1.21285e-15	
      8195.24762	     1.25852e-15	
      8197.14857	     1.38113e-15	
      8199.04952	     1.53482e-15	
      8200.95048	     1.62450e-15	
      8202.85143	     1.61182e-15	
      8204.75238	     1.58046e-15	
      8206.65333	     1.59215e-15	
      8208.55428	     1.60764e-15	
      8210.45523	     1.60467e-15	
      8212.35618	     1.59338e-15	
      8214.25713	     1.59957e-15	
      8216.15808	     1.63714e-15	
      8218.05903	     1.69565e-15	
      8219.95998	     1.76285e-15	
      8221.86093	     1.79258e-15	
      8223.76188	     1.79646e-15	
      8225.66283	     1.79572e-15	
      8227.56378	     1.80347e-15	
      8229.46473	     1.79681e-15	
      8231.36568	     1.79994e-15	
      8233.26663	     1.82418e-15	
      8235.16758	     1.88779e-15	
      8237.06853	     1.92054e-15	
      8238.96948	     1.93743e-15	
      8240.87044	     1.92475e-15	
      8242.77139	     1.91678e-15	
      8244.67234	     1.92363e-15	
      8246.57329	     1.90141e-15	
      8248.47424	     1.83139e-15	
      8250.37519	     1.77872e-15	
      8252.27614	     1.74782e-15	
      8254.17709	     1.76492e-15	
      8256.07804	     1.84811e-15	
      8257.97899	     1.90379e-15	
      8259.87994	     1.95373e-15	
      8261.78089	     1.95266e-15	
      8263.68184	     1.93005e-15	
      8265.58279	     1.87223e-15	
      8267.48374	     1.81404e-15	
      8269.38469	     1.74593e-15	
      8271.28564	     1.72281e-15	
      8273.18659	     1.72863e-15	
      8275.08754	     1.74358e-15	
      8276.98849	     1.71899e-15	
      8278.88944	     1.68099e-15	
      8280.79040	     1.66758e-15	
      8282.69135	     1.63224e-15	
      8284.59230	     1.57150e-15	
      8286.49325	     1.52822e-15	
      8288.39420	     1.51364e-15	
      8290.29515	     1.51454e-15	
      8292.19610	     1.52086e-15	
      8294.09705	     1.52862e-15	
      8295.99800	     1.50751e-15	
      8297.89895	     1.46570e-15	
      8299.79990	     1.43591e-15	
      8301.70085	     1.43508e-15	
      8303.60180	     1.46562e-15	
      8305.50275	     1.51235e-15	
      8307.40370	     1.54228e-15	
      8309.30465	     1.54479e-15	
      8311.20560	     1.57851e-15	
      8313.10655	     1.64312e-15	
      8315.00750	     1.71104e-15	
      8316.90845	     1.76191e-15	
      8318.80940	     1.80710e-15	
      8320.71036	     1.80377e-15	
      8322.61131	     1.76701e-15	
      8324.51226	     1.74181e-15	
      8326.41321	     1.72861e-15	
      8328.31416	     1.74347e-15	
      8330.21511	     1.73967e-15	
      8332.11606	     1.69710e-15	
      8334.01701	     1.68816e-15	
      8335.91796	     1.69697e-15	
      8337.81891	     1.68467e-15	
      8339.71986	     1.64699e-15	
      8341.62081	     1.58707e-15	
      8343.52176	     1.55999e-15	
      8345.42271	     1.56436e-15	
      8347.32366	     1.59775e-15	
      8349.22461	     1.64905e-15	
      8351.12556	     1.69917e-15	
      8353.02651	     1.73749e-15	
      8354.92746	     1.77576e-15	
      8356.82841	     1.81546e-15	
      8358.72936	     1.82420e-15	
      8360.63032	     1.80428e-15	
      8362.53127	     1.85188e-15	
      8364.43222	     1.89191e-15	
      8366.33317	     1.93467e-15	
      8368.23412	     1.91656e-15	
      8370.13507	     1.81492e-15	
      8372.03602	     1.72684e-15	
      8373.93697	     1.68687e-15	
      8375.83792	     1.67830e-15	
      8377.73887	     1.67590e-15	
      8379.63982	     1.67868e-15	
      8381.54077	     1.68049e-15	
      8383.44172	     1.63968e-15	
      8385.34267	     1.61965e-15	
      8387.24362	     1.65096e-15	
      8389.14457	     1.66374e-15	
      8391.04552	     1.69903e-15	
      8392.94647	     1.71135e-15	
      8394.84742	     1.75673e-15	
      8396.74837	     1.81221e-15	
      8398.64932	     1.86643e-15	
      8400.55028	     1.88670e-15	
      8402.45123	     1.90399e-15	
      8404.35218	     1.90728e-15	
      8406.25313	     1.88733e-15	
      8408.15408	     1.86927e-15	
      8410.05503	     1.85421e-15	
      8411.95598	     1.85941e-15	
      8413.85693	     1.84349e-15	
      8415.75788	     1.79274e-15	
      8417.65883	     1.76265e-15	
      8419.55978	     1.77654e-15	
      8421.46073	     1.75096e-15	
      8423.36168	     1.73436e-15	
      8425.26263	     1.70963e-15	
      8427.16358	     1.67418e-15	
      8429.06453	     1.55772e-15	
      8430.96548	     1.43775e-15	
      8432.86643	     1.36644e-15	
      8434.76738	     1.38649e-15	
      8436.66833	     1.43031e-15	
      8438.56928	     1.40160e-15	
      8440.47024	     1.33594e-15	
      8442.37119	     1.27913e-15	
      8444.27214	     1.25448e-15	
      8446.17309	     1.24973e-15	
      8448.07404	     1.19482e-15	
      8449.97499	     1.12246e-15	
      8451.87594	     1.09355e-15	
      8453.77689	     1.10433e-15	
      8455.67784	     1.12729e-15	
      8457.57879	     1.14253e-15	
      8459.47974	     1.12629e-15	
      8461.38069	     1.08474e-15	
      8463.28164	     1.05382e-15	
      8465.18259	     1.04066e-15	
      8467.08354	     1.03581e-15	
      8468.98449	     1.03265e-15	
      8470.88544	     1.06245e-15	
      8472.78639	     1.08778e-15	
      8474.68734	     1.10560e-15	
      8476.58829	     1.12273e-15	
      8478.48924	     1.13342e-15	
      8480.39020	     1.15030e-15	
      8482.29115	     1.17775e-15	
      8484.19210	     1.19193e-15	
      8486.09305	     1.20751e-15	
      8487.99400	     1.24006e-15	
      8489.89495	     1.24655e-15	
      8491.79590	     1.23501e-15	
      8493.69685	     1.20609e-15	
      8495.59780	     1.17458e-15	
      8497.49875	     1.17413e-15	
      8499.39970	     1.16360e-15	
      8501.30065	     1.13003e-15	
      8503.20160	     1.10764e-15	
      8505.10255	     1.10358e-15	
      8507.00350	     1.12813e-15	
      8508.90445	     1.15939e-15	
      8510.80540	     1.16607e-15	
      8512.70635	     1.15233e-15	
      8514.60730	     1.12792e-15	
      8516.50825	     1.09030e-15	
      8518.40920	     1.07051e-15	
      8520.31016	     1.09551e-15	
      8522.21111	     1.15036e-15	
      8524.11206	     1.17734e-15	
      8526.01301	     1.18419e-15	
      8527.91396	     1.21218e-15	
      8529.81491	     1.26239e-15	
      8531.71586	     1.32329e-15	
      8533.61681	     1.35267e-15	
      8535.51776	     1.33465e-15	
      8537.41871	     1.28525e-15	
      8539.31966	     1.26748e-15	
      8541.22061	     1.30580e-15	
      8543.12156	     1.36401e-15	
      8545.02251	     1.42384e-15	
      8546.92346	     1.46624e-15	
      8548.82441	     1.48446e-15	
      8550.72536	     1.48440e-15	
      8552.62631	     1.49998e-15	
      8554.52726	     1.51357e-15	
      8556.42821	     1.49465e-15	
      8558.32916	     1.46299e-15	
      8560.23012	     1.45480e-15	
      8562.13107	     1.45304e-15	
      8564.03202	     1.44220e-15	
      8565.93297	     1.41099e-15	
      8567.83392	     1.36850e-15	
      8569.73487	     1.35735e-15	
      8571.63582	     1.35874e-15	
      8573.53677	     1.36158e-15	
      8575.43772	     1.39993e-15	
      8577.33867	     1.41158e-15	
      8579.23962	     1.43044e-15	
      8581.14057	     1.46663e-15	
      8583.04152	     1.47440e-15	
      8584.94247	     1.48796e-15	
      8586.84342	     1.49564e-15	
      8588.74437	     1.50399e-15	
      8590.64532	     1.51703e-15	
      8592.54627	     1.54244e-15	
      8594.44722	     1.58557e-15	
      8596.34817	     1.62225e-15	
      8598.24912	     1.64185e-15	
      8600.15008	     1.63928e-15	
      8602.05103	     1.63163e-15	
      8603.95198	     1.63129e-15	
      8605.85293	     1.57091e-15	
      8607.75388	     1.45932e-15	
      8609.65483	     1.35420e-15	
      8611.55578	     1.27003e-15	
      8613.45673	     1.21762e-15	
      8615.35768	     1.21607e-15	
      8617.25863	     1.24813e-15	
      8619.15958	     1.24903e-15	
      8621.06053	     1.23239e-15	
      8622.96148	     1.20585e-15	
      8624.86243	     1.19481e-15	
      8626.76338	     1.18367e-15	
      8628.66433	     1.18863e-15	
      8630.56528	     1.20757e-15	
      8632.46623	     1.23777e-15	
      8634.36718	     1.25365e-15	
      8636.26813	     1.26804e-15	
      8638.16908	     1.31201e-15	
      8640.07004	     1.33081e-15	
      8641.97099	     1.32821e-15	
      8643.87194	     1.31970e-15	
      8645.77289	     1.34329e-15	
      8647.67384	     1.37908e-15	
      8649.57479	     1.42029e-15	
      8651.47574	     1.44705e-15	
      8653.37669	     1.43340e-15	
      8655.27764	     1.42429e-15	
      8657.17859	     1.42530e-15	
      8659.07954	     1.42787e-15	
      8660.98049	     1.45276e-15	
      8662.88144	     1.46610e-15	
      8664.78239	     1.44316e-15	
      8666.68334	     1.41403e-15	
      8668.58429	     1.38481e-15	
      8670.48524	     1.38493e-15	
      8672.38619	     1.41495e-15	
      8674.28714	     1.45485e-15	
      8676.18809	     1.46748e-15	
      8678.08904	     1.45619e-15	
      8679.98999	     1.43929e-15	
      8681.89095	     1.43318e-15	
      8683.79190	     1.42568e-15	
      8685.69285	     1.39891e-15	
      8687.59380	     1.33956e-15	
      8689.49475	     1.23983e-15	
      8691.39570	     1.14863e-15	
      8693.29665	     1.12104e-15	
      8695.19760	     1.14608e-15	
      8697.09855	     1.18952e-15	
      8698.99950	     1.23387e-15	
      8700.90045	     1.27000e-15	
      8702.80140	     1.28437e-15	
      8704.70235	     1.25483e-15	
      8706.60330	     1.19445e-15	
      8708.50425	     1.15322e-15	
      8710.40520	     1.14301e-15	
      8712.30615	     1.15348e-15	
      8714.20710	     1.17608e-15	
      8716.10805	     1.21661e-15	
      8718.00900	     1.24851e-15	
      8719.90995	     1.27274e-15	
      8721.81091	     1.29928e-15	
      8723.71186	     1.37329e-15	
      8725.61281	     1.43506e-15	
      8727.51376	     1.42377e-15	
      8729.41471	     1.38641e-15	
      8731.31566	     1.36913e-15	
      8733.21661	     1.36086e-15	
      8735.11756	     1.36813e-15	
      8737.01851	     1.41584e-15	
      8738.91946	     1.48498e-15	
      8740.82041	     1.55128e-15	
      8742.72136	     1.56227e-15	
      8744.62231	     1.50718e-15	
      8746.52326	     1.46773e-15	
      8748.42421	     1.48765e-15	
      8750.32516	     1.53166e-15	
      8752.22611	     1.55233e-15	
      8754.12706	     1.60834e-15	
      8756.02801	     1.65313e-15	
      8757.92896	     1.66146e-15	
      8759.82991	     1.61828e-15	
      8761.73087	     1.54380e-15	
      8763.63182	     1.51219e-15	
      8765.53277	     1.57548e-15	
      8767.43372	     1.69951e-15	
      8769.33467	     1.84438e-15	
      8771.23562	     1.95578e-15	
      8773.13657	     1.97725e-15	
      8775.03752	     1.84953e-15	
      8776.93847	     1.70682e-15	
      8778.83942	     1.68653e-15	
      8780.74037	     1.71256e-15	
      8782.64132	     1.71846e-15	
      8784.54227	     1.73461e-15	
      8786.44322	     1.75197e-15	
      8788.34417	     1.77775e-15	
      8790.24512	     1.81099e-15	
      8792.14607	     1.85858e-15	
      8794.04702	     1.87944e-15	
      8795.94797	     1.81253e-15	
      8797.84892	     1.65845e-15	
      8799.74987	     1.54903e-15	
      8801.65083	     1.52168e-15	
      8803.55178	     1.51619e-15	
      8805.45273	     1.57931e-15	
      8807.35368	     1.68094e-15	
      8809.25463	     1.82805e-15	
      8811.15558	     1.97185e-15	
      8813.05653	     2.06579e-15	
      8814.95748	     2.11524e-15	
      8816.85843	     2.06911e-15	
      8818.75938	     1.92888e-15	
      8820.66033	     1.81258e-15	
      8822.56128	     1.76087e-15	
      8824.46223	     1.75771e-15	
      8826.36318	     1.83134e-15	
      8828.26413	     1.91921e-15	
      8830.16508	     1.95560e-15	
      8832.06603	     2.00779e-15	
      8833.96698	     2.05804e-15	
      8835.86793	     2.12968e-15	
      8837.76888	     2.20262e-15	
      8839.66983	     2.15273e-15	
      8841.57079	     2.01012e-15	
      8843.47174	     1.87423e-15	
      8845.37269	     1.83285e-15	
      8847.27364	     1.94971e-15	
      8849.17459	     2.19770e-15	
      8851.07554	     2.31655e-15	
      8852.97649	     2.22727e-15	
      8854.87744	     2.02081e-15	
      8856.77839	     1.79911e-15	
      8858.67934	     1.67699e-15	
      8860.58029	     1.68763e-15	
      8862.48124	     1.75050e-15	
      8864.38219	     1.72454e-15	
      8866.28314	     1.56829e-15	
      8868.18409	     1.40074e-15	
      8870.08504	     1.32552e-15	
      8871.98599	     1.37160e-15	
      8873.88694	     1.51589e-15	
      8875.78789	     1.65882e-15	
      8877.68884	     1.69941e-15	
      8879.58979	     1.63180e-15	
      8881.49075	     1.54657e-15	
      8883.39170	     1.54378e-15	
      8885.29265	     1.64391e-15	
      8887.19360	     1.75185e-15	
      8889.09455	     1.77456e-15	
      8890.99550	     1.70873e-15	
      8892.89645	     1.62530e-15	
      8894.79740	     1.60571e-15	
      8896.69835	     1.71534e-15	
      8898.59930	     1.89095e-15	
      8900.50025	     1.99645e-15	
      8902.40120	     2.02150e-15	
      8904.30215	     1.96896e-15	
      8906.20310	     1.86057e-15	
      8908.10405	     1.80775e-15	
      8910.00500	     1.85266e-15	
      8911.90595	     1.91945e-15	
      8913.80690	     1.96969e-15	
      8915.70785	     1.99850e-15	
      8917.60880	     1.98197e-15	
      8919.50975	     1.90391e-15	
      8921.41071	     1.81329e-15	
      8923.31166	     1.78208e-15	
      8925.21261	     1.82636e-15	
      8927.11356	     1.96288e-15	
      8929.01451	     2.14823e-15	
      8930.91546	     2.23551e-15	
      8932.81641	     2.14908e-15	
      8934.71736	     1.97062e-15	
      8936.61831	     1.82246e-15	
      8938.51926	     1.72171e-15	
      8940.42021	     1.65244e-15	
      8942.32116	     1.68940e-15	
      8944.22211	     1.80130e-15	
      8946.12306	     1.86259e-15	
      8948.02401	     1.85593e-15	
      8949.92496	     1.85661e-15	
      8951.82591	     1.90461e-15	
      8953.72686	     2.00257e-15	
      8955.62781	     2.06992e-15	
      8957.52876	     2.04952e-15	
      8959.42971	     1.98004e-15	
      8961.33067	     1.88247e-15	
      8963.23162	     1.80358e-15	
      8965.13257	     1.83495e-15	
      8967.03352	     1.91614e-15	
      8968.93447	     1.96013e-15	
      8970.83542	     2.00090e-15	
      8972.73637	     2.09886e-15	
      8974.63732	     2.14514e-15	
      8976.53827	     2.09495e-15	
      8978.43922	     2.05750e-15	
      8980.34017	     2.15442e-15	
      8982.24112	     2.26359e-15	
      8984.14207	     2.26780e-15	
      8986.04302	     2.19204e-15	
      8987.94397	     2.09003e-15	
      8989.84492	     2.05169e-15	
      8991.74587	     2.06725e-15	
      8993.64682	     2.05428e-15	
      8995.54777	     2.00331e-15	
      8997.44872	     2.01006e-15	
      8999.34967	     2.14993e-15	
      9001.25063	     2.32201e-15	
      9003.15158	     2.38969e-15	
      9005.05253	     2.34355e-15	
      9006.95348	     2.28348e-15	
      9008.85443	     2.29616e-15	
      9010.75538	     2.31532e-15	
      9012.65633	     2.27875e-15	
      9014.55728	     2.20671e-15	
      9016.45823	     2.11672e-15	
      9018.35918	     2.01448e-15	
      9020.26013	     1.91308e-15	
      9022.16108	     1.85055e-15	
      9024.06203	     1.85400e-15	
      9025.96298	     1.92892e-15	
      9027.86393	     2.04743e-15	
      9029.76488	     2.16079e-15	
      9031.66583	     2.29363e-15	
      9033.56678	     2.40328e-15	
      9035.46773	     2.48024e-15	
      9037.36868	     2.42409e-15	
      9039.26963	     2.32974e-15	
      9041.17059	     2.33576e-15	
      9043.07154	     2.42718e-15	
      9044.97249	     2.50371e-15	
      9046.87344	     2.50960e-15	
      9048.77439	     2.39419e-15	
      9050.67534	     2.27374e-15	
      9052.57629	     2.20948e-15	
      9054.47724	     2.16374e-15	
      9056.37819	     2.13808e-15	
      9058.27914	     2.13448e-15	
      9060.18009	     2.14080e-15	
      9062.08104	     2.11993e-15	
      9063.98199	     2.07499e-15	
      9065.88294	     2.04863e-15	
      9067.78389	     2.04138e-15	
      9069.68484	     2.07984e-15	
      9071.58579	     2.16186e-15	
      9073.48674	     2.26603e-15	
      9075.38769	     2.36829e-15	
      9077.28864	     2.36246e-15	
      9079.18959	     2.32538e-15	
      9081.09055	     2.32069e-15	
      9082.99150	     2.29672e-15	
      9084.89245	     2.26604e-15	
      9086.79340	     2.30326e-15	
      9088.69435	     2.37751e-15	
      9090.59530	     2.46241e-15	
      9092.49625	     2.48320e-15	
      9094.39720	     2.52250e-15	
      9096.29815	     2.54777e-15	
      9098.19910	     2.53283e-15	
      9100.10005	     2.48661e-15	
      9102.00100	     2.43463e-15	
      9103.90195	     2.40701e-15	
      9105.80290	     2.47585e-15	
      9107.70385	     2.56530e-15	
      9109.60480	     2.62302e-15	
      9111.50575	     2.66936e-15	
      9113.40670	     2.64422e-15	
      9115.30765	     2.62435e-15	
      9117.20860	     2.64784e-15	
      9119.10955	     2.67201e-15	
      9121.01051	     2.64977e-15	
      9122.91146	     2.63526e-15	
      9124.81241	     2.63915e-15	
      9126.71336	     2.64316e-15	
      9128.61431	     2.69629e-15	
      9130.51526	     2.77103e-15	
      9132.41621	     2.74937e-15	
      9134.31716	     2.61490e-15	
      9136.21811	     2.45815e-15	
      9138.11906	     2.44806e-15	
      9140.02001	     2.58607e-15	
      9141.92096	     2.70030e-15	
      9143.82191	     2.72178e-15	
      9145.72286	     2.65171e-15	
      9147.62381	     2.62093e-15	
      9149.52476	     2.67681e-15	
      9151.42571	     2.79472e-15	
      9153.32666	     2.91136e-15	
      9155.22761	     2.91915e-15	
      9157.12856	     2.85992e-15	
      9159.02951	     2.80303e-15	
      9160.93047	     2.79554e-15	
      9162.83142	     2.85237e-15	
      9164.73237	     2.91607e-15	
      9166.63332	     2.92719e-15	
      9168.53427	     2.84740e-15	
      9170.43522	     2.72309e-15	
      9172.33617	     2.62649e-15	
      9174.23712	     2.63585e-15	
      9176.13807	     2.70916e-15	
      9178.03902	     2.79344e-15	
      9179.93997	     2.80341e-15	
      9181.84092	     2.77717e-15	
      9183.74187	     2.89371e-15	
      9185.64282	     3.11754e-15	
      9187.54377	     3.22575e-15	
      9189.44472	     3.15326e-15	
      9191.34567	     3.04612e-15	
      9193.24662	     3.04971e-15	
      9195.14757	     3.11194e-15	
      9197.04852	     3.17474e-15	
      9198.94947	     3.21416e-15	
      9200.85043	     3.17067e-15	
      9202.75138	     3.04134e-15	
      9204.65233	     2.82025e-15	
      9206.55328	     2.71635e-15	
      9208.45423	     2.70469e-15	
      9210.35518	     2.75327e-15	
      9212.25613	     2.82841e-15	
      9214.15708	     2.87065e-15	
      9216.05803	     2.87718e-15	
      9217.95898	     2.88428e-15	
      9219.85993	     2.86362e-15	
      9221.76088	     2.87463e-15	
      9223.66183	     2.89779e-15	
      9225.56278	     2.83549e-15	
      9227.46373	     2.76615e-15	
      9229.36468	     2.66984e-15	
      9231.26563	     2.63113e-15	
      9233.16658	     2.58808e-15	
      9235.06753	     2.57252e-15	
      9236.96848	     2.63650e-15	
      9238.86943	     2.76113e-15	
      9240.77039	     2.77571e-15	
      9242.67134	     2.70657e-15	
      9244.57229	     2.59614e-15	
      9246.47324	     2.50734e-15	
      9248.37419	     2.48811e-15	
      9250.27514	     2.62641e-15	
      9252.17609	     2.83043e-15	
      9254.07704	     2.97591e-15	
      9255.97799	     2.98697e-15	
      9257.87894	     2.88849e-15	
      9259.77989	     2.84151e-15	
      9261.68084	     2.89596e-15	
      9263.58179	     2.94198e-15	
      9265.48274	     2.93480e-15	
      9267.38369	     2.84718e-15	
      9269.28464	     2.73245e-15	
      9271.18559	     2.60438e-15	
      9273.08654	     2.49603e-15	
      9274.98749	     2.41237e-15	
      9276.88844	     2.42443e-15	
      9278.78939	     2.53225e-15	
      9280.69035	     2.63637e-15	
      9282.59130	     2.67423e-15	
      9284.49225	     2.65633e-15	
      9286.39320	     2.64724e-15	
      9288.29415	     2.65518e-15	
      9290.19510	     2.65995e-15	
      9292.09605	     2.62634e-15	
      9293.99700	     2.54397e-15	
      9295.89795	     2.45810e-15	
      9297.79890	     2.40225e-15	
      9299.69985	     2.36778e-15	
      9301.60080	     2.40655e-15	
      9303.50175	     2.41903e-15	
      9305.40270	     2.39911e-15	
      9307.30365	     2.42662e-15	
      9309.20460	     2.52419e-15	
      9311.10555	     2.55753e-15	
      9313.00650	     2.43038e-15	
      9314.90745	     2.31788e-15	
      9316.80840	     2.35604e-15	
      9318.70935	     2.40778e-15	
      9320.61031	     2.36757e-15	
      9322.51126	     2.29142e-15	
      9324.41221	     2.30143e-15	
      9326.31316	     2.40494e-15	
      9328.21411	     2.47910e-15	
      9330.11506	     2.42465e-15	
      9332.01601	     2.36808e-15	
      9333.91696	     2.39202e-15	
      9335.81791	     2.45250e-15	
      9337.71886	     2.42853e-15	
      9339.61981	     2.24446e-15	
      9341.52076	     2.09330e-15	
      9343.42171	     2.17383e-15	
      9345.32266	     2.35519e-15	
      9347.22361	     2.44605e-15	
      9349.12456	     2.36959e-15	
      9351.02551	     2.18713e-15	
      9352.92646	     2.06689e-15	
      9354.82741	     2.06069e-15	
      9356.72836	     2.19747e-15	
      9358.62931	     2.43624e-15	
      9360.53027	     2.55615e-15	
      9362.43122	     2.50374e-15	
      9364.33217	     2.34470e-15	
      9366.23312	     2.17300e-15	
      9368.13407	     2.08929e-15	
      9370.03502	     2.15647e-15	
      9371.93597	     2.30927e-15	
      9373.83692	     2.42623e-15	
      9375.73787	     2.41534e-15	
      9377.63882	     2.32384e-15	
      9379.53977	     2.37204e-15	
      9381.44072	     2.48616e-15	
      9383.34167	     2.54337e-15	
      9385.24262	     2.66780e-15	
      9387.14357	     2.84540e-15	
      9389.04452	     2.98660e-15	
      9390.94547	     3.00288e-15	
      9392.84642	     2.92937e-15	
      9394.74737	     2.84043e-15	
      9396.64832	     2.76847e-15	
      9398.54927	     2.76464e-15	
      9400.45023	     2.77314e-15	
      9402.35118	     2.83373e-15	
      9404.25213	     2.84607e-15	
      9406.15308	     2.79879e-15	
      9408.05403	     2.72520e-15	
      9409.95498	     2.67303e-15	
      9411.85593	     2.62585e-15	
      9413.75688	     2.59666e-15	
      9415.65783	     2.59955e-15	
      9417.55878	     2.59617e-15	
      9419.45973	     2.62272e-15	
      9421.36068	     2.57981e-15	
      9423.26163	     2.45410e-15	
      9425.16258	     2.35360e-15	
      9427.06353	     2.43064e-15	
      9428.96448	     2.64308e-15	
      9430.86543	     2.86810e-15	
      9432.76638	     2.96506e-15	
      9434.66733	     2.84577e-15	
      9436.56828	     2.63340e-15	
      9438.46923	     2.46636e-15	
      9440.37019	     2.39926e-15	
      9442.27114	     2.38869e-15	
      9444.17209	     2.61584e-15	
      9446.07304	     2.71368e-15	
      9447.97399	     2.74689e-15	
      9449.87494	     2.74572e-15	
      9451.77589	     2.73308e-15	
      9453.67684	     2.72000e-15	
      9455.57779	     2.65352e-15	
      9457.47874	     2.59366e-15	
      9459.37969	     2.61205e-15	
      9461.28064	     2.80770e-15	
      9463.18159	     3.07099e-15	
      9465.08254	     3.02944e-15	
      9466.98349	     2.82765e-15	
      9468.88444	     2.83353e-15	
      9470.78539	     2.93035e-15	
      9472.68634	     3.14929e-15	
      9474.58729	     3.28306e-15	
      9476.48824	     3.20608e-15	
      9478.38919	     3.09775e-15	
      9480.29015	     3.15232e-15	
      9482.19110	     3.29566e-15	
      9484.09205	     3.45930e-15	
      9485.99300	     3.64168e-15	
      9487.89395	     3.67355e-15	
      9489.79490	     3.51667e-15	
      9491.69585	     3.33082e-15	
      9493.59680	     3.22661e-15	
      9495.49775	     3.14010e-15	
      9497.39870	     3.04278e-15	
      9499.29965	     3.06704e-15	
      9501.20060	     3.17939e-15	
      9503.10155	     3.32490e-15	
      9505.00250	     3.51413e-15	
      9506.90345	     3.64792e-15	
      9508.80440	     3.62604e-15	
      9510.70535	     3.49211e-15	
      9512.60630	     3.29269e-15	
      9514.50725	     3.10473e-15	
      9516.40820	     2.99181e-15	
      9518.30915	     2.95693e-15	
      9520.21011	     3.04405e-15	
      9522.11106	     3.17721e-15	
      9524.01201	     3.30176e-15	
      9525.91296	     3.38919e-15	
      9527.81391	     3.43250e-15	
      9529.71486	     3.46839e-15	
      9531.61581	     3.43126e-15	
      9533.51676	     3.38275e-15	
      9535.41771	     3.34425e-15	
      9537.31866	     3.32023e-15	
      9539.21961	     3.24320e-15	
      9541.12056	     3.06942e-15	
      9543.02151	     3.00522e-15	
      9544.92246	     3.05449e-15	
      9546.82341	     3.09320e-15	
      9548.72436	     3.12657e-15	
      9550.62531	     3.10339e-15	
      9552.52626	     3.08762e-15	
      9554.42721	     3.16970e-15	
      9556.32816	     3.25099e-15	
      9558.22911	     3.23535e-15	
      9560.13007	     3.16712e-15	
      9562.03102	     3.07089e-15	
      9563.93197	     3.09332e-15	
      9565.83292	     3.21438e-15	
      9567.73387	     3.29886e-15	
      9569.63482	     3.32444e-15	
      9571.53577	     3.31269e-15	
      9573.43672	     3.25433e-15	
      9575.33767	     3.18363e-15	
      9577.23862	     3.10083e-15	
      9579.13957	     3.08522e-15	
      9581.04052	     3.14392e-15	
      9582.94147	     3.11637e-15	
      9584.84242	     2.99940e-15	
      9586.74337	     2.89692e-15	
      9588.64432	     2.85848e-15	
      9590.54527	     2.89861e-15	
      9592.44622	     2.94002e-15	
      9594.34717	     2.95534e-15	
      9596.24812	     3.04999e-15	
      9598.14907	     3.25330e-15	
      9600.05003	     3.40965e-15	
      9601.95098	     3.45200e-15	
      9603.85193	     3.43454e-15	
      9605.75288	     3.28034e-15	
      9607.65383	     3.12312e-15	
      9609.55478	     3.06965e-15	
      9611.45573	     3.04368e-15	
      9613.35668	     3.12200e-15	
      9615.25763	     3.17243e-15	
      9617.15858	     3.14296e-15	
      9619.05953	     3.11470e-15	
      9620.96048	     3.15239e-15	
      9622.86143	     3.21895e-15	
      9624.76238	     3.26785e-15	
      9626.66333	     3.28827e-15	
      9628.56428	     3.24358e-15	
      9630.46523	     3.15963e-15	
      9632.36618	     2.91052e-15	
      9634.26713	     2.69336e-15	
      9636.16808	     2.64655e-15	
      9638.06903	     2.73277e-15	
      9639.96998	     2.85252e-15	
      9641.87094	     2.96060e-15	
      9643.77189	     3.09874e-15	
      9645.67284	     3.20969e-15	
      9647.57379	     3.29139e-15	
      9649.47474	     3.34594e-15	
      9651.37569	     3.42403e-15	
      9653.27664	     3.50265e-15	
      9655.17759	     3.63665e-15	
      9657.07854	     3.71711e-15	
      9658.97949	     3.74300e-15	
      9660.88044	     3.77748e-15	
      9662.78139	     3.86891e-15	
      9664.68234	     3.89578e-15	
      9666.58329	     3.88804e-15	
      9668.48424	     3.87577e-15	
      9670.38519	     3.78822e-15	
      9672.28614	     3.71163e-15	
      9674.18709	     3.75945e-15	
      9676.08804	     3.77352e-15	
      9677.98899	     3.76457e-15	
      9679.88994	     3.69999e-15	
      9681.79090	     3.65838e-15	
      9683.69185	     3.58004e-15	
      9685.59280	     3.62057e-15	
      9687.49375	     3.77687e-15	
      9689.39470	     3.89501e-15	
      9691.29565	     4.01306e-15	
      9693.19660	     4.11327e-15	
      9695.09755	     4.08963e-15	
      9696.99850	     4.00255e-15	
      9698.89945	     3.92628e-15	
      9700.80040	     3.79478e-15	
      9702.70135	     3.72722e-15	
      9704.60230	     3.80430e-15	
      9706.50325	     3.94467e-15	
      9708.40420	     4.03782e-15	
      9710.30515	     4.14763e-15	
      9712.20610	     4.20554e-15	
      9714.10705	     4.16901e-15	
      9716.00800	     4.06313e-15	
      9717.90895	     3.98514e-15	
      9719.80990	     3.84840e-15	
      9721.71086	     3.67574e-15	
      9723.61181	     3.51547e-15	
      9725.51276	     3.38930e-15	
      9727.41371	     3.40228e-15	
      9729.31466	     3.44311e-15	
      9731.21561	     3.40622e-15	
      9733.11656	     3.38812e-15	
      9735.01751	     3.38094e-15	
      9736.91846	     3.35597e-15	
      9738.81941	     3.29422e-15	
      9740.72036	     3.23716e-15	
      9742.62131	     3.24891e-15	
      9744.52226	     3.27618e-15	
      9746.42321	     3.35449e-15	
      9748.32416	     3.40709e-15	
      9750.22511	     3.41576e-15	
      9752.12606	     3.47255e-15	
      9754.02701	     3.48304e-15	
      9755.92796	     3.46568e-15	
      9757.82891	     3.47433e-15	
      9759.72986	     3.54444e-15	
      9761.63082	     3.62806e-15	
      9763.53177	     3.68465e-15	
      9765.43272	     3.67363e-15	
      9767.33367	     3.67052e-15	
      9769.23462	     3.67271e-15	
      9771.13557	     3.65374e-15	
      9773.03652	     3.65224e-15	
      9774.93747	     3.65109e-15	
      9776.83842	     3.58363e-15	
      9778.73937	     3.49496e-15	
      9780.64032	     3.49345e-15	
      9782.54127	     3.52554e-15	
      9784.44222	     3.58472e-15	
      9786.34317	     3.69266e-15	
      9788.24412	     3.88072e-15	
      9790.14507	     4.02728e-15	
      9792.04602	     4.12846e-15	
      9793.94697	     4.26477e-15	
      9795.84792	     4.43962e-15	
      9797.74887	     4.51951e-15	
      9799.64982	     4.50928e-15	
      9801.55078	     4.50655e-15	
      9803.45173	     4.50448e-15	
      9805.35268	     4.60553e-15	
      9807.25363	     4.60110e-15	
      9809.15458	     4.50903e-15	
      9811.05553	     4.37037e-15	
      9812.95648	     4.30862e-15	
      9814.85743	     4.24215e-15	
      9816.75838	     4.19170e-15	
      9818.65933	     4.18545e-15	
      9820.56028	     4.18943e-15	
      9822.46123	     4.21600e-15	
      9824.36218	     4.23957e-15	
      9826.26313	     4.21394e-15	
      9828.16408	     4.13507e-15	
      9830.06503	     4.06226e-15	
      9831.96598	     4.04819e-15	
      9833.86693	     3.99772e-15	
      9835.76788	     3.91775e-15	
      9837.66883	     3.82288e-15	
      9839.56978	     3.76713e-15	
      9841.47074	     3.85748e-15	
      9843.37169	     3.90510e-15	
      9845.27264	     3.83951e-15	
      9847.17359	     3.81369e-15	
      9849.07454	     3.89401e-15	
      9850.97549	     4.07438e-15	
      9852.87644	     4.22573e-15	
      9854.77739	     4.38659e-15	
      9856.67834	     4.54079e-15	
      9858.57929	     4.60605e-15	
      9860.48024	     4.60034e-15	
      9862.38119	     4.57159e-15	
      9864.28214	     4.47858e-15	
      9866.18309	     4.44286e-15	
      9868.08404	     4.55928e-15	
      9869.98499	     4.64116e-15	
      9871.88594	     4.65966e-15	
      9873.78689	     4.55875e-15	
      9875.68784	     4.49793e-15	
      9877.58879	     4.57551e-15	
      9879.48974	     4.69754e-15	
      9881.39070	     4.69149e-15	
      9883.29165	     4.62092e-15	
      9885.19260	     4.49889e-15	
      9887.09355	     4.33425e-15	
      9888.99450	     4.02820e-15	
      9890.89545	     3.64763e-15	
      9892.79640	     3.32758e-15	
      9894.69735	     3.06846e-15	
      9896.59830	     2.89080e-15	
      9898.49925	     2.64914e-15	
      9900.40020	     2.40314e-15	
      9902.30115	     2.24618e-15	
      9904.20210	     2.19851e-15	
      9906.10305	     2.20099e-15	
      9908.00400	     2.14734e-15	
      9909.90495	     2.10490e-15	
      9911.80590	     2.06937e-15	
      9913.70685	     2.11983e-15	
      9915.60780	     2.18345e-15	
      9917.50875	     2.18369e-15	
      9919.40970	     2.14626e-15	
      9921.31066	     2.15648e-15	
      9923.21161	     2.27031e-15	
      9925.11256	     2.42057e-15	
      9927.01351	     2.49108e-15	
      9928.91446	     2.49568e-15	
      9930.81541	     2.63280e-15	
      9932.71636	     2.79452e-15	
      9934.61731	     2.90845e-15	
      9936.51826	     2.95503e-15	
      9938.41921	     2.97659e-15	
      9940.32016	     3.00929e-15	
      9942.22111	     3.06344e-15	
      9944.12206	     3.12208e-15	
      9946.02301	     3.23790e-15	
      9947.92396	     3.32025e-15	
      9949.82491	     3.32523e-15	
      9951.72586	     3.23647e-15	
      9953.62681	     3.11186e-15	
      9955.52776	     3.02388e-15	
      9957.42871	     3.12373e-15	
      9959.32966	     3.30997e-15	
      9961.23062	     3.38184e-15	
      9963.13157	     3.29940e-15	
      9965.03252	     3.03129e-15	
      9966.93347	     2.74079e-15	
      9968.83442	     2.58288e-15	
      9970.73537	     2.60948e-15	
      9972.63632	     2.67185e-15	
      9974.53727	     2.72908e-15	
      9976.43822	     2.72896e-15	
      9978.33917	     2.65768e-15	
      9980.24012	     2.58334e-15	
      9982.14107	     2.50243e-15	
      9984.04202	     2.47191e-15	
      9985.94297	     2.43217e-15	
      9987.84392	     2.41265e-15	
      9989.74487	     2.40616e-15	
      9991.64582	     2.39625e-15	
      9993.54677	     2.49167e-15	
      9995.44772	     2.69213e-15	
      9997.34867	     2.89019e-15	
      9999.24962	     3.05221e-15	
     10001.15058	     3.16654e-15	
     10003.05153	     3.22838e-15	
     10004.95248	     3.12873e-15	
     10006.85343	     3.10580e-15	
     10008.75438	     3.13828e-15	
     10010.65533	     3.24590e-15	
     10012.55628	     3.29561e-15	
     10014.45723	     3.29164e-15	
     10016.35818	     3.26071e-15	
     10018.25913	     3.32808e-15	
     10020.16008	     3.30938e-15	
     10022.06103	     3.23632e-15	
     10023.96198	     3.15239e-15	
     10025.86293	     3.10594e-15	
     10027.76388	     3.05818e-15	
     10029.66483	     2.84515e-15	
     10031.56578	     2.72482e-15	
     10033.46673	     2.69399e-15	
     10035.36768	     2.77021e-15	
     10037.26863	     2.91053e-15	
     10039.16958	     3.04663e-15	
     10041.07054	     3.16175e-15	
     10042.97149	     3.08677e-15	
     10044.87244	     2.85653e-15	
     10046.77339	     2.77454e-15	
     10048.67434	     2.60198e-15	
     10050.57529	     2.57385e-15	
     10052.47624	     2.67209e-15	
     10054.37719	     2.72405e-15	
     10056.27814	     2.77910e-15	
     10058.17909	     2.90562e-15	
     10060.08004	     3.06833e-15	
     10061.98099	     3.30059e-15	
     10063.88194	     3.43502e-15	
     10065.78289	     3.32645e-15	
     10067.68384	     3.15154e-15	
     10069.58479	     3.28874e-15	
     10071.48574	     3.20072e-15	
     10073.38669	     3.18080e-15	
     10075.28764	     3.24978e-15	
     10077.18859	     3.26811e-15	
     10079.08954	     3.26733e-15	
     10080.99050	     3.31494e-15	
     10082.89145	     3.23126e-15	
     10084.79240	     3.13666e-15	
     10086.69335	     3.04124e-15	
     10088.59430	     3.00726e-15	
     10090.49525	     3.12811e-15	
     10092.39620	     3.32562e-15	
     10094.29715	     3.55662e-15	
     10096.19810	     3.73112e-15	
     10098.09905	     3.74922e-15	
     10100.00000	     3.69731e-15	
#time:0.025277
