# Keck LRIS spectra of late-M, L and T dwarfs
# spty = L8  (Spectral type)
#
#     WAVELENGTH	#            FLUX	
#     (ANGSTROM)	#   (ERG/CM2/S/A)	
################	#################	
      6360.00000	      1.16125e-18	
      6361.90095	      6.00792e-19	
      6363.80190	      3.48781e-19	
      6365.70285	      2.31874e-19	
      6367.60380	      3.92750e-19	
      6369.50475	     -5.28629e-20	
      6371.40570	      1.40699e-19	
      6373.30665	      4.14800e-19	
      6375.20760	      9.85645e-19	
      6377.10855	      9.97326e-19	
      6379.00950	      6.81877e-19	
      6380.91045	      2.76364e-19	
      6382.81141	      1.09224e-20	
      6384.71236	      7.16497e-19	
      6386.61331	      3.89852e-19	
      6388.51426	      8.00233e-19	
      6390.41521	      9.18750e-19	
      6392.31616	      5.26042e-19	
      6394.21711	      6.91920e-19	
      6396.11806	      5.10119e-19	
      6398.01901	      5.57065e-19	
      6399.91996	      3.95339e-19	
      6401.82091	      2.27482e-19	
      6403.72186	      7.79040e-19	
      6405.62281	      8.20043e-19	
      6407.52376	      7.10135e-19	
      6409.42471	      7.08916e-19	
      6411.32566	      6.61316e-19	
      6413.22661	      3.57029e-21	
      6415.12756	      4.52323e-20	
      6417.02851	      3.74566e-19	
      6418.92946	      2.07898e-19	
      6420.83041	      7.46506e-19	
      6422.73136	      4.76714e-19	
      6424.63231	      4.39065e-19	
      6426.53327	      7.96610e-19	
      6428.43422	      8.68381e-19	
      6430.33517	      7.39090e-19	
      6432.23612	      1.00778e-18	
      6434.13707	      6.12680e-19	
      6436.03802	      6.35949e-19	
      6437.93897	      1.74230e-19	
      6439.83992	     -1.83918e-20	
      6441.74087	      3.21780e-19	
      6443.64182	      9.51128e-19	
      6445.54277	      8.24809e-19	
      6447.44372	      7.26330e-19	
      6449.34467	      6.02055e-19	
      6451.24562	      2.43629e-19	
      6453.14657	      1.32722e-18	
      6455.04752	      1.38433e-18	
      6456.94847	      1.12937e-18	
      6458.84942	      1.04268e-18	
      6460.75037	      3.33603e-19	
      6462.65132	      2.12206e-19	
      6464.55227	      8.24339e-19	
      6466.45322	      3.11360e-19	
      6468.35417	      1.46355e-19	
      6470.25513	      4.93213e-20	
      6472.15608	      1.20206e-18	
      6474.05703	      1.29178e-18	
      6475.95798	      3.37497e-19	
      6477.85893	      4.94851e-19	
      6479.75988	      2.38913e-19	
      6481.66083	      6.26835e-19	
      6483.56178	      3.38210e-19	
      6485.46273	     -3.20841e-20	
      6487.36368	      4.62961e-19	
      6489.26463	      1.19334e-18	
      6491.16558	      2.54207e-19	
      6493.06653	      4.00112e-19	
      6494.96748	      1.72996e-19	
      6496.86843	      8.94620e-19	
      6498.76938	      5.89308e-19	
      6500.67033	      8.35795e-19	
      6502.57128	      1.44738e-18	
      6504.47223	      7.67460e-19	
      6506.37318	      8.02422e-19	
      6508.27413	      7.45973e-19	
      6510.17508	      4.76758e-19	
      6512.07603	      1.08415e-18	
      6513.97698	      5.03697e-19	
      6515.87794	      5.46630e-19	
      6517.77889	      3.58985e-19	
      6519.67984	      1.03808e-18	
      6521.58079	      1.31076e-18	
      6523.48174	      9.58601e-19	
      6525.38269	      1.15972e-18	
      6527.28364	      7.08239e-19	
      6529.18459	      1.17117e-18	
      6531.08554	      8.63797e-19	
      6532.98649	      9.10974e-19	
      6534.88744	      1.06804e-18	
      6536.78839	      1.60296e-18	
      6538.68934	      1.11872e-18	
      6540.59029	      9.07214e-19	
      6542.49124	      8.66403e-19	
      6544.39219	      1.00008e-18	
      6546.29314	      1.25162e-18	
      6548.19409	      7.78704e-19	
      6550.09504	      1.42159e-18	
      6551.99599	      1.53679e-18	
      6553.89694	      1.31790e-18	
      6555.79789	      8.52983e-19	
      6557.69884	      3.53814e-19	
      6559.59980	      1.27314e-18	
      6561.50075	      1.25631e-18	
      6563.40170	      1.18848e-18	
      6565.30265	      9.96759e-19	
      6567.20360	      1.08718e-18	
      6569.10455	      9.18273e-19	
      6571.00550	      1.01237e-18	
      6572.90645	      9.68434e-19	
      6574.80740	      1.53896e-18	
      6576.70835	      1.78910e-18	
      6578.60930	      1.75196e-18	
      6580.51025	      1.09629e-18	
      6582.41120	      1.07640e-18	
      6584.31215	      1.61467e-18	
      6586.21310	      9.26519e-19	
      6588.11405	      4.82616e-19	
      6590.01500	      9.94153e-19	
      6591.91595	      1.06443e-18	
      6593.81690	      1.14800e-18	
      6595.71785	      6.89717e-19	
      6597.61880	      1.09598e-18	
      6599.51975	      8.90216e-19	
      6601.42070	      7.99253e-19	
      6603.32166	      1.66192e-18	
      6605.22261	      1.33156e-18	
      6607.12356	      1.22498e-18	
      6609.02451	      5.59794e-19	
      6610.92546	      1.16515e-18	
      6612.82641	      1.21367e-18	
      6614.72736	      1.07704e-18	
      6616.62831	      9.56266e-19	
      6618.52926	      1.12842e-18	
      6620.43021	      9.51292e-19	
      6622.33116	      9.26299e-19	
      6624.23211	      6.16154e-19	
      6626.13306	      1.27864e-19	
      6628.03401	      2.37211e-19	
      6629.93496	      5.31670e-19	
      6631.83591	      1.13046e-18	
      6633.73686	      9.52792e-19	
      6635.63781	      8.98171e-19	
      6637.53876	      1.27239e-18	
      6639.43971	      8.98943e-19	
      6641.34066	      1.20566e-18	
      6643.24161	      9.16688e-19	
      6645.14256	      8.99279e-19	
      6647.04352	      6.83114e-19	
      6648.94447	      1.02916e-18	
      6650.84542	      1.59654e-18	
      6652.74637	      1.20997e-18	
      6654.64732	      1.18387e-18	
      6656.54827	      1.65101e-18	
      6658.44922	      1.31108e-18	
      6660.35017	      1.49824e-18	
      6662.25112	      1.28965e-18	
      6664.15207	      1.19389e-18	
      6666.05302	      1.35038e-18	
      6667.95397	      1.36334e-18	
      6669.85492	      1.00304e-18	
      6671.75587	      1.04803e-18	
      6673.65682	      1.01099e-18	
      6675.55777	      1.38320e-18	
      6677.45872	      1.42700e-18	
      6679.35967	      1.07100e-18	
      6681.26062	      6.48218e-19	
      6683.16157	      1.02768e-18	
      6685.06252	      1.17876e-18	
      6686.96347	      8.13464e-19	
      6688.86442	      8.02588e-19	
      6690.76538	      1.31688e-18	
      6692.66633	      8.74703e-19	
      6694.56728	      8.91459e-19	
      6696.46823	      1.20304e-18	
      6698.36918	      1.63860e-18	
      6700.27013	      1.87985e-18	
      6702.17108	      1.63039e-18	
      6704.07203	      1.37120e-18	
      6705.97298	      1.18283e-18	
      6707.87393	      7.95636e-19	
      6709.77488	      2.03273e-19	
      6711.67583	      4.98793e-19	
      6713.57678	      7.47989e-19	
      6715.47773	      7.76128e-19	
      6717.37868	      1.32292e-18	
      6719.27963	      1.50192e-18	
      6721.18058	      6.13453e-19	
      6723.08153	      9.81113e-19	
      6724.98248	      1.55598e-18	
      6726.88343	      1.37560e-18	
      6728.78438	      1.32370e-18	
      6730.68533	      1.60545e-18	
      6732.58628	      1.23383e-18	
      6734.48724	      1.20598e-18	
      6736.38819	      1.19475e-18	
      6738.28914	      1.13040e-18	
      6740.19009	      1.58703e-18	
      6742.09104	      1.55145e-18	
      6743.99199	      1.50390e-18	
      6745.89294	      1.59011e-18	
      6747.79389	      1.78192e-18	
      6749.69484	      1.89278e-18	
      6751.59579	      1.82891e-18	
      6753.49674	      1.80378e-18	
      6755.39769	      1.75653e-18	
      6757.29864	      1.84224e-18	
      6759.19959	      1.77737e-18	
      6761.10054	      1.07962e-18	
      6763.00149	      6.60576e-19	
      6764.90244	      1.45055e-18	
      6766.80339	      1.35018e-18	
      6768.70434	      1.83907e-18	
      6770.60529	      1.93563e-18	
      6772.50624	      2.00225e-18	
      6774.40719	      1.70389e-18	
      6776.30814	      2.29889e-18	
      6778.20910	      2.25460e-18	
      6780.11005	      1.90215e-18	
      6782.01100	      1.84520e-18	
      6783.91195	      1.45244e-18	
      6785.81290	      1.68129e-18	
      6787.71385	      1.81645e-18	
      6789.61480	      1.71333e-18	
      6791.51575	      1.67821e-18	
      6793.41670	      2.23099e-18	
      6795.31765	      1.43129e-18	
      6797.21860	      1.31688e-18	
      6799.11955	      2.04014e-18	
      6801.02050	      1.48974e-18	
      6802.92145	      1.78111e-18	
      6804.82240	      2.16993e-18	
      6806.72335	      1.99632e-18	
      6808.62430	      2.15791e-18	
      6810.52525	      1.73215e-18	
      6812.42620	      9.28270e-19	
      6814.32715	      1.77932e-18	
      6816.22810	      2.39253e-18	
      6818.12905	      2.20759e-18	
      6820.03000	      1.84240e-18	
      6821.93095	      2.07357e-18	
      6823.83191	      1.99719e-18	
      6825.73286	      1.33973e-18	
      6827.63381	      9.92784e-19	
      6829.53476	      1.91769e-18	
      6831.43571	      2.53954e-18	
      6833.33666	      1.97990e-18	
      6835.23761	      1.15347e-18	
      6837.13856	      1.70403e-18	
      6839.03951	      2.46681e-18	
      6840.94046	      2.23678e-18	
      6842.84141	      2.30528e-18	
      6844.74236	      2.44269e-18	
      6846.64331	      2.04025e-18	
      6848.54426	      2.12228e-18	
      6850.44521	      1.85885e-18	
      6852.34616	      1.89971e-18	
      6854.24711	      1.76324e-18	
      6856.14806	      1.74562e-18	
      6858.04901	      2.21593e-18	
      6859.94996	      2.42150e-18	
      6861.85091	      2.09881e-18	
      6863.75186	      1.58183e-18	
      6865.65281	      2.43982e-18	
      6867.55377	      1.98687e-18	
      6869.45472	      1.71406e-18	
      6871.35567	      1.74389e-18	
      6873.25662	      1.19772e-18	
      6875.15757	      1.10208e-18	
      6877.05852	      1.63494e-18	
      6878.95947	      1.49789e-18	
      6880.86042	      1.77526e-18	
      6882.76137	      2.18306e-18	
      6884.66232	      2.27022e-18	
      6886.56327	      2.07936e-18	
      6888.46422	      2.05698e-18	
      6890.36517	      1.33028e-18	
      6892.26612	      2.48512e-18	
      6894.16707	      2.38915e-18	
      6896.06802	      1.65841e-18	
      6897.96897	      1.90638e-18	
      6899.86992	      1.97677e-18	
      6901.77087	      1.96542e-18	
      6903.67182	      2.17217e-18	
      6905.57277	      2.31253e-18	
      6907.47372	      1.66454e-18	
      6909.37467	      2.18613e-18	
      6911.27563	      2.18601e-18	
      6913.17658	      1.86335e-18	
      6915.07753	      1.77966e-18	
      6916.97848	      1.88481e-18	
      6918.87943	      1.84187e-18	
      6920.78038	      2.12917e-18	
      6922.68133	      2.29656e-18	
      6924.58228	      1.74344e-18	
      6926.48323	      1.88896e-18	
      6928.38418	      1.77502e-18	
      6930.28513	      2.13285e-18	
      6932.18608	      1.89811e-18	
      6934.08703	      2.00460e-18	
      6935.98798	      1.78452e-18	
      6937.88893	      2.64582e-18	
      6939.78988	      1.96812e-18	
      6941.69083	      1.85924e-18	
      6943.59178	      2.15238e-18	
      6945.49273	      1.97079e-18	
      6947.39368	      1.94032e-18	
      6949.29463	      1.60220e-18	
      6951.19558	      2.14821e-18	
      6953.09653	      2.15215e-18	
      6954.99749	      1.64561e-18	
      6956.89844	      2.06248e-18	
      6958.79939	      2.19495e-18	
      6960.70034	      1.82426e-18	
      6962.60129	      1.43601e-18	
      6964.50224	      1.36054e-18	
      6966.40319	      1.85482e-18	
      6968.30414	      2.25751e-18	
      6970.20509	      1.70462e-18	
      6972.10604	      2.12502e-18	
      6974.00699	      2.36405e-18	
      6975.90794	      2.17423e-18	
      6977.80889	      1.90327e-18	
      6979.70984	      1.96584e-18	
      6981.61079	      2.56779e-18	
      6983.51174	      2.67773e-18	
      6985.41269	      2.33675e-18	
      6987.31364	      1.91728e-18	
      6989.21459	      2.03587e-18	
      6991.11554	      1.65774e-18	
      6993.01649	      1.73344e-18	
      6994.91744	      2.12657e-18	
      6996.81839	      2.11113e-18	
      6998.71935	      1.88428e-18	
      7000.62030	      2.00914e-18	
      7002.52125	      1.48495e-18	
      7004.42220	      1.70727e-18	
      7006.32315	      2.22266e-18	
      7008.22410	      2.12384e-18	
      7010.12505	      2.05300e-18	
      7012.02600	      2.19349e-18	
      7013.92695	      2.33821e-18	
      7015.82790	      1.92810e-18	
      7017.72885	      1.74673e-18	
      7019.62980	      1.84595e-18	
      7021.53075	      2.39004e-18	
      7023.43170	      1.79467e-18	
      7025.33265	      1.87292e-18	
      7027.23360	      2.07189e-18	
      7029.13455	      1.92150e-18	
      7031.03550	      2.06817e-18	
      7032.93645	      1.99616e-18	
      7034.83740	      1.77936e-18	
      7036.73835	      1.93888e-18	
      7038.63930	      1.97120e-18	
      7040.54025	      2.41510e-18	
      7042.44121	      2.26608e-18	
      7044.34216	      2.60782e-18	
      7046.24311	      2.40617e-18	
      7048.14406	      2.14843e-18	
      7050.04501	      2.11954e-18	
      7051.94596	      2.22826e-18	
      7053.84691	      2.65502e-18	
      7055.74786	      2.22438e-18	
      7057.64881	      2.16498e-18	
      7059.54976	      2.46274e-18	
      7061.45071	      2.33190e-18	
      7063.35166	      2.08476e-18	
      7065.25261	      2.10492e-18	
      7067.15356	      1.75582e-18	
      7069.05451	      2.11856e-18	
      7070.95546	      1.98951e-18	
      7072.85641	      2.41322e-18	
      7074.75736	      2.28261e-18	
      7076.65831	      1.90393e-18	
      7078.55926	      2.18694e-18	
      7080.46021	      2.42645e-18	
      7082.36116	      2.33495e-18	
      7084.26211	      2.37556e-18	
      7086.16306	      2.16310e-18	
      7088.06402	      2.34982e-18	
      7089.96497	      2.28485e-18	
      7091.86592	      1.97671e-18	
      7093.76687	      2.16470e-18	
      7095.66782	      2.57526e-18	
      7097.56877	      2.37728e-18	
      7099.46972	      2.45390e-18	
      7101.37067	      2.29876e-18	
      7103.27162	      1.97965e-18	
      7105.17257	      1.98104e-18	
      7107.07352	      1.99404e-18	
      7108.97447	      2.33076e-18	
      7110.87542	      2.45634e-18	
      7112.77637	      2.51313e-18	
      7114.67732	      2.12154e-18	
      7116.57827	      2.55735e-18	
      7118.47922	      2.05242e-18	
      7120.38017	      1.93655e-18	
      7122.28112	      2.59882e-18	
      7124.18207	      2.38577e-18	
      7126.08302	      2.19490e-18	
      7127.98397	      2.48146e-18	
      7129.88492	      2.57512e-18	
      7131.78588	      2.25888e-18	
      7133.68683	      2.52590e-18	
      7135.58778	      2.39007e-18	
      7137.48873	      2.58475e-18	
      7139.38968	      2.51628e-18	
      7141.29063	      2.39620e-18	
      7143.19158	      1.64995e-18	
      7145.09253	      2.43398e-18	
      7146.99348	      2.37758e-18	
      7148.89443	      2.07966e-18	
      7150.79538	      2.56648e-18	
      7152.69633	      2.41987e-18	
      7154.59728	      2.56724e-18	
      7156.49823	      2.87428e-18	
      7158.39918	      2.70573e-18	
      7160.30013	      2.74431e-18	
      7162.20108	      2.61755e-18	
      7164.10203	      2.25434e-18	
      7166.00298	      2.17740e-18	
      7167.90393	      2.75177e-18	
      7169.80488	      2.64443e-18	
      7171.70583	      2.55656e-18	
      7173.60678	      2.68387e-18	
      7175.50774	      2.75162e-18	
      7177.40869	      2.40866e-18	
      7179.30964	      2.29832e-18	
      7181.21059	      3.02322e-18	
      7183.11154	      2.55372e-18	
      7185.01249	      2.43608e-18	
      7186.91344	      2.44655e-18	
      7188.81439	      2.45399e-18	
      7190.71534	      2.46827e-18	
      7192.61629	      2.46936e-18	
      7194.51724	      2.50586e-18	
      7196.41819	      2.85632e-18	
      7198.31914	      2.23190e-18	
      7200.22009	      2.36541e-18	
      7202.12104	      2.70672e-18	
      7204.02199	      2.54929e-18	
      7205.92294	      2.56585e-18	
      7207.82389	      2.74074e-18	
      7209.72484	      2.50880e-18	
      7211.62579	      2.59499e-18	
      7213.52674	      2.94349e-18	
      7215.42769	      2.48181e-18	
      7217.32864	      2.30199e-18	
      7219.22960	      2.35348e-18	
      7221.13055	      2.23541e-18	
      7223.03150	      2.49436e-18	
      7224.93245	      2.37308e-18	
      7226.83340	      2.10541e-18	
      7228.73435	      2.41818e-18	
      7230.63530	      2.68987e-18	
      7232.53625	      2.62537e-18	
      7234.43720	      2.21636e-18	
      7236.33815	      2.68224e-18	
      7238.23910	      3.21375e-18	
      7240.14005	      4.57613e-18	
      7242.04100	      3.37480e-18	
      7243.94195	      2.43236e-18	
      7245.84290	      2.65989e-18	
      7247.74385	      2.99709e-18	
      7249.64480	      2.65016e-18	
      7251.54575	      2.92469e-18	
      7253.44670	      2.80362e-18	
      7255.34765	      2.79780e-18	
      7257.24860	      2.82194e-18	
      7259.14955	      2.90775e-18	
      7261.05050	      2.69646e-18	
      7262.95146	      2.50563e-18	
      7264.85241	      2.46141e-18	
      7266.75336	      2.46643e-18	
      7268.65431	      2.33699e-18	
      7270.55526	      2.53160e-18	
      7272.45621	      2.41672e-18	
      7274.35716	      3.27222e-18	
      7276.25811	      3.32851e-18	
      7278.15906	      2.42859e-18	
      7280.06001	      2.08219e-18	
      7281.96096	      2.98087e-18	
      7283.86191	      2.73839e-18	
      7285.76286	      1.96860e-18	
      7287.66381	      2.81143e-18	
      7289.56476	      2.51912e-18	
      7291.46571	      1.92390e-18	
      7293.36666	      2.84372e-18	
      7295.26761	      2.50914e-18	
      7297.16856	      2.28029e-18	
      7299.06951	      2.32522e-18	
      7300.97046	      2.37170e-18	
      7302.87141	      2.30333e-18	
      7304.77236	      2.19423e-18	
      7306.67332	      2.09563e-18	
      7308.57427	      2.14625e-18	
      7310.47522	      2.77836e-18	
      7312.37617	      3.24172e-18	
      7314.27712	      3.84004e-18	
      7316.17807	      2.54592e-18	
      7318.07902	      1.79259e-18	
      7319.97997	      2.60126e-18	
      7321.88092	      2.44213e-18	
      7323.78187	      1.87310e-18	
      7325.68282	      2.13339e-18	
      7327.58377	      2.64112e-18	
      7329.48472	      2.56556e-18	
      7331.38567	      2.26574e-18	
      7333.28662	      2.19811e-18	
      7335.18757	      2.41564e-18	
      7337.08852	      2.10489e-18	
      7338.98947	      1.58810e-18	
      7340.89042	      2.21910e-18	
      7342.79137	      2.70337e-18	
      7344.69232	      2.80946e-18	
      7346.59327	      2.85876e-18	
      7348.49422	      2.42602e-18	
      7350.39517	      2.22282e-18	
      7352.29613	      2.35055e-18	
      7354.19708	      2.25973e-18	
      7356.09803	      2.02217e-18	
      7357.99898	      1.71563e-18	
      7359.89993	      1.84222e-18	
      7361.80088	      2.54130e-18	
      7363.70183	      2.28894e-18	
      7365.60278	      2.00151e-18	
      7367.50373	      2.97455e-18	
      7369.40468	      2.65482e-18	
      7371.30563	      2.40657e-18	
      7373.20658	      2.73100e-18	
      7375.10753	      2.35441e-18	
      7377.00848	      1.89071e-18	
      7378.90943	      2.28795e-18	
      7380.81038	      2.23581e-18	
      7382.71133	      2.14563e-18	
      7384.61228	      1.95845e-18	
      7386.51323	      1.78852e-18	
      7388.41418	      2.58500e-18	
      7390.31513	      2.14118e-18	
      7392.21608	      1.83857e-18	
      7394.11703	      2.13524e-18	
      7396.01799	      1.83352e-18	
      7397.91894	      1.93370e-18	
      7399.81989	      2.34171e-18	
      7401.72084	      2.27389e-18	
      7403.62179	      2.38370e-18	
      7405.52274	      2.65763e-18	
      7407.42369	      2.37299e-18	
      7409.32464	      1.90584e-18	
      7411.22559	      2.47671e-18	
      7413.12654	      2.05536e-18	
      7415.02749	      2.08359e-18	
      7416.92844	      2.25283e-18	
      7418.82939	      1.71508e-18	
      7420.73034	      2.04746e-18	
      7422.63129	      2.24650e-18	
      7424.53224	      2.42666e-18	
      7426.43319	      2.12277e-18	
      7428.33414	      1.98784e-18	
      7430.23509	      2.12985e-18	
      7432.13604	      1.80270e-18	
      7434.03699	      1.92399e-18	
      7435.93794	      2.09669e-18	
      7437.83889	      2.16742e-18	
      7439.73985	      2.27742e-18	
      7441.64080	      2.78954e-18	
      7443.54175	      2.19580e-18	
      7445.44270	      1.97367e-18	
      7447.34365	      2.14754e-18	
      7449.24460	      2.09758e-18	
      7451.14555	      1.87680e-18	
      7453.04650	      2.12142e-18	
      7454.94745	      1.97346e-18	
      7456.84840	      1.54221e-18	
      7458.74935	      1.85462e-18	
      7460.65030	      2.12620e-18	
      7462.55125	      1.61336e-18	
      7464.45220	      2.39273e-18	
      7466.35315	      2.16811e-18	
      7468.25410	      2.74545e-18	
      7470.15505	      2.51533e-18	
      7472.05600	      2.35551e-18	
      7473.95695	      1.81330e-18	
      7475.85790	      2.17711e-18	
      7477.75885	      2.12257e-18	
      7479.65980	      1.88806e-18	
      7481.56075	      1.78481e-18	
      7483.46171	      1.82215e-18	
      7485.36266	      1.60321e-18	
      7487.26361	      2.01346e-18	
      7489.16456	      1.86581e-18	
      7491.06551	      2.32709e-18	
      7492.96646	      1.69182e-18	
      7494.86741	      1.43601e-18	
      7496.76836	      1.51907e-18	
      7498.66931	      1.47286e-18	
      7500.57026	      2.07936e-18	
      7502.47121	      2.24791e-18	
      7504.37216	      1.64804e-18	
      7506.27311	      1.73520e-18	
      7508.17406	      1.66133e-18	
      7510.07501	      1.42812e-18	
      7511.97596	      1.99539e-18	
      7513.87691	      2.74076e-18	
      7515.77786	      1.81478e-18	
      7517.67881	      1.57109e-18	
      7519.57976	      1.32686e-18	
      7521.48071	      1.46604e-18	
      7523.38166	      1.50451e-18	
      7525.28261	      2.22112e-18	
      7527.18357	      2.06710e-18	
      7529.08452	      2.31147e-18	
      7530.98547	      1.95354e-18	
      7532.88642	      1.10069e-18	
      7534.78737	      1.69997e-18	
      7536.68832	      1.91040e-18	
      7538.58927	      1.92713e-18	
      7540.49022	      1.64691e-18	
      7542.39117	      9.70601e-19	
      7544.29212	      1.24648e-18	
      7546.19307	      1.39250e-18	
      7548.09402	      1.55077e-18	
      7549.99497	      1.72874e-18	
      7551.89592	      1.62907e-18	
      7553.79687	      1.69827e-18	
      7555.69782	      1.28351e-18	
      7557.59877	      1.79716e-18	
      7559.49972	      2.47572e-18	
      7561.40067	      1.80057e-18	
      7563.30162	      1.87245e-18	
      7565.20257	      1.37843e-18	
      7567.10352	      1.18041e-18	
      7569.00447	      1.54689e-18	
      7570.90543	      1.77445e-18	
      7572.80638	      2.08856e-18	
      7574.70733	      7.59841e-19	
      7576.60828	      9.76365e-19	
      7578.50923	      1.10198e-18	
      7580.41018	      1.23133e-18	
      7582.31113	      1.30059e-18	
      7584.21208	      1.87534e-18	
      7586.11303	      1.52790e-18	
      7588.01398	      8.72211e-19	
      7589.91493	      7.11900e-19	
      7591.81588	      7.76996e-19	
      7593.71683	      1.45751e-18	
      7595.61778	      1.35693e-18	
      7597.51873	      7.46060e-19	
      7599.41968	      6.36731e-19	
      7601.32063	      6.17352e-19	
      7603.22158	      7.26394e-19	
      7605.12253	      3.76262e-19	
      7607.02348	      3.66113e-19	
      7608.92443	      5.56262e-19	
      7610.82538	      5.01071e-19	
      7612.72633	      6.99764e-19	
      7614.62729	      8.29122e-19	
      7616.52824	      3.36272e-19	
      7618.42919	      2.57569e-19	
      7620.33014	      2.99141e-19	
      7622.23109	      1.02381e-18	
      7624.13204	      4.45798e-19	
      7626.03299	      8.34588e-19	
      7627.93394	      8.36444e-19	
      7629.83489	      4.64093e-19	
      7631.73584	      3.59369e-19	
      7633.63679	      5.50875e-19	
      7635.53774	      6.37090e-19	
      7637.43869	      9.15276e-19	
      7639.33964	      6.61613e-19	
      7641.24059	      2.06895e-19	
      7643.14154	      9.04459e-20	
      7645.04249	      1.83965e-19	
      7646.94344	      1.11411e-19	
      7648.84439	      5.53740e-20	
      7650.74534	      4.57196e-19	
      7652.64629	      4.97368e-19	
      7654.54724	      1.85341e-19	
      7656.44819	     -1.74166e-19	
      7658.34914	      1.83361e-19	
      7660.25010	     -6.61770e-20	
      7662.15105	      2.47484e-19	
      7664.05200	      5.69450e-19	
      7665.95295	      2.79404e-19	
      7667.85390	      5.60206e-19	
      7669.75485	      2.99933e-20	
      7671.65580	      5.69480e-19	
      7673.55675	      3.71853e-19	
      7675.45770	      2.26778e-19	
      7677.35865	     -4.69555e-20	
      7679.25960	      4.08943e-19	
      7681.16055	      4.97993e-19	
      7683.06150	      1.21259e-19	
      7684.96245	      2.88011e-19	
      7686.86340	      3.58411e-19	
      7688.76435	      8.07250e-20	
      7690.66530	     -1.18578e-19	
      7692.56625	      1.59477e-19	
      7694.46720	      2.11179e-19	
      7696.36815	     -3.00073e-19	
      7698.26910	     -1.27785e-19	
      7700.17005	      4.33210e-19	
      7702.07100	      6.54427e-21	
      7703.97196	      4.38875e-19	
      7705.87291	      5.22810e-19	
      7707.77386	      1.60623e-19	
      7709.67481	     -4.79716e-20	
      7711.57576	      6.16973e-19	
      7713.47671	      5.43908e-19	
      7715.37766	     -8.37713e-20	
      7717.27861	      5.30330e-19	
      7719.17956	      7.20246e-19	
      7721.08051	      8.72080e-19	
      7722.98146	      7.07825e-19	
      7724.88241	      5.20996e-19	
      7726.78336	      5.62288e-19	
      7728.68431	      6.79343e-19	
      7730.58526	      4.84939e-19	
      7732.48621	      6.72335e-19	
      7734.38716	      5.56588e-19	
      7736.28811	      2.16546e-19	
      7738.18906	      4.83619e-19	
      7740.09001	      6.46149e-19	
      7741.99096	      9.14579e-19	
      7743.89191	      5.63889e-19	
      7745.79286	      8.99887e-19	
      7747.69382	      1.82784e-18	
      7749.59477	      2.44139e-18	
      7751.49572	      2.06219e-18	
      7753.39667	      2.45190e-18	
      7755.29762	      1.57959e-18	
      7757.19857	      1.58908e-18	
      7759.09952	      1.73998e-18	
      7761.00047	      1.13280e-18	
      7762.90142	      1.55473e-18	
      7764.80237	      1.02078e-18	
      7766.70332	      8.52132e-19	
      7768.60427	      1.27017e-18	
      7770.50522	      9.05750e-19	
      7772.40617	      5.03227e-19	
      7774.30712	      1.41994e-18	
      7776.20807	      1.50522e-18	
      7778.10902	      1.20038e-18	
      7780.00997	      1.85857e-18	
      7781.91092	      1.96536e-18	
      7783.81187	      1.88591e-18	
      7785.71282	      1.47089e-18	
      7787.61377	      1.95792e-18	
      7789.51472	      1.72059e-18	
      7791.41568	      9.45151e-19	
      7793.31663	      1.17967e-18	
      7795.21758	      6.29210e-19	
      7797.11853	      1.03047e-18	
      7799.01948	      1.64769e-18	
      7800.92043	      8.40013e-19	
      7802.82138	      8.30330e-19	
      7804.72233	      4.91270e-19	
      7806.62328	      1.34837e-18	
      7808.52423	      1.89326e-18	
      7810.42518	      2.08937e-18	
      7812.32613	      2.26195e-18	
      7814.22708	      2.55281e-18	
      7816.12803	      2.29869e-18	
      7818.02898	      3.28839e-18	
      7819.92993	      3.33649e-18	
      7821.83088	      3.26176e-18	
      7823.73183	      2.66932e-18	
      7825.63278	      2.00791e-18	
      7827.53373	      2.15167e-18	
      7829.43468	      2.52639e-18	
      7831.33563	      2.60717e-18	
      7833.23658	      2.13330e-18	
      7835.13754	      2.22632e-18	
      7837.03849	      2.09500e-18	
      7838.93944	      2.16704e-18	
      7840.84039	      2.41209e-18	
      7842.74134	      2.08297e-18	
      7844.64229	      2.18084e-18	
      7846.54324	      2.77468e-18	
      7848.44419	      3.83736e-18	
      7850.34514	      3.55593e-18	
      7852.24609	      3.06342e-18	
      7854.14704	      1.96492e-18	
      7856.04799	      2.76965e-18	
      7857.94894	      2.32092e-18	
      7859.84989	      2.18728e-18	
      7861.75084	      2.26414e-18	
      7863.65179	      2.34630e-18	
      7865.55274	      2.29936e-18	
      7867.45369	      1.83091e-18	
      7869.35464	      1.45070e-18	
      7871.25559	      2.44595e-18	
      7873.15654	      3.48296e-18	
      7875.05749	      3.39438e-18	
      7876.95844	      3.77029e-18	
      7878.85940	      2.93436e-18	
      7880.76035	      3.37821e-18	
      7882.66130	      3.58693e-18	
      7884.56225	      3.09184e-18	
      7886.46320	      3.73122e-18	
      7888.36415	      3.72280e-18	
      7890.26510	      4.01740e-18	
      7892.16605	      2.91713e-18	
      7894.06700	      3.73628e-18	
      7895.96795	      3.94550e-18	
      7897.86890	      3.74724e-18	
      7899.76985	      3.76829e-18	
      7901.67080	      3.98282e-18	
      7903.57175	      3.57371e-18	
      7905.47270	      3.74479e-18	
      7907.37365	      4.84154e-18	
      7909.27460	      5.30666e-18	
      7911.17555	      4.52166e-18	
      7913.07650	      5.59035e-18	
      7914.97745	      5.29286e-18	
      7916.87840	      4.33277e-18	
      7918.77935	      5.70167e-18	
      7920.68030	      4.39898e-18	
      7922.58125	      3.92359e-18	
      7924.48221	      3.99210e-18	
      7926.38316	      4.49101e-18	
      7928.28411	      3.98347e-18	
      7930.18506	      4.11295e-18	
      7932.08601	      4.08442e-18	
      7933.98696	      3.94440e-18	
      7935.88791	      4.07061e-18	
      7937.78886	      3.83407e-18	
      7939.68981	      3.94150e-18	
      7941.59076	      3.74896e-18	
      7943.49171	      2.99823e-18	
      7945.39266	      2.08534e-18	
      7947.29361	      2.16150e-18	
      7949.19456	      2.50494e-18	
      7951.09551	      2.37581e-18	
      7952.99646	      3.24988e-18	
      7954.89741	      3.63164e-18	
      7956.79836	      3.95667e-18	
      7958.69931	      4.09343e-18	
      7960.60026	      5.92495e-18	
      7962.50121	      5.94199e-18	
      7964.40216	      4.65633e-18	
      7966.30311	      4.69160e-18	
      7968.20407	      5.57540e-18	
      7970.10502	      5.54715e-18	
      7972.00597	      4.88577e-18	
      7973.90692	      5.18643e-18	
      7975.80787	      5.49853e-18	
      7977.70882	      5.23757e-18	
      7979.60977	      4.95960e-18	
      7981.51072	      5.91250e-18	
      7983.41167	      5.41256e-18	
      7985.31262	      4.91127e-18	
      7987.21357	      6.15841e-18	
      7989.11452	      6.94860e-18	
      7991.01547	      5.42836e-18	
      7992.91642	      6.65607e-18	
      7994.81737	      7.14682e-18	
      7996.71832	      6.61313e-18	
      7998.61927	      6.08092e-18	
      8000.52022	      5.56715e-18	
      8002.42117	      5.60398e-18	
      8004.32212	      5.24185e-18	
      8006.22307	      5.82446e-18	
      8008.12402	      6.15571e-18	
      8010.02497	      5.32559e-18	
      8011.92593	      6.00317e-18	
      8013.82688	      6.25236e-18	
      8015.72783	      6.04152e-18	
      8017.62878	      6.11529e-18	
      8019.52973	      5.36157e-18	
      8021.43068	      6.09284e-18	
      8023.33163	      6.53878e-18	
      8025.23258	      6.97075e-18	
      8027.13353	      6.99709e-18	
      8029.03448	      6.50138e-18	
      8030.93543	      6.50078e-18	
      8032.83638	      6.29245e-18	
      8034.73733	      6.38882e-18	
      8036.63828	      6.15606e-18	
      8038.53923	      6.21813e-18	
      8040.44018	      6.15880e-18	
      8042.34113	      6.42244e-18	
      8044.24208	      6.84328e-18	
      8046.14303	      6.64971e-18	
      8048.04398	      6.27213e-18	
      8049.94493	      6.68849e-18	
      8051.84588	      6.48142e-18	
      8053.74683	      6.45463e-18	
      8055.64779	      6.85527e-18	
      8057.54874	      6.55529e-18	
      8059.44969	      6.30074e-18	
      8061.35064	      6.93254e-18	
      8063.25159	      6.86216e-18	
      8065.15254	      7.03152e-18	
      8067.05349	      6.61383e-18	
      8068.95444	      6.51972e-18	
      8070.85539	      7.15596e-18	
      8072.75634	      7.02134e-18	
      8074.65729	      7.16590e-18	
      8076.55824	      7.08198e-18	
      8078.45919	      6.95315e-18	
      8080.36014	      7.35620e-18	
      8082.26109	      7.58981e-18	
      8084.16204	      7.72232e-18	
      8086.06299	      7.96231e-18	
      8087.96394	      7.18279e-18	
      8089.86489	      6.88362e-18	
      8091.76584	      6.89962e-18	
      8093.66679	      7.08020e-18	
      8095.56774	      7.36237e-18	
      8097.46869	      7.76588e-18	
      8099.36965	      7.83663e-18	
      8101.27060	      8.28902e-18	
      8103.17155	      7.88619e-18	
      8105.07250	      7.70533e-18	
      8106.97345	      7.79722e-18	
      8108.87440	      7.96119e-18	
      8110.77535	      7.74989e-18	
      8112.67630	      7.82813e-18	
      8114.57725	      7.82818e-18	
      8116.47820	      8.55623e-18	
      8118.37915	      8.32719e-18	
      8120.28010	      8.84578e-18	
      8122.18105	      8.96141e-18	
      8124.08200	      8.27101e-18	
      8125.98295	      8.26372e-18	
      8127.88390	      8.49912e-18	
      8129.78485	      8.06271e-18	
      8131.68580	      8.37870e-18	
      8133.58675	      8.23001e-18	
      8135.48770	      8.85447e-18	
      8137.38865	      8.52288e-18	
      8139.28960	      9.00373e-18	
      8141.19055	      8.72631e-18	
      8143.09151	      9.30864e-18	
      8144.99246	      9.71280e-18	
      8146.89341	      8.75200e-18	
      8148.79436	      9.13662e-18	
      8150.69531	      8.89258e-18	
      8152.59626	      9.35083e-18	
      8154.49721	      9.19284e-18	
      8156.39816	      9.87412e-18	
      8158.29911	      9.90481e-18	
      8160.20006	      9.57032e-18	
      8162.10101	      9.23846e-18	
      8164.00196	      9.29007e-18	
      8165.90291	      9.36171e-18	
      8167.80386	      9.63144e-18	
      8169.70481	      9.86001e-18	
      8171.60576	      9.90170e-18	
      8173.50671	      9.90897e-18	
      8175.40766	      1.01617e-17	
      8177.30861	      9.96119e-18	
      8179.20956	      9.66700e-18	
      8181.11051	      9.50945e-18	
      8183.01146	      9.46063e-18	
      8184.91241	      8.60380e-18	
      8186.81336	      9.06053e-18	
      8188.71432	      9.51186e-18	
      8190.61527	      9.58098e-18	
      8192.51622	      9.89522e-18	
      8194.41717	      9.10742e-18	
      8196.31812	      9.07362e-18	
      8198.21907	      9.59959e-18	
      8200.12002	      1.02126e-17	
      8202.02097	      1.07142e-17	
      8203.92192	      1.13850e-17	
      8205.82287	      1.11908e-17	
      8207.72382	      1.08191e-17	
      8209.62477	      1.05391e-17	
      8211.52572	      1.10121e-17	
      8213.42667	      1.08948e-17	
      8215.32762	      1.04955e-17	
      8217.22857	      1.15896e-17	
      8219.12952	      1.16759e-17	
      8221.03047	      1.10223e-17	
      8222.93142	      1.07879e-17	
      8224.83237	      1.09907e-17	
      8226.73332	      1.08825e-17	
      8228.63427	      1.05764e-17	
      8230.53522	      1.03560e-17	
      8232.43618	      1.09163e-17	
      8234.33713	      1.18466e-17	
      8236.23808	      1.16066e-17	
      8238.13903	      1.13489e-17	
      8240.03998	      1.16574e-17	
      8241.94093	      1.24613e-17	
      8243.84188	      1.23048e-17	
      8245.74283	      1.22046e-17	
      8247.64378	      1.24285e-17	
      8249.54473	      1.22352e-17	
      8251.44568	      1.25379e-17	
      8253.34663	      1.29348e-17	
      8255.24758	      1.27363e-17	
      8257.14853	      1.30317e-17	
      8259.04948	      1.32577e-17	
      8260.95043	      1.26861e-17	
      8262.85138	      1.22247e-17	
      8264.75233	      1.23242e-17	
      8266.65328	      1.28581e-17	
      8268.55423	      1.25711e-17	
      8270.45518	      1.25275e-17	
      8272.35613	      1.31930e-17	
      8274.25708	      1.28726e-17	
      8276.15804	      1.33062e-17	
      8278.05899	      1.27628e-17	
      8279.95994	      1.26193e-17	
      8281.86089	      1.33781e-17	
      8283.76184	      1.41222e-17	
      8285.66279	      1.48230e-17	
      8287.56374	      1.39804e-17	
      8289.46469	      1.40989e-17	
      8291.36564	      1.46878e-17	
      8293.26659	      1.51927e-17	
      8295.16754	      1.36246e-17	
      8297.06849	      1.45083e-17	
      8298.96944	      1.38045e-17	
      8300.87039	      1.42111e-17	
      8302.77134	      1.35872e-17	
      8304.67229	      1.31887e-17	
      8306.57324	      1.38871e-17	
      8308.47419	      1.44654e-17	
      8310.37514	      1.49205e-17	
      8312.27609	      1.49982e-17	
      8314.17704	      1.47390e-17	
      8316.07799	      1.48394e-17	
      8317.97894	      1.48109e-17	
      8319.87990	      1.47309e-17	
      8321.78085	      1.49439e-17	
      8323.68180	      1.46854e-17	
      8325.58275	      1.50228e-17	
      8327.48370	      1.49828e-17	
      8329.38465	      1.51116e-17	
      8331.28560	      1.45185e-17	
      8333.18655	      1.45946e-17	
      8335.08750	      1.46147e-17	
      8336.98845	      1.39470e-17	
      8338.88940	      1.68403e-17	
      8340.79035	      2.02755e-17	
      8342.69130	      2.00625e-17	
      8344.59225	      1.98991e-17	
      8346.49320	      1.72526e-17	
      8348.39415	      1.70959e-17	
      8350.29510	      1.66717e-17	
      8352.19605	      1.65364e-17	
      8354.09700	      1.65079e-17	
      8355.99795	      1.60654e-17	
      8357.89890	      1.60508e-17	
      8359.79985	      1.59473e-17	
      8361.70080	      1.60673e-17	
      8363.60176	      1.57052e-17	
      8365.50271	      1.58152e-17	
      8367.40366	      1.62782e-17	
      8369.30461	      1.63574e-17	
      8371.20556	      1.58689e-17	
      8373.10651	      1.55273e-17	
      8375.00746	      1.58534e-17	
      8376.90841	      1.71538e-17	
      8378.80936	      1.71950e-17	
      8380.71031	      1.66187e-17	
      8382.61126	      1.72893e-17	
      8384.51221	      1.71524e-17	
      8386.41316	      1.69232e-17	
      8388.31411	      1.70909e-17	
      8390.21506	      1.72330e-17	
      8392.11601	      1.72431e-17	
      8394.01696	      1.66278e-17	
      8395.91791	      1.61956e-17	
      8397.81886	      1.75787e-17	
      8399.71981	      1.86872e-17	
      8401.62076	      1.85517e-17	
      8403.52171	      1.82867e-17	
      8405.42266	      1.81830e-17	
      8407.32362	      1.79440e-17	
      8409.22457	      1.82564e-17	
      8411.12552	      1.90718e-17	
      8413.02647	      1.96120e-17	
      8414.92742	      1.81185e-17	
      8416.82837	      1.84845e-17	
      8418.72932	      1.89616e-17	
      8420.63027	      1.84170e-17	
      8422.53122	      1.88692e-17	
      8424.43217	      1.84228e-17	
      8426.33312	      1.89471e-17	
      8428.23407	      1.94729e-17	
      8430.13502	      2.02643e-17	
      8432.03597	      2.05377e-17	
      8433.93692	      1.89278e-17	
      8435.83787	      1.94038e-17	
      8437.73882	      1.94219e-17	
      8439.63977	      1.91041e-17	
      8441.54072	      1.91628e-17	
      8443.44167	      1.94399e-17	
      8445.34262	      1.88608e-17	
      8447.24357	      2.07461e-17	
      8449.14452	      2.07703e-17	
      8451.04548	      2.04646e-17	
      8452.94643	      2.00453e-17	
      8454.84738	      1.95989e-17	
      8456.74833	      1.96049e-17	
      8458.64928	      1.95482e-17	
      8460.55023	      1.88344e-17	
      8462.45118	      1.66135e-17	
      8464.35213	      1.72239e-17	
      8466.25308	      1.90128e-17	
      8468.15403	      2.02004e-17	
      8470.05498	      2.17337e-17	
      8471.95593	      2.12509e-17	
      8473.85688	      2.19159e-17	
      8475.75783	      2.16386e-17	
      8477.65878	      2.07952e-17	
      8479.55973	      2.05718e-17	
      8481.46068	      2.15123e-17	
      8483.36163	      2.12076e-17	
      8485.26258	      2.03774e-17	
      8487.16353	      2.03189e-17	
      8489.06448	      2.04863e-17	
      8490.96543	      2.22415e-17	
      8492.86638	      2.15265e-17	
      8494.76733	      2.06652e-17	
      8496.66829	      2.13674e-17	
      8498.56924	      2.13935e-17	
      8500.47019	      2.16632e-17	
      8502.37114	      2.03742e-17	
      8504.27209	      2.11308e-17	
      8506.17304	      2.11348e-17	
      8508.07399	      2.13406e-17	
      8509.97494	      2.04280e-17	
      8511.87589	      2.00020e-17	
      8513.77684	      1.92297e-17	
      8515.67779	      1.75226e-17	
      8517.57874	      1.44849e-17	
      8519.47969	      1.12269e-17	
      8521.38064	      9.22523e-18	
      8523.28159	      9.69264e-18	
      8525.18254	      1.31568e-17	
      8527.08349	      1.70332e-17	
      8528.98444	      1.91652e-17	
      8530.88539	      2.07716e-17	
      8532.78634	      2.20035e-17	
      8534.68729	      2.27768e-17	
      8536.58824	      2.31666e-17	
      8538.48919	      2.40096e-17	
      8540.39015	      2.39908e-17	
      8542.29110	      2.38164e-17	
      8544.19205	      2.46036e-17	
      8546.09300	      2.51066e-17	
      8547.99395	      2.45284e-17	
      8549.89490	      2.37526e-17	
      8551.79585	      2.39740e-17	
      8553.69680	      2.39731e-17	
      8555.59775	      2.36401e-17	
      8557.49870	      2.41625e-17	
      8559.39965	      2.39660e-17	
      8561.30060	      2.40324e-17	
      8563.20155	      2.39187e-17	
      8565.10250	      2.36794e-17	
      8567.00345	      2.43938e-17	
      8568.90440	      2.51003e-17	
      8570.80535	      2.51154e-17	
      8572.70630	      2.44981e-17	
      8574.60725	      2.36081e-17	
      8576.50820	      2.47799e-17	
      8578.40915	      2.53320e-17	
      8580.31010	      2.59580e-17	
      8582.21105	      2.62849e-17	
      8584.11201	      2.54566e-17	
      8586.01296	      2.55671e-17	
      8587.91391	      2.49894e-17	
      8589.81486	      2.56925e-17	
      8591.71581	      2.53314e-17	
      8593.61676	      2.53863e-17	
      8595.51771	      2.50888e-17	
      8597.41866	      2.50790e-17	
      8599.31961	      2.51413e-17	
      8601.22056	      2.48615e-17	
      8603.12151	      2.50088e-17	
      8605.02246	      2.58019e-17	
      8606.92341	      2.52195e-17	
      8608.82436	      2.53058e-17	
      8610.72531	      2.29212e-17	
      8612.62626	      2.04928e-17	
      8614.52721	      1.98478e-17	
      8616.42816	      1.92365e-17	
      8618.32911	      1.94590e-17	
      8620.23006	      2.03078e-17	
      8622.13101	      2.05808e-17	
      8624.03196	      2.12446e-17	
      8625.93291	      2.08405e-17	
      8627.83387	      2.08379e-17	
      8629.73482	      2.17484e-17	
      8631.63577	      2.00990e-17	
      8633.53672	      1.95629e-17	
      8635.43767	      1.91036e-17	
      8637.33862	      2.02640e-17	
      8639.23957	      2.08458e-17	
      8641.14052	      2.01570e-17	
      8643.04147	      2.10616e-17	
      8644.94242	      2.14988e-17	
      8646.84337	      2.14590e-17	
      8648.74432	      2.12130e-17	
      8650.64527	      2.27958e-17	
      8652.54622	      2.30252e-17	
      8654.44717	      2.27534e-17	
      8656.34812	      2.32627e-17	
      8658.24907	      2.25581e-17	
      8660.15002	      2.41636e-17	
      8662.05097	      2.45727e-17	
      8663.95192	      2.39092e-17	
      8665.85287	      2.42825e-17	
      8667.75382	      2.45378e-17	
      8669.65477	      2.41739e-17	
      8671.55573	      2.34801e-17	
      8673.45668	      2.36711e-17	
      8675.35763	      2.40995e-17	
      8677.25858	      2.54124e-17	
      8679.15953	      2.49506e-17	
      8681.06048	      2.44434e-17	
      8682.96143	      2.41273e-17	
      8684.86238	      2.42911e-17	
      8686.76333	      2.52590e-17	
      8688.66428	      2.58282e-17	
      8690.56523	      2.57516e-17	
      8692.46618	      2.43467e-17	
      8694.36713	      2.32899e-17	
      8696.26808	      2.24078e-17	
      8698.16903	      2.22270e-17	
      8700.06998	      2.28731e-17	
      8701.97093	      2.34101e-17	
      8703.87188	      2.29987e-17	
      8705.77283	      2.21792e-17	
      8707.67378	      2.21812e-17	
      8709.57473	      2.26838e-17	
      8711.47568	      2.26655e-17	
      8713.37663	      2.31208e-17	
      8715.27759	      2.40394e-17	
      8717.17854	      2.32748e-17	
      8719.07949	      2.29838e-17	
      8720.98044	      2.25173e-17	
      8722.88139	      2.25386e-17	
      8724.78234	      2.41293e-17	
      8726.68329	      2.38619e-17	
      8728.58424	      2.37574e-17	
      8730.48519	      2.42870e-17	
      8732.38614	      2.37604e-17	
      8734.28709	      2.41557e-17	
      8736.18804	      2.47574e-17	
      8738.08899	      2.53002e-17	
      8739.98994	      2.52351e-17	
      8741.89089	      2.50736e-17	
      8743.79184	      2.56582e-17	
      8745.69279	      2.61299e-17	
      8747.59374	      2.66511e-17	
      8749.49469	      2.67335e-17	
      8751.39564	      2.53580e-17	
      8753.29659	      2.69102e-17	
      8755.19754	      2.64134e-17	
      8757.09849	      2.41267e-17	
      8758.99944	      2.48029e-17	
      8760.90040	      2.56006e-17	
      8762.80135	      2.60264e-17	
      8764.70230	      2.67241e-17	
      8766.60325	      2.40056e-17	
      8768.50420	      2.13350e-17	
      8770.40515	      2.46831e-17	
      8772.30610	      2.86418e-17	
      8774.20705	      2.71089e-17	
      8776.10800	      2.51864e-17	
      8778.00895	      2.48947e-17	
      8779.90990	      2.64085e-17	
      8781.81085	      2.66697e-17	
      8783.71180	      2.64752e-17	
      8785.61275	      2.62576e-17	
      8787.51370	      2.56296e-17	
      8789.41465	      2.46684e-17	
      8791.31560	      2.69264e-17	
      8793.21655	      2.80863e-17	
      8795.11750	      2.75491e-17	
      8797.01845	      2.76296e-17	
      8798.91940	      2.81234e-17	
      8800.82035	      2.77946e-17	
      8802.72130	      2.59847e-17	
      8804.62226	      2.61493e-17	
      8806.52321	      2.58553e-17	
      8808.42416	      2.66535e-17	
      8810.32511	      2.71809e-17	
      8812.22606	      2.82307e-17	
      8814.12701	      2.91625e-17	
      8816.02796	      3.01333e-17	
      8817.92891	      3.12878e-17	
      8819.82986	      2.97813e-17	
      8821.73081	      3.08545e-17	
      8823.63176	      2.86599e-17	
      8825.53271	      2.94678e-17	
      8827.43366	      3.00544e-17	
      8829.33461	      2.96538e-17	
      8831.23556	      2.91171e-17	
      8833.13651	      2.97465e-17	
      8835.03746	      2.93914e-17	
      8836.93841	      3.00455e-17	
      8838.83936	      3.05858e-17	
      8840.74031	      3.14905e-17	
      8842.64126	      3.11035e-17	
      8844.54221	      2.88370e-17	
      8846.44316	      2.77593e-17	
      8848.34412	      2.79807e-17	
      8850.24507	      2.86012e-17	
      8852.14602	      3.09864e-17	
      8854.04697	      3.16340e-17	
      8855.94792	      3.06151e-17	
      8857.84887	      2.90624e-17	
      8859.74982	      3.05834e-17	
      8861.65077	      3.16236e-17	
      8863.55172	      3.28679e-17	
      8865.45267	      3.32848e-17	
      8867.35362	      3.33268e-17	
      8869.25457	      3.17805e-17	
      8871.15552	      2.99375e-17	
      8873.05647	      2.97918e-17	
      8874.95742	      3.18198e-17	
      8876.85837	      3.41301e-17	
      8878.75932	      3.58081e-17	
      8880.66027	      3.68232e-17	
      8882.56122	      3.47934e-17	
      8884.46217	      3.19052e-17	
      8886.36312	      3.23804e-17	
      8888.26407	      3.49056e-17	
      8890.16502	      3.52185e-17	
      8892.06598	      3.39715e-17	
      8893.96693	      3.17145e-17	
      8895.86788	      3.00096e-17	
      8897.76883	      2.99973e-17	
      8899.66978	      3.21004e-17	
      8901.57073	      3.45501e-17	
      8903.47168	      3.39326e-17	
      8905.37263	      3.31473e-17	
      8907.27358	      3.17247e-17	
      8909.17453	      3.13018e-17	
      8911.07548	      3.20883e-17	
      8912.97643	      3.35066e-17	
      8914.87738	      3.26773e-17	
      8916.77833	      3.36439e-17	
      8918.67928	      3.40507e-17	
      8920.58023	      3.50477e-17	
      8922.48118	      3.35978e-17	
      8924.38213	      3.13092e-17	
      8926.28308	      3.06715e-17	
      8928.18403	      3.18872e-17	
      8930.08498	      3.25600e-17	
      8931.98593	      3.27169e-17	
      8933.88688	      3.33410e-17	
      8935.78784	      3.24843e-17	
      8937.68879	      2.84281e-17	
      8939.58974	      2.42440e-17	
      8941.49069	      2.15360e-17	
      8943.39164	      1.98461e-17	
      8945.29259	      1.99349e-17	
      8947.19354	      2.28217e-17	
      8949.09449	      2.66070e-17	
      8950.99544	      2.91863e-17	
      8952.89639	      3.23488e-17	
      8954.79734	      3.17783e-17	
      8956.69829	      3.36443e-17	
      8958.59924	      3.60991e-17	
      8960.50019	      3.50446e-17	
      8962.40114	      3.57405e-17	
      8964.30209	      3.36880e-17	
      8966.20304	      3.18421e-17	
      8968.10399	      3.18625e-17	
      8970.00494	      3.26805e-17	
      8971.90589	      3.35504e-17	
      8973.80684	      3.55721e-17	
      8975.70779	      3.53366e-17	
      8977.60874	      3.51279e-17	
      8979.50970	      3.50279e-17	
      8981.41065	      3.50314e-17	
      8983.31160	      3.48108e-17	
      8985.21255	      3.46762e-17	
      8987.11350	      3.57520e-17	
      8989.01445	      3.57326e-17	
      8990.91540	      3.63698e-17	
      8992.81635	      3.58141e-17	
      8994.71730	      3.45395e-17	
      8996.61825	      3.40558e-17	
      8998.51920	      3.39724e-17	
      9000.42015	      3.37823e-17	
      9002.32110	      3.40807e-17	
      9004.22205	      3.67876e-17	
      9006.12300	      3.72191e-17	
      9008.02395	      3.63607e-17	
      9009.92490	      3.58001e-17	
      9011.82585	      3.44237e-17	
      9013.72680	      3.44622e-17	
      9015.62775	      3.57790e-17	
      9017.52870	      3.65371e-17	
      9019.42965	      3.70553e-17	
      9021.33060	      3.66603e-17	
      9023.23155	      3.60721e-17	
      9025.13251	      3.49557e-17	
      9027.03346	      3.58237e-17	
      9028.93441	      3.54225e-17	
      9030.83536	      3.58183e-17	
      9032.73631	      3.77363e-17	
      9034.63726	      3.82819e-17	
      9036.53821	      3.91818e-17	
      9038.43916	      3.96251e-17	
      9040.34011	      3.86378e-17	
      9042.24106	      3.78058e-17	
      9044.14201	      3.78348e-17	
      9046.04296	      3.83686e-17	
      9047.94391	      3.73407e-17	
      9049.84486	      3.83462e-17	
      9051.74581	      3.96300e-17	
      9053.64676	      3.97393e-17	
      9055.54771	      3.81452e-17	
      9057.44866	      3.78170e-17	
      9059.34961	      3.72872e-17	
      9061.25056	      3.64278e-17	
      9063.15151	      3.75164e-17	
      9065.05246	      3.69257e-17	
      9066.95341	      3.68562e-17	
      9068.85437	      3.79981e-17	
      9070.75532	      3.67998e-17	
      9072.65627	      3.71690e-17	
      9074.55722	      3.76557e-17	
      9076.45817	      3.80713e-17	
      9078.35912	      3.78111e-17	
      9080.26007	      3.76086e-17	
      9082.16102	      3.79485e-17	
      9084.06197	      3.87748e-17	
      9085.96292	      3.80936e-17	
      9087.86387	      3.90093e-17	
      9089.76482	      3.94883e-17	
      9091.66577	      3.92492e-17	
      9093.56672	      3.92941e-17	
      9095.46767	      4.04736e-17	
      9097.36862	      4.04155e-17	
      9099.26957	      3.99175e-17	
      9101.17052	      3.93356e-17	
      9103.07147	      3.88276e-17	
      9104.97242	      3.87946e-17	
      9106.87337	      3.95783e-17	
      9108.77432	      3.95236e-17	
      9110.67527	      4.09618e-17	
      9112.57623	      4.18173e-17	
      9114.47718	      4.07967e-17	
      9116.37813	      4.05200e-17	
      9118.27908	      4.08446e-17	
      9120.18003	      4.15487e-17	
      9122.08098	      4.19795e-17	
      9123.98193	      4.09485e-17	
      9125.88288	      4.03814e-17	
      9127.78383	      3.98456e-17	
      9129.68478	      3.98898e-17	
      9131.58573	      4.05620e-17	
      9133.48668	      4.03450e-17	
      9135.38763	      4.00890e-17	
      9137.28858	      3.91652e-17	
      9139.18953	      4.05451e-17	
      9141.09048	      4.07984e-17	
      9142.99143	      4.09196e-17	
      9144.89238	      4.10940e-17	
      9146.79333	      4.16115e-17	
      9148.69428	      4.11668e-17	
      9150.59523	      3.98185e-17	
      9152.49618	      3.96658e-17	
      9154.39713	      4.10789e-17	
      9156.29809	      4.28071e-17	
      9158.19904	      4.26705e-17	
      9160.09999	      4.29133e-17	
      9162.00094	      4.28266e-17	
      9163.90189	      4.20584e-17	
      9165.80284	      4.22919e-17	
      9167.70379	      4.27852e-17	
      9169.60474	      4.19638e-17	
      9171.50569	      4.10427e-17	
      9173.40664	      3.95885e-17	
      9175.30759	      3.90363e-17	
      9177.20854	      4.03458e-17	
      9179.10949	      4.18776e-17	
      9181.01044	      4.31555e-17	
      9182.91139	      4.41761e-17	
      9184.81234	      4.44005e-17	
      9186.71329	      4.35467e-17	
      9188.61424	      4.41066e-17	
      9190.51519	      4.40725e-17	
      9192.41614	      4.36396e-17	
      9194.31709	      4.36389e-17	
      9196.21804	      4.29729e-17	
      9198.11899	      4.33852e-17	
      9200.01995	      4.52481e-17	
      9201.92090	      4.59350e-17	
      9203.82185	      4.55842e-17	
      9205.72280	      4.44411e-17	
      9207.62375	      4.31203e-17	
      9209.52470	      4.28355e-17	
      9211.42565	      4.23149e-17	
      9213.32660	      4.21576e-17	
      9215.22755	      4.31447e-17	
      9217.12850	      4.51010e-17	
      9219.02945	      4.51340e-17	
      9220.93040	      4.55000e-17	
      9222.83135	      4.49257e-17	
      9224.73230	      4.55782e-17	
      9226.63325	      4.59454e-17	
      9228.53420	      4.54823e-17	
      9230.43515	      4.51120e-17	
      9232.33610	      4.51159e-17	
      9234.23705	      4.45543e-17	
      9236.13800	      4.39014e-17	
      9238.03895	      4.38566e-17	
      9239.93990	      4.51470e-17	
      9241.84085	      4.64977e-17	
      9243.74181	      4.64218e-17	
      9245.64276	      4.55947e-17	
      9247.54371	      4.43416e-17	
      9249.44466	      4.39708e-17	
      9251.34561	      4.37224e-17	
      9253.24656	      4.37375e-17	
      9255.14751	      4.36112e-17	
      9257.04846	      4.42568e-17	
      9258.94941	      4.41277e-17	
      9260.85036	      4.32704e-17	
      9262.75131	      4.33738e-17	
      9264.65226	      4.30195e-17	
      9266.55321	      4.24464e-17	
      9268.45416	      4.24423e-17	
      9270.35511	      4.23433e-17	
      9272.25606	      3.99529e-17	
      9274.15701	      3.79277e-17	
      9276.05796	      3.62638e-17	
      9277.95891	      3.44862e-17	
      9279.85986	      3.36217e-17	
      9281.76081	      3.47903e-17	
      9283.66176	      3.52635e-17	
      9285.56271	      3.65111e-17	
      9287.46367	      3.61097e-17	
      9289.36462	      3.55851e-17	
      9291.26557	      3.67819e-17	
      9293.16652	      3.71086e-17	
      9295.06747	      3.62227e-17	
      9296.96842	      3.59583e-17	
      9298.86937	      3.73682e-17	
      9300.77032	      3.68557e-17	
      9302.67127	      3.70638e-17	
      9304.57222	      3.75223e-17	
      9306.47317	      3.72751e-17	
      9308.37412	      4.05706e-17	
      9310.27507	      3.88894e-17	
      9312.17602	      3.98552e-17	
      9314.07697	      3.78580e-17	
      9315.97792	      3.65937e-17	
      9317.87887	      3.68297e-17	
      9319.77982	      3.97675e-17	
      9321.68077	      3.83772e-17	
      9323.58172	      3.59320e-17	
      9325.48267	      3.70230e-17	
      9327.38362	      3.65865e-17	
      9329.28457	      3.53362e-17	
      9331.18552	      3.47258e-17	
      9333.08648	      3.30584e-17	
      9334.98743	      3.08778e-17	
      9336.88838	      3.28545e-17	
      9338.78933	      3.39628e-17	
      9340.69028	      3.29104e-17	
      9342.59123	      3.08289e-17	
      9344.49218	      3.09374e-17	
      9346.39313	      3.48048e-17	
      9348.29408	      4.01009e-17	
      9350.19503	      4.01448e-17	
      9352.09598	      3.63570e-17	
      9353.99693	      3.20980e-17	
      9355.89788	      3.13104e-17	
      9357.79883	      3.37567e-17	
      9359.69978	      3.72452e-17	
      9361.60073	      3.92697e-17	
      9363.50168	      3.92984e-17	
      9365.40263	      3.80149e-17	
      9367.30358	      3.62520e-17	
      9369.20453	      3.45577e-17	
      9371.10548	      3.43169e-17	
      9373.00643	      3.54681e-17	
      9374.90738	      3.99248e-17	
      9376.80834	      3.96004e-17	
      9378.70929	      3.76114e-17	
      9380.61024	      3.78929e-17	
      9382.51119	      3.88851e-17	
      9384.41214	      3.97066e-17	
      9386.31309	      4.07937e-17	
      9388.21404	      4.32038e-17	
      9390.11499	      4.42391e-17	
      9392.01594	      4.54147e-17	
      9393.91689	      4.67090e-17	
      9395.81784	      4.60967e-17	
      9397.71879	      4.53771e-17	
      9399.61974	      4.73910e-17	
      9401.52069	      4.67332e-17	
      9403.42164	      4.72865e-17	
      9405.32259	      4.77902e-17	
      9407.22354	      4.84723e-17	
      9409.12449	      4.68581e-17	
      9411.02544	      4.66593e-17	
      9412.92639	      4.79732e-17	
      9414.82734	      4.76291e-17	
      9416.72829	      4.55883e-17	
      9418.62924	      4.72815e-17	
      9420.53020	      4.87032e-17	
      9422.43115	      4.51536e-17	
      9424.33210	      4.02729e-17	
      9426.23305	      3.87506e-17	
      9428.13400	      3.80235e-17	
      9430.03495	      4.13236e-17	
      9431.93590	      4.62727e-17	
      9433.83685	      4.71351e-17	
      9435.73780	      4.15578e-17	
      9437.63875	      3.90382e-17	
      9439.53970	      3.77831e-17	
      9441.44065	      3.74458e-17	
      9443.34160	      4.10659e-17	
      9445.24255	      4.22397e-17	
      9447.14350	      4.34504e-17	
      9449.04445	      4.50871e-17	
      9450.94540	      4.61522e-17	
      9452.84635	      4.55755e-17	
      9454.74730	      4.23228e-17	
      9456.64825	      4.11089e-17	
      9458.54920	      4.03454e-17	
      9460.45015	      4.20519e-17	
      9462.35110	      4.48301e-17	
      9464.25206	      4.74863e-17	
      9466.15301	      4.83492e-17	
      9468.05396	      4.74678e-17	
      9469.95491	      4.56222e-17	
      9471.85586	      4.33175e-17	
      9473.75681	      4.05318e-17	
      9475.65776	      3.67701e-17	
      9477.55871	      3.79417e-17	
      9479.45966	      3.88747e-17	
      9481.36061	      4.21775e-17	
      9483.26156	      4.57296e-17	
      9485.16251	      4.90381e-17	
      9487.06346	      4.90572e-17	
      9488.96441	      4.77395e-17	
      9490.86536	      4.81526e-17	
      9492.76631	      4.60873e-17	
      9494.66726	      4.29507e-17	
      9496.56821	      4.40387e-17	
      9498.46916	      4.49854e-17	
      9500.37011	      4.34005e-17	
      9502.27106	      4.35053e-17	
      9504.17201	      4.77144e-17	
      9506.07296	      4.76522e-17	
      9507.97392	      4.91036e-17	
      9509.87487	      5.10478e-17	
      9511.77582	      4.79894e-17	
      9513.67677	      4.17567e-17	
      9515.57772	      3.62980e-17	
      9517.47867	      3.41923e-17	
      9519.37962	      3.46945e-17	
      9521.28057	      3.85029e-17	
      9523.18152	      4.40445e-17	
      9525.08247	      4.74133e-17	
      9526.98342	      4.80217e-17	
      9528.88437	      4.74753e-17	
      9530.78532	      4.97502e-17	
      9532.68627	      5.06228e-17	
      9534.58722	      4.92640e-17	
      9536.48817	      4.99948e-17	
      9538.38912	      5.04146e-17	
      9540.29007	      4.86455e-17	
      9542.19102	      4.74115e-17	
      9544.09197	      4.77104e-17	
      9545.99292	      4.86353e-17	
      9547.89387	      5.01119e-17	
      9549.79482	      4.89802e-17	
      9551.69578	      4.40108e-17	
      9553.59673	      4.27272e-17	
      9555.49768	      4.64452e-17	
      9557.39863	      4.95474e-17	
      9559.29958	      4.98798e-17	
      9561.20053	      4.86378e-17	
      9563.10148	      4.60476e-17	
      9565.00243	      4.25528e-17	
      9566.90338	      4.32254e-17	
      9568.80433	      4.72705e-17	
      9570.70528	      5.21932e-17	
      9572.60623	      5.39970e-17	
      9574.50718	      5.42786e-17	
      9576.40813	      5.31111e-17	
      9578.30908	      5.16058e-17	
      9580.21003	      4.85491e-17	
      9582.11098	      4.91679e-17	
      9584.01193	      5.10994e-17	
      9585.91288	      4.90678e-17	
      9587.81383	      4.70027e-17	
      9589.71478	      4.46506e-17	
      9591.61573	      4.53945e-17	
      9593.51668	      4.69005e-17	
      9595.41763	      4.85891e-17	
      9597.31859	      5.08377e-17	
      9599.21954	      5.02852e-17	
      9601.12049	      5.10764e-17	
      9603.02144	      5.01769e-17	
      9604.92239	      4.79489e-17	
      9606.82334	      4.82573e-17	
      9608.72429	      4.81115e-17	
      9610.62524	      4.85829e-17	
      9612.52619	      5.04635e-17	
      9614.42714	      4.77228e-17	
      9616.32809	      4.73247e-17	
      9618.22904	      4.76588e-17	
      9620.12999	      5.04691e-17	
      9622.03094	      5.35195e-17	
      9623.93189	      5.29491e-17	
      9625.83284	      5.81624e-17	
      9627.73379	      5.87004e-17	
      9629.63474	      5.83712e-17	
      9631.53569	      5.80711e-17	
      9633.43664	      5.38879e-17	
      9635.33759	      5.07384e-17	
      9637.23854	      4.83691e-17	
      9639.13949	      4.81173e-17	
      9641.04045	      4.89588e-17	
      9642.94140	      5.02626e-17	
      9644.84235	      4.89395e-17	
      9646.74330	      5.31430e-17	
      9648.64425	      5.36237e-17	
      9650.54520	      5.56601e-17	
      9652.44615	      5.58923e-17	
      9654.34710	      5.50941e-17	
      9656.24805	      5.74623e-17	
      9658.14900	      5.85097e-17	
      9660.04995	      5.68622e-17	
      9661.95090	      5.43468e-17	
      9663.85185	      5.52044e-17	
      9665.75280	      5.36849e-17	
      9667.65375	      5.44804e-17	
      9669.55470	      5.86113e-17	
      9671.45565	      6.05214e-17	
      9673.35660	      6.25426e-17	
      9675.25755	      6.42082e-17	
      9677.15850	      6.54215e-17	
      9679.05945	      6.13654e-17	
      9680.96040	      6.07331e-17	
      9682.86135	      6.36167e-17	
      9684.76231	      6.70825e-17	
      9686.66326	      6.27855e-17	
      9688.56421	      5.94340e-17	
      9690.46516	      5.75354e-17	
      9692.36611	      5.48598e-17	
      9694.26706	      6.45130e-17	
      9696.16801	      6.18041e-17	
      9698.06896	      5.89516e-17	
      9699.96991	      5.93676e-17	
      9701.87086	      6.05402e-17	
      9703.77181	      5.93767e-17	
      9705.67276	      5.81293e-17	
      9707.57371	      5.78502e-17	
      9709.47466	      5.54514e-17	
      9711.37561	      5.44342e-17	
      9713.27656	      5.71275e-17	
      9715.17751	      5.46818e-17	
      9717.07846	      5.71906e-17	
      9718.97941	      5.85638e-17	
      9720.88036	      5.95906e-17	
      9722.78131	      5.79356e-17	
      9724.68226	      5.63225e-17	
      9726.58321	      5.79737e-17	
      9728.48417	      5.85308e-17	
      9730.38512	      6.10287e-17	
      9732.28607	      6.10060e-17	
      9734.18702	      6.08446e-17	
      9736.08797	      5.80630e-17	
      9737.98892	      5.75533e-17	
      9739.88987	      6.07584e-17	
      9741.79082	      6.18668e-17	
      9743.69177	      6.09099e-17	
      9745.59272	      6.07313e-17	
      9747.49367	      6.08357e-17	
      9749.39462	      5.94943e-17	
      9751.29557	      5.79860e-17	
      9753.19652	      5.83971e-17	
      9755.09747	      5.91421e-17	
      9756.99842	      5.90387e-17	
      9758.89937	      6.29596e-17	
      9760.80032	      6.31638e-17	
      9762.70127	      6.14462e-17	
      9764.60222	      6.27557e-17	
      9766.50317	      6.35859e-17	
      9768.40412	      6.39910e-17	
      9770.30507	      6.49761e-17	
      9772.20603	      6.43881e-17	
      9774.10698	      6.50000e-17	
      9776.00793	      6.36444e-17	
      9777.90888	      6.34894e-17	
      9779.80983	      6.45286e-17	
      9781.71078	      6.58861e-17	
      9783.61173	      6.33055e-17	
      9785.51268	      6.02090e-17	
      9787.41363	      5.90877e-17	
      9789.31458	      6.38226e-17	
      9791.21553	      6.50960e-17	
      9793.11648	      6.53767e-17	
      9795.01743	      6.52104e-17	
      9796.91838	      6.83962e-17	
      9798.81933	      6.91719e-17	
      9800.72028	      6.77243e-17	
      9802.62123	      6.51694e-17	
      9804.52218	      6.79274e-17	
      9806.42313	      6.94041e-17	
      9808.32408	      6.59911e-17	
      9810.22503	      6.63488e-17	
      9812.12598	      6.42359e-17	
      9814.02693	      6.52991e-17	
      9815.92789	      6.44832e-17	
      9817.82884	      5.83847e-17	
      9819.72979	      5.97761e-17	
      9821.63074	      6.29399e-17	
      9823.53169	      6.34680e-17	
      9825.43264	      6.32080e-17	
      9827.33359	      6.48720e-17	
      9829.23454	      6.36245e-17	
      9831.13549	      6.43429e-17	
      9833.03644	      6.85298e-17	
      9834.93739	      6.85941e-17	
      9836.83834	      6.63133e-17	
      9838.73929	      6.20304e-17	
      9840.64024	      6.44331e-17	
      9842.54119	      6.83736e-17	
      9844.44214	      6.60108e-17	
      9846.34309	      6.26591e-17	
      9848.24404	      6.13767e-17	
      9850.14499	      6.44267e-17	
      9852.04594	      7.06103e-17	
      9853.94689	      7.13269e-17	
      9855.84784	      7.04200e-17	
      9857.74879	      7.19822e-17	
      9859.64974	      7.26242e-17	
      9861.55070	      7.18646e-17	
      9863.45165	      7.43340e-17	
      9865.35260	      7.97515e-17	
      9867.25355	      8.42510e-17	
      9869.15450	      7.90085e-17	
      9871.05545	      7.90159e-17	
      9872.95640	      7.46988e-17	
      9874.85735	      7.19425e-17	
      9876.75830	      7.02663e-17	
      9878.65925	      7.07852e-17	
      9880.56020	      7.24217e-17	
      9882.46115	      7.21645e-17	
      9884.36210	      7.15686e-17	
      9886.26305	      7.57362e-17	
      9888.16400	      7.61764e-17	
      9890.06495	      7.77268e-17	
      9891.96590	      8.16916e-17	
      9893.86685	      7.57271e-17	
      9895.76780	      7.12614e-17	
      9897.66875	      7.55228e-17	
      9899.56970	      7.28438e-17	
      9901.47065	      6.72029e-17	
      9903.37160	      6.67095e-17	
      9905.27256	      6.37927e-17	
      9907.17351	      6.68529e-17	
      9909.07446	      7.46754e-17	
      9910.97541	      7.07807e-17	
      9912.87636	      6.99873e-17	
      9914.77731	      6.24172e-17	
      9916.67826	      4.80517e-17	
      9918.57921	      5.23546e-17	
      9920.48016	      6.29516e-17	
      9922.38111	      6.59391e-17	
      9924.28206	      5.69590e-17	
      9926.18301	      5.94299e-17	
      9928.08396	      6.44412e-17	
      9929.98491	      6.48315e-17	
      9931.88586	      6.10007e-17	
      9933.78681	      6.30294e-17	
      9935.68776	      6.29753e-17	
      9937.58871	      6.83973e-17	
      9939.48966	      7.24564e-17	
      9941.39061	      7.62397e-17	
      9943.29156	      7.89147e-17	
      9945.19251	      7.73263e-17	
      9947.09346	      7.32655e-17	
      9948.99442	      8.13605e-17	
      9950.89537	      7.85718e-17	
      9952.79632	      7.65405e-17	
      9954.69727	      8.13157e-17	
      9956.59822	      7.34690e-17	
      9958.49917	      6.69679e-17	
      9960.40012	      7.00036e-17	
      9962.30107	      7.17741e-17	
      9964.20202	      6.59682e-17	
      9966.10297	      6.17863e-17	
      9968.00392	      5.92182e-17	
      9969.90487	      5.95658e-17	
      9971.80582	      6.51463e-17	
      9973.70677	      6.44967e-17	
      9975.60772	      6.39611e-17	
      9977.50867	      6.84625e-17	
      9979.40962	      7.45667e-17	
      9981.31057	      6.93097e-17	
      9983.21152	      6.50400e-17	
      9985.11247	      6.57559e-17	
      9987.01342	      6.92426e-17	
      9988.91437	      7.25299e-17	
      9990.81532	      6.91154e-17	
      9992.71628	      6.78537e-17	
      9994.61723	      6.92522e-17	
      9996.51818	      7.09394e-17	
      9998.41913	      7.23003e-17	
     10000.32008	      7.20223e-17	
     10002.22103	      7.34318e-17	
     10004.12198	      7.92947e-17	
     10006.02293	      8.12483e-17	
     10007.92388	      7.87094e-17	
     10009.82483	      8.74580e-17	
     10011.72578	      7.76187e-17	
     10013.62673	      7.60138e-17	
     10015.52768	      7.54262e-17	
     10017.42863	      6.77467e-17	
     10019.32958	      6.61315e-17	
     10021.23053	      6.87104e-17	
     10023.13148	      6.20619e-17	
     10025.03243	      6.09591e-17	
     10026.93338	      5.99825e-17	
     10028.83433	      6.50951e-17	
     10030.73528	      6.96264e-17	
     10032.63623	      6.74557e-17	
     10034.53718	      6.49989e-17	
     10036.43814	      6.57124e-17	
     10038.33909	      6.61577e-17	
     10040.24004	      6.83067e-17	
     10042.14099	      7.31191e-17	
     10044.04194	      7.04405e-17	
     10045.94289	      7.33251e-17	
     10047.84384	      6.49598e-17	
     10049.74479	      6.95371e-17	
     10051.64574	      6.87141e-17	
     10053.54669	      6.31233e-17	
     10055.44764	      6.46759e-17	
     10057.34859	      7.04443e-17	
     10059.24954	      6.66108e-17	
     10061.15049	      7.13423e-17	
     10063.05144	      7.07846e-17	
     10064.95239	      6.86772e-17	
     10066.85334	      6.91044e-17	
     10068.75429	      7.41371e-17	
     10070.65524	      7.31658e-17	
     10072.55619	      7.79413e-17	
     10074.45714	      7.23541e-17	
     10076.35809	      7.01521e-17	
     10078.25904	      7.79576e-17	
     10080.16000	      7.44942e-17	
     10082.06095	      7.19588e-17	
     10083.96190	      7.42288e-17	
     10085.86285	      7.45820e-17	
     10087.76380	      8.02468e-17	
     10089.66475	      8.35832e-17	
     10091.56570	      8.23387e-17	
     10093.46665	      7.76322e-17	
     10095.36760	      8.52351e-17	
     10097.26855	      8.76440e-17	
     10099.16950	      8.15738e-17	
     10101.07045	      8.81934e-17	
     10102.97140	      8.45151e-17	
     10104.87235	      8.58924e-17	
     10106.77330	      8.07165e-17	
     10108.67425	      7.54635e-17	
     10110.57520	      7.72614e-17	
     10112.47615	      7.60492e-17	
     10114.37710	      7.53532e-17	
     10116.27805	      7.63756e-17	
     10118.17900	      7.01197e-17	
     10120.07995	      7.21738e-17	
     10121.98090	      7.56222e-17	
     10123.88186	      7.31009e-17	
     10125.78281	      7.34786e-17	
     10127.68376	      7.89857e-17	
     10129.58471	      8.00218e-17	
     10131.48566	      7.80471e-17	
     10133.38661	      7.70964e-17	
     10135.28756	      8.03686e-17	
     10137.18851	      8.10735e-17	
     10139.08946	      8.01238e-17	
     10140.99041	      7.93326e-17	
     10142.89136	      9.30064e-17	
     10144.79231	      9.25706e-17	
     10146.69326	      8.91155e-17	
     10148.59421	      8.81465e-17	
     10150.49516	      8.66184e-17	
     10152.39611	      8.03780e-17	
     10154.29706	      7.62997e-17	
     10156.19801	      6.17546e-17	
     10158.09896	      3.67124e-17	
     10159.99991	      3.34542e-17	
#time:0.038661
