# Keck LRIS spectra of late-M, L and T dwarfs
# spty = M6  (Spectral type)
#
#     WAVELENGTH	#           FLUX	
#     (ANGSTROM)	#  (ERG/CM2/S/A)	
################	################	
      6345.00000	     3.43495e-18	
      6346.89845	     8.64524e-18	
      6348.79690	     1.06090e-17	
      6350.69535	     9.69648e-18	
      6352.59380	     8.62958e-18	
      6354.49225	     7.66388e-18	
      6356.39070	     6.93163e-18	
      6358.28914	     6.80574e-18	
      6360.18759	     8.58356e-18	
      6362.08604	     7.13835e-18	
      6363.98449	     1.00677e-17	
      6365.88294	     1.14945e-17	
      6367.78139	     1.06993e-17	
      6369.67984	     9.46741e-18	
      6371.57829	     8.12125e-18	
      6373.47674	     6.71362e-18	
      6375.37519	     8.78672e-18	
      6377.27364	     8.89784e-18	
      6379.17209	     7.94982e-18	
      6381.07053	     7.83959e-18	
      6382.96898	     8.04582e-18	
      6384.86743	     6.92682e-18	
      6386.76588	     6.06475e-18	
      6388.66433	     8.50978e-18	
      6390.56278	     8.67156e-18	
      6392.46123	     8.87589e-18	
      6394.35968	     9.77504e-18	
      6396.25813	     1.00629e-17	
      6398.15658	     1.06027e-17	
      6400.05503	     9.31772e-18	
      6401.95348	     9.49132e-18	
      6403.85192	     1.03744e-17	
      6405.75037	     9.79182e-18	
      6407.64882	     1.01092e-17	
      6409.54727	     1.07383e-17	
      6411.44572	     9.71920e-18	
      6413.34417	     1.01923e-17	
      6415.24262	     9.80898e-18	
      6417.14107	     1.05087e-17	
      6419.03952	     9.64115e-18	
      6420.93797	     8.06143e-18	
      6422.83642	     8.50121e-18	
      6424.73487	     9.52395e-18	
      6426.63331	     1.00406e-17	
      6428.53176	     1.04487e-17	
      6430.43021	     9.79879e-18	
      6432.32866	     9.56485e-18	
      6434.22711	     9.40764e-18	
      6436.12556	     1.06860e-17	
      6438.02401	     1.02381e-17	
      6439.92246	     1.05328e-17	
      6441.82091	     1.09041e-17	
      6443.71936	     1.13283e-17	
      6445.61781	     1.06768e-17	
      6447.51626	     1.17175e-17	
      6449.41471	     1.04306e-17	
      6451.31315	     1.15349e-17	
      6453.21160	     1.22145e-17	
      6455.11005	     1.11101e-17	
      6457.00850	     1.07693e-17	
      6458.90695	     1.16955e-17	
      6460.80540	     1.34432e-17	
      6462.70385	     1.21990e-17	
      6464.60230	     1.14538e-17	
      6466.50075	     1.12012e-17	
      6468.39920	     1.23285e-17	
      6470.29765	     1.24513e-17	
      6472.19610	     1.28047e-17	
      6474.09454	     1.12909e-17	
      6475.99299	     1.21628e-17	
      6477.89144	     1.17439e-17	
      6479.78989	     1.16910e-17	
      6481.68834	     1.08722e-17	
      6483.58679	     1.02601e-17	
      6485.48524	     1.24377e-17	
      6487.38369	     1.19091e-17	
      6489.28214	     1.21693e-17	
      6491.18059	     1.19639e-17	
      6493.07904	     1.09230e-17	
      6494.97749	     1.06422e-17	
      6496.87593	     1.16572e-17	
      6498.77438	     1.16616e-17	
      6500.67283	     1.31659e-17	
      6502.57128	     1.40536e-17	
      6504.46973	     1.28328e-17	
      6506.36818	     1.33400e-17	
      6508.26663	     1.29995e-17	
      6510.16508	     1.42026e-17	
      6512.06353	     1.37671e-17	
      6513.96198	     1.45950e-17	
      6515.86043	     1.57547e-17	
      6517.75888	     1.43890e-17	
      6519.65732	     1.42850e-17	
      6521.55577	     1.32398e-17	
      6523.45422	     1.44201e-17	
      6525.35267	     1.43873e-17	
      6527.25112	     1.49989e-17	
      6529.14957	     1.41030e-17	
      6531.04802	     1.52789e-17	
      6532.94647	     1.40933e-17	
      6534.84492	     1.64892e-17	
      6536.74337	     1.52236e-17	
      6538.64182	     1.61819e-17	
      6540.54027	     1.54731e-17	
      6542.43871	     1.57670e-17	
      6544.33716	     1.52033e-17	
      6546.23561	     1.44081e-17	
      6548.13406	     1.46481e-17	
      6550.03251	     1.50218e-17	
      6551.93096	     1.49104e-17	
      6553.82941	     1.44685e-17	
      6555.72786	     1.67072e-17	
      6557.62631	     1.79248e-17	
      6559.52476	     2.13101e-17	
      6561.42321	     2.64327e-17	
      6563.32166	     2.66255e-17	
      6565.22011	     2.27944e-17	
      6567.11855	     1.78031e-17	
      6569.01700	     1.32903e-17	
      6570.91545	     1.15688e-17	
      6572.81390	     1.19111e-17	
      6574.71235	     1.20856e-17	
      6576.61080	     1.30056e-17	
      6578.50925	     1.45390e-17	
      6580.40770	     1.35069e-17	
      6582.30615	     1.31728e-17	
      6584.20460	     1.42339e-17	
      6586.10305	     1.32957e-17	
      6588.00150	     1.38274e-17	
      6589.89994	     1.38054e-17	
      6591.79839	     1.37351e-17	
      6593.69684	     1.28235e-17	
      6595.59529	     1.20079e-17	
      6597.49374	     1.04948e-17	
      6599.39219	     1.30699e-17	
      6601.29064	     1.24007e-17	
      6603.18909	     1.33447e-17	
      6605.08754	     1.36247e-17	
      6606.98599	     1.14281e-17	
      6608.88444	     1.18866e-17	
      6610.78289	     1.31317e-17	
      6612.68133	     1.25978e-17	
      6614.57978	     1.29049e-17	
      6616.47823	     1.32169e-17	
      6618.37668	     1.25063e-17	
      6620.27513	     1.25843e-17	
      6622.17358	     1.13334e-17	
      6624.07203	     1.04912e-17	
      6625.97048	     1.09115e-17	
      6627.86893	     1.08196e-17	
      6629.76738	     1.07152e-17	
      6631.66583	     1.08913e-17	
      6633.56428	     1.18724e-17	
      6635.46272	     1.18590e-17	
      6637.36117	     1.15968e-17	
      6639.25962	     1.08869e-17	
      6641.15807	     1.05190e-17	
      6643.05652	     9.96247e-18	
      6644.95497	     1.12211e-17	
      6646.85342	     1.14297e-17	
      6648.75187	     1.16384e-17	
      6650.65032	     1.03054e-17	
      6652.54877	     9.42341e-18	
      6654.44722	     8.99990e-18	
      6656.34567	     9.29274e-18	
      6658.24412	     9.69795e-18	
      6660.14256	     9.62121e-18	
      6662.04101	     9.59414e-18	
      6663.93946	     1.08462e-17	
      6665.83791	     1.11818e-17	
      6667.73636	     1.00961e-17	
      6669.63481	     9.89164e-18	
      6671.53326	     1.13025e-17	
      6673.43171	     1.06843e-17	
      6675.33016	     1.08242e-17	
      6677.22861	     1.05097e-17	
      6679.12706	     1.07391e-17	
      6681.02551	     9.87076e-18	
      6682.92395	     7.78014e-18	
      6684.82240	     8.32827e-18	
      6686.72085	     9.11901e-18	
      6688.61930	     8.87747e-18	
      6690.51775	     9.05069e-18	
      6692.41620	     9.19372e-18	
      6694.31465	     8.76417e-18	
      6696.21310	     1.01249e-17	
      6698.11155	     1.01292e-17	
      6700.01000	     1.07335e-17	
      6701.90845	     9.90705e-18	
      6703.80690	     8.99740e-18	
      6705.70534	     1.05607e-17	
      6707.60379	     9.82671e-18	
      6709.50224	     8.96347e-18	
      6711.40069	     9.26194e-18	
      6713.29914	     8.97496e-18	
      6715.19759	     8.75284e-18	
      6717.09604	     8.84744e-18	
      6718.99449	     8.31727e-18	
      6720.89294	     7.85672e-18	
      6722.79139	     7.56271e-18	
      6724.68984	     8.82099e-18	
      6726.58829	     8.80573e-18	
      6728.48673	     8.43119e-18	
      6730.38518	     8.44387e-18	
      6732.28363	     7.79908e-18	
      6734.18208	     9.76591e-18	
      6736.08053	     1.01824e-17	
      6737.97898	     8.48923e-18	
      6739.87743	     9.17717e-18	
      6741.77588	     9.29992e-18	
      6743.67433	     8.54204e-18	
      6745.57278	     9.36617e-18	
      6747.47123	     8.60554e-18	
      6749.36968	     8.12114e-18	
      6751.26813	     8.37911e-18	
      6753.16657	     8.13539e-18	
      6755.06502	     7.95828e-18	
      6756.96347	     7.80673e-18	
      6758.86192	     9.42164e-18	
      6760.76037	     9.93652e-18	
      6762.65882	     9.06296e-18	
      6764.55727	     1.04643e-17	
      6766.45572	     9.75790e-18	
      6768.35417	     9.70136e-18	
      6770.25262	     9.19962e-18	
      6772.15107	     9.73889e-18	
      6774.04952	     9.89848e-18	
      6775.94796	     9.33871e-18	
      6777.84641	     1.02051e-17	
      6779.74486	     9.89980e-18	
      6781.64331	     8.36220e-18	
      6783.54176	     9.19858e-18	
      6785.44021	     8.36112e-18	
      6787.33866	     8.08058e-18	
      6789.23711	     7.97678e-18	
      6791.13556	     7.94421e-18	
      6793.03401	     7.83812e-18	
      6794.93246	     8.95029e-18	
      6796.83091	     9.23627e-18	
      6798.72935	     1.10249e-17	
      6800.62780	     9.99784e-18	
      6802.52625	     9.53643e-18	
      6804.42470	     9.30773e-18	
      6806.32315	     8.99321e-18	
      6808.22160	     9.97468e-18	
      6810.12005	     9.35437e-18	
      6812.01850	     9.10781e-18	
      6813.91695	     9.40182e-18	
      6815.81540	     8.63271e-18	
      6817.71385	     8.89205e-18	
      6819.61230	     9.58633e-18	
      6821.51074	     8.54391e-18	
      6823.40919	     8.79855e-18	
      6825.30764	     8.48269e-18	
      6827.20609	     7.84539e-18	
      6829.10454	     9.50572e-18	
      6831.00299	     1.07199e-17	
      6832.90144	     1.06946e-17	
      6834.79989	     9.39489e-18	
      6836.69834	     9.78507e-18	
      6838.59679	     9.44218e-18	
      6840.49524	     1.03066e-17	
      6842.39369	     9.80716e-18	
      6844.29214	     1.03483e-17	
      6846.19058	     9.74808e-18	
      6848.08903	     9.16771e-18	
      6849.98748	     9.11996e-18	
      6851.88593	     9.22439e-18	
      6853.78438	     8.72021e-18	
      6855.68283	     8.63672e-18	
      6857.58128	     8.93025e-18	
      6859.47973	     1.00007e-17	
      6861.37818	     8.73165e-18	
      6863.27663	     8.57544e-18	
      6865.17508	     9.58825e-18	
      6867.07353	     8.41841e-18	
      6868.97197	     7.18760e-18	
      6870.87042	     7.80293e-18	
      6872.76887	     8.27326e-18	
      6874.66732	     8.93988e-18	
      6876.56577	     8.96409e-18	
      6878.46422	     8.77052e-18	
      6880.36267	     1.02696e-17	
      6882.26112	     1.00549e-17	
      6884.15957	     8.08442e-18	
      6886.05802	     9.63752e-18	
      6887.95647	     9.55416e-18	
      6889.85492	     9.07015e-18	
      6891.75336	     7.97714e-18	
      6893.65181	     1.00165e-17	
      6895.55026	     9.63838e-18	
      6897.44871	     7.96788e-18	
      6899.34716	     8.70205e-18	
      6901.24561	     1.00941e-17	
      6903.14406	     1.00282e-17	
      6905.04251	     9.79454e-18	
      6906.94096	     1.17885e-17	
      6908.83941	     1.18143e-17	
      6910.73786	     1.05654e-17	
      6912.63631	     1.08940e-17	
      6914.53475	     1.15857e-17	
      6916.43320	     1.02523e-17	
      6918.33165	     9.37042e-18	
      6920.23010	     1.03526e-17	
      6922.12855	     1.24661e-17	
      6924.02700	     1.35828e-17	
      6925.92545	     1.32156e-17	
      6927.82390	     1.39504e-17	
      6929.72235	     1.38288e-17	
      6931.62080	     1.40363e-17	
      6933.51925	     1.33267e-17	
      6935.41770	     1.31442e-17	
      6937.31614	     1.37531e-17	
      6939.21459	     1.44045e-17	
      6941.11304	     1.32192e-17	
      6943.01149	     1.51113e-17	
      6944.90994	     1.55706e-17	
      6946.80839	     1.51314e-17	
      6948.70684	     1.52335e-17	
      6950.60529	     1.53697e-17	
      6952.50374	     1.47239e-17	
      6954.40219	     1.63437e-17	
      6956.30064	     1.51725e-17	
      6958.19909	     1.54921e-17	
      6960.09754	     1.59571e-17	
      6961.99598	     1.52841e-17	
      6963.89443	     1.53908e-17	
      6965.79288	     1.53798e-17	
      6967.69133	     1.54442e-17	
      6969.58978	     1.47041e-17	
      6971.48823	     1.53922e-17	
      6973.38668	     1.63139e-17	
      6975.28513	     1.70854e-17	
      6977.18358	     1.71525e-17	
      6979.08203	     1.53080e-17	
      6980.98048	     1.60201e-17	
      6982.87893	     1.71732e-17	
      6984.77737	     1.58854e-17	
      6986.67582	     1.74481e-17	
      6988.57427	     1.78016e-17	
      6990.47272	     1.68719e-17	
      6992.37117	     1.64950e-17	
      6994.26962	     1.61735e-17	
      6996.16807	     1.54152e-17	
      6998.06652	     1.77679e-17	
      6999.96497	     1.71215e-17	
      7001.86342	     1.72542e-17	
      7003.76187	     1.72720e-17	
      7005.66032	     1.76637e-17	
      7007.55876	     1.73250e-17	
      7009.45721	     1.84271e-17	
      7011.35566	     1.84853e-17	
      7013.25411	     1.92380e-17	
      7015.15256	     2.04474e-17	
      7017.05101	     2.09225e-17	
      7018.94946	     2.01290e-17	
      7020.84791	     1.95789e-17	
      7022.74636	     1.83519e-17	
      7024.64481	     1.84218e-17	
      7026.54326	     2.18017e-17	
      7028.44171	     2.17552e-17	
      7030.34015	     2.16031e-17	
      7032.23860	     2.25612e-17	
      7034.13705	     2.38907e-17	
      7036.03550	     2.53834e-17	
      7037.93395	     2.65808e-17	
      7039.83240	     2.53258e-17	
      7041.73085	     2.50641e-17	
      7043.62930	     2.69026e-17	
      7045.52775	     2.61835e-17	
      7047.42620	     2.56648e-17	
      7049.32465	     2.53129e-17	
      7051.22310	     2.37450e-17	
      7053.12155	     2.16414e-17	
      7055.01999	     1.68851e-17	
      7056.91844	     1.46595e-17	
      7058.81689	     1.45762e-17	
      7060.71534	     1.27300e-17	
      7062.61379	     1.37955e-17	
      7064.51224	     1.35599e-17	
      7066.41069	     1.43663e-17	
      7068.30914	     1.44564e-17	
      7070.20759	     1.47562e-17	
      7072.10604	     1.58330e-17	
      7074.00449	     1.52542e-17	
      7075.90294	     1.54266e-17	
      7077.80138	     1.63130e-17	
      7079.69983	     1.78774e-17	
      7081.59828	     1.70665e-17	
      7083.49673	     1.61508e-17	
      7085.39518	     1.60980e-17	
      7087.29363	     1.33272e-17	
      7089.19208	     1.08485e-17	
      7091.09053	     1.14972e-17	
      7092.98898	     1.19226e-17	
      7094.88743	     1.13382e-17	
      7096.78588	     1.18004e-17	
      7098.68433	     1.25985e-17	
      7100.58277	     1.29488e-17	
      7102.48122	     1.24718e-17	
      7104.37967	     1.30604e-17	
      7106.27812	     1.39467e-17	
      7108.17657	     1.42431e-17	
      7110.07502	     1.48030e-17	
      7111.97347	     1.55010e-17	
      7113.87192	     1.46657e-17	
      7115.77037	     1.54096e-17	
      7117.66882	     1.60105e-17	
      7119.56727	     1.60762e-17	
      7121.46572	     1.61442e-17	
      7123.36416	     1.47790e-17	
      7125.26261	     1.05610e-17	
      7127.16106	     9.46402e-18	
      7129.05951	     8.87879e-18	
      7130.95796	     1.00317e-17	
      7132.85641	     1.01985e-17	
      7134.75486	     1.00928e-17	
      7136.65331	     1.02716e-17	
      7138.55176	     8.95209e-18	
      7140.45021	     1.02190e-17	
      7142.34866	     1.05455e-17	
      7144.24711	     1.13785e-17	
      7146.14556	     1.19954e-17	
      7148.04400	     1.09503e-17	
      7149.94245	     1.01472e-17	
      7151.84090	     1.08831e-17	
      7153.73935	     1.22122e-17	
      7155.63780	     1.22756e-17	
      7157.53625	     1.32839e-17	
      7159.43470	     1.28957e-17	
      7161.33315	     1.14557e-17	
      7163.23160	     1.18479e-17	
      7165.13005	     1.23075e-17	
      7167.02850	     1.13640e-17	
      7168.92695	     1.22158e-17	
      7170.82539	     1.32298e-17	
      7172.72384	     1.27090e-17	
      7174.62229	     1.35273e-17	
      7176.52074	     1.32768e-17	
      7178.41919	     1.31817e-17	
      7180.31764	     1.32218e-17	
      7182.21609	     1.48214e-17	
      7184.11454	     1.53736e-17	
      7186.01299	     1.47796e-17	
      7187.91144	     1.58865e-17	
      7189.80989	     1.50583e-17	
      7191.70834	     1.52592e-17	
      7193.60678	     1.51180e-17	
      7195.50523	     1.52322e-17	
      7197.40368	     1.41491e-17	
      7199.30213	     1.33439e-17	
      7201.20058	     1.36359e-17	
      7203.09903	     1.38888e-17	
      7204.99748	     1.33453e-17	
      7206.89593	     1.48736e-17	
      7208.79438	     1.40268e-17	
      7210.69283	     1.49970e-17	
      7212.59128	     1.62614e-17	
      7214.48973	     1.53825e-17	
      7216.38817	     1.64582e-17	
      7218.28662	     1.76723e-17	
      7220.18507	     1.69316e-17	
      7222.08352	     1.56846e-17	
      7223.98197	     1.62941e-17	
      7225.88042	     1.70790e-17	
      7227.77887	     1.72559e-17	
      7229.67732	     1.74659e-17	
      7231.57577	     1.76459e-17	
      7233.47422	     1.69582e-17	
      7235.37267	     1.77414e-17	
      7237.27112	     1.63132e-17	
      7239.16956	     1.60397e-17	
      7241.06801	     2.03592e-17	
      7242.96646	     2.07427e-17	
      7244.86491	     2.10758e-17	
      7246.76336	     2.22155e-17	
      7248.66181	     2.10428e-17	
      7250.56026	     2.00527e-17	
      7252.45871	     1.96320e-17	
      7254.35716	     2.14047e-17	
      7256.25561	     2.20709e-17	
      7258.15406	     2.19623e-17	
      7260.05251	     2.28550e-17	
      7261.95096	     2.32509e-17	
      7263.84940	     2.24468e-17	
      7265.74785	     2.40245e-17	
      7267.64630	     2.26235e-17	
      7269.54475	     2.24270e-17	
      7271.44320	     2.29313e-17	
      7273.34165	     2.19626e-17	
      7275.24010	     2.23269e-17	
      7277.13855	     2.25232e-17	
      7279.03700	     2.28514e-17	
      7280.93545	     2.42780e-17	
      7282.83390	     2.22388e-17	
      7284.73235	     2.38479e-17	
      7286.63079	     2.36335e-17	
      7288.52924	     2.42294e-17	
      7290.42769	     2.57828e-17	
      7292.32614	     2.55411e-17	
      7294.22459	     2.56581e-17	
      7296.12304	     2.66632e-17	
      7298.02149	     2.47026e-17	
      7299.91994	     2.50440e-17	
      7301.81839	     2.76389e-17	
      7303.71684	     2.87562e-17	
      7305.61529	     2.72741e-17	
      7307.51374	     2.65923e-17	
      7309.41218	     2.80533e-17	
      7311.31063	     2.83803e-17	
      7313.20908	     2.74876e-17	
      7315.10753	     2.66949e-17	
      7317.00598	     2.71605e-17	
      7318.90443	     2.90528e-17	
      7320.80288	     2.87468e-17	
      7322.70133	     2.87103e-17	
      7324.59978	     2.75599e-17	
      7326.49823	     2.69691e-17	
      7328.39668	     2.85477e-17	
      7330.29513	     2.97304e-17	
      7332.19357	     2.93140e-17	
      7334.09202	     3.02480e-17	
      7335.99047	     3.05880e-17	
      7337.88892	     3.30705e-17	
      7339.78737	     3.23128e-17	
      7341.68582	     3.27165e-17	
      7343.58427	     3.32301e-17	
      7345.48272	     3.01166e-17	
      7347.38117	     3.07723e-17	
      7349.27962	     3.17046e-17	
      7351.17807	     3.35412e-17	
      7353.07652	     3.08663e-17	
      7354.97497	     3.06671e-17	
      7356.87341	     3.11267e-17	
      7358.77186	     3.07443e-17	
      7360.67031	     3.15917e-17	
      7362.56876	     3.19046e-17	
      7364.46721	     3.40656e-17	
      7366.36566	     3.34406e-17	
      7368.26411	     3.19473e-17	
      7370.16256	     3.41091e-17	
      7372.06101	     3.34050e-17	
      7373.95946	     3.44594e-17	
      7375.85791	     3.48255e-17	
      7377.75636	     3.54783e-17	
      7379.65480	     3.48125e-17	
      7381.55325	     3.39885e-17	
      7383.45170	     3.54066e-17	
      7385.35015	     3.54284e-17	
      7387.24860	     3.48617e-17	
      7389.14705	     3.48760e-17	
      7391.04550	     3.56884e-17	
      7392.94395	     3.66097e-17	
      7394.84240	     3.69335e-17	
      7396.74085	     3.53856e-17	
      7398.63930	     3.46610e-17	
      7400.53775	     3.34149e-17	
      7402.43619	     3.40798e-17	
      7404.33464	     3.41098e-17	
      7406.23309	     3.48811e-17	
      7408.13154	     3.52666e-17	
      7410.02999	     3.52033e-17	
      7411.92844	     3.50632e-17	
      7413.82689	     3.43803e-17	
      7415.72534	     3.55243e-17	
      7417.62379	     3.60136e-17	
      7419.52224	     3.67526e-17	
      7421.42069	     3.49035e-17	
      7423.31914	     3.62480e-17	
      7425.21758	     3.86514e-17	
      7427.11603	     3.80445e-17	
      7429.01448	     3.86994e-17	
      7430.91293	     3.67402e-17	
      7432.81138	     3.84161e-17	
      7434.70983	     3.68792e-17	
      7436.60828	     3.68095e-17	
      7438.50673	     3.73145e-17	
      7440.40518	     3.65381e-17	
      7442.30363	     3.54691e-17	
      7444.20208	     3.67267e-17	
      7446.10053	     3.70848e-17	
      7447.99898	     3.73541e-17	
      7449.89742	     3.71622e-17	
      7451.79587	     3.74801e-17	
      7453.69432	     3.85240e-17	
      7455.59277	     3.93046e-17	
      7457.49122	     3.77522e-17	
      7459.38967	     3.78065e-17	
      7461.28812	     3.73990e-17	
      7463.18657	     3.73492e-17	
      7465.08502	     3.86790e-17	
      7466.98347	     4.02134e-17	
      7468.88192	     3.90973e-17	
      7470.78037	     3.73296e-17	
      7472.67881	     3.76981e-17	
      7474.57726	     3.78579e-17	
      7476.47571	     3.93475e-17	
      7478.37416	     3.90253e-17	
      7480.27261	     3.87771e-17	
      7482.17106	     3.76409e-17	
      7484.06951	     3.83190e-17	
      7485.96796	     3.87440e-17	
      7487.86641	     3.69378e-17	
      7489.76486	     3.74039e-17	
      7491.66331	     3.79971e-17	
      7493.56176	     3.76032e-17	
      7495.46020	     3.85591e-17	
      7497.35865	     3.89847e-17	
      7499.25710	     3.99048e-17	
      7501.15555	     3.95996e-17	
      7503.05400	     4.03872e-17	
      7504.95245	     3.96289e-17	
      7506.85090	     4.10038e-17	
      7508.74935	     4.10776e-17	
      7510.64780	     4.01130e-17	
      7512.54625	     3.98142e-17	
      7514.44470	     4.14253e-17	
      7516.34315	     4.09806e-17	
      7518.24159	     4.08863e-17	
      7520.14004	     4.12846e-17	
      7522.03849	     4.19754e-17	
      7523.93694	     3.98397e-17	
      7525.83539	     4.02276e-17	
      7527.73384	     3.85010e-17	
      7529.63229	     4.31881e-17	
      7531.53074	     4.25361e-17	
      7533.42919	     4.37048e-17	
      7535.32764	     4.26363e-17	
      7537.22609	     4.22461e-17	
      7539.12454	     4.41687e-17	
      7541.02298	     4.46077e-17	
      7542.92143	     4.45648e-17	
      7544.81988	     4.28522e-17	
      7546.71833	     4.19997e-17	
      7548.61678	     4.32639e-17	
      7550.51523	     4.24600e-17	
      7552.41368	     4.26683e-17	
      7554.31213	     4.30908e-17	
      7556.21058	     4.18050e-17	
      7558.10903	     4.31188e-17	
      7560.00748	     4.58010e-17	
      7561.90593	     4.51630e-17	
      7563.80438	     4.25325e-17	
      7565.70282	     4.13344e-17	
      7567.60127	     4.12763e-17	
      7569.49972	     4.18571e-17	
      7571.39817	     4.35169e-17	
      7573.29662	     4.40553e-17	
      7575.19507	     4.38117e-17	
      7577.09352	     4.45138e-17	
      7578.99197	     4.46466e-17	
      7580.89042	     4.66112e-17	
      7582.78887	     4.44632e-17	
      7584.68732	     4.43328e-17	
      7586.58577	     4.13501e-17	
      7588.48421	     3.63875e-17	
      7590.38266	     3.18685e-17	
      7592.28111	     2.81053e-17	
      7594.17956	     2.29507e-17	
      7596.07801	     2.14105e-17	
      7597.97646	     1.67709e-17	
      7599.87491	     1.48772e-17	
      7601.77336	     1.40704e-17	
      7603.67181	     1.31898e-17	
      7605.57026	     1.41069e-17	
      7607.46871	     1.56057e-17	
      7609.36716	     1.76865e-17	
      7611.26560	     2.16715e-17	
      7613.16405	     2.57647e-17	
      7615.06250	     3.03537e-17	
      7616.96095	     3.58663e-17	
      7618.85940	     3.60152e-17	
      7620.75785	     3.04688e-17	
      7622.65630	     2.81067e-17	
      7624.55475	     2.54054e-17	
      7626.45320	     2.11367e-17	
      7628.35165	     1.90538e-17	
      7630.25010	     2.11036e-17	
      7632.14855	     2.16480e-17	
      7634.04699	     2.12288e-17	
      7635.94544	     2.20932e-17	
      7637.84389	     2.38630e-17	
      7639.74234	     2.41290e-17	
      7641.64079	     2.30106e-17	
      7643.53924	     2.34107e-17	
      7645.43769	     2.53022e-17	
      7647.33614	     2.63077e-17	
      7649.23459	     2.63582e-17	
      7651.13304	     2.70506e-17	
      7653.03149	     2.73193e-17	
      7654.92994	     3.07409e-17	
      7656.82839	     3.00719e-17	
      7658.72683	     2.73886e-17	
      7660.62528	     2.40592e-17	
      7662.52373	     1.90851e-17	
      7664.42218	     1.73407e-17	
      7666.32063	     1.90462e-17	
      7668.21908	     2.12531e-17	
      7670.11753	     2.29382e-17	
      7672.01598	     2.32455e-17	
      7673.91443	     2.40679e-17	
      7675.81288	     2.45939e-17	
      7677.71133	     2.66983e-17	
      7679.60978	     2.51708e-17	
      7681.50822	     2.62552e-17	
      7683.40667	     2.55889e-17	
      7685.30512	     2.69800e-17	
      7687.20357	     2.84980e-17	
      7689.10202	     2.81829e-17	
      7691.00047	     2.86696e-17	
      7692.89892	     2.74437e-17	
      7694.79737	     2.35694e-17	
      7696.69582	     1.94702e-17	
      7698.59427	     1.94047e-17	
      7700.49272	     2.23000e-17	
      7702.39117	     2.48722e-17	
      7704.28961	     2.56314e-17	
      7706.18806	     2.69766e-17	
      7708.08651	     2.82733e-17	
      7709.98496	     2.97322e-17	
      7711.88341	     2.71187e-17	
      7713.78186	     2.91987e-17	
      7715.68031	     2.88960e-17	
      7717.57876	     3.07476e-17	
      7719.47721	     3.15917e-17	
      7721.37566	     3.14623e-17	
      7723.27411	     3.13228e-17	
      7725.17256	     3.23288e-17	
      7727.07100	     3.14320e-17	
      7728.96945	     3.14228e-17	
      7730.86790	     3.28823e-17	
      7732.76635	     3.18222e-17	
      7734.66480	     3.21294e-17	
      7736.56325	     3.36441e-17	
      7738.46170	     3.34588e-17	
      7740.36015	     3.33199e-17	
      7742.25860	     3.20467e-17	
      7744.15705	     3.18408e-17	
      7746.05550	     3.18802e-17	
      7747.95395	     2.81985e-17	
      7749.85240	     2.56843e-17	
      7751.75084	     2.77143e-17	
      7753.64929	     2.84398e-17	
      7755.54774	     2.77168e-17	
      7757.44619	     2.89608e-17	
      7759.34464	     2.94312e-17	
      7761.24309	     2.91502e-17	
      7763.14154	     2.93071e-17	
      7765.03999	     3.02943e-17	
      7766.93844	     3.20182e-17	
      7768.83689	     3.30387e-17	
      7770.73534	     3.30558e-17	
      7772.63379	     3.36695e-17	
      7774.53223	     3.30241e-17	
      7776.43068	     3.37518e-17	
      7778.32913	     3.36115e-17	
      7780.22758	     3.16872e-17	
      7782.12603	     2.97931e-17	
      7784.02448	     3.08185e-17	
      7785.92293	     2.89228e-17	
      7787.82138	     2.94988e-17	
      7789.71983	     3.06200e-17	
      7791.61828	     2.93218e-17	
      7793.51673	     3.33347e-17	
      7795.41518	     3.24907e-17	
      7797.31362	     3.35152e-17	
      7799.21207	     3.29947e-17	
      7801.11052	     3.23899e-17	
      7803.00897	     3.50631e-17	
      7804.90742	     3.61358e-17	
      7806.80587	     3.37169e-17	
      7808.70432	     3.51876e-17	
      7810.60277	     3.58262e-17	
      7812.50122	     3.67231e-17	
      7814.39967	     3.58955e-17	
      7816.29812	     3.39439e-17	
      7818.19657	     3.27004e-17	
      7820.09501	     3.23878e-17	
      7821.99346	     3.21109e-17	
      7823.89191	     3.35707e-17	
      7825.79036	     3.37647e-17	
      7827.68881	     3.09575e-17	
      7829.58726	     3.20336e-17	
      7831.48571	     3.28598e-17	
      7833.38416	     3.44456e-17	
      7835.28261	     3.67037e-17	
      7837.18106	     3.46060e-17	
      7839.07951	     3.38086e-17	
      7840.97796	     3.43050e-17	
      7842.87641	     3.68743e-17	
      7844.77485	     3.75084e-17	
      7846.67330	     3.53352e-17	
      7848.57175	     3.43206e-17	
      7850.47020	     3.66220e-17	
      7852.36865	     3.75707e-17	
      7854.26710	     3.35218e-17	
      7856.16555	     3.15339e-17	
      7858.06400	     3.27616e-17	
      7859.96245	     3.50115e-17	
      7861.86090	     3.70599e-17	
      7863.75935	     3.59129e-17	
      7865.65780	     3.34130e-17	
      7867.55624	     3.28473e-17	
      7869.45469	     3.21190e-17	
      7871.35314	     3.34726e-17	
      7873.25159	     3.49818e-17	
      7875.15004	     3.65298e-17	
      7877.04849	     3.83635e-17	
      7878.94694	     4.02887e-17	
      7880.84539	     4.26305e-17	
      7882.74384	     4.04082e-17	
      7884.64229	     3.84248e-17	
      7886.54074	     4.00841e-17	
      7888.43919	     4.27264e-17	
      7890.33763	     4.20890e-17	
      7892.23608	     4.01257e-17	
      7894.13453	     4.14566e-17	
      7896.03298	     4.01494e-17	
      7897.93143	     3.97562e-17	
      7899.82988	     4.13656e-17	
      7901.72833	     4.07366e-17	
      7903.62678	     3.97109e-17	
      7905.52523	     3.89192e-17	
      7907.42368	     3.57278e-17	
      7909.32213	     3.58476e-17	
      7911.22058	     3.44518e-17	
      7913.11902	     3.88170e-17	
      7915.01747	     4.04029e-17	
      7916.91592	     3.81402e-17	
      7918.81437	     3.86748e-17	
      7920.71282	     3.70090e-17	
      7922.61127	     3.80147e-17	
      7924.50972	     3.72275e-17	
      7926.40817	     4.09555e-17	
      7928.30662	     4.23215e-17	
      7930.20507	     4.37765e-17	
      7932.10352	     4.33361e-17	
      7934.00197	     4.40898e-17	
      7935.90041	     4.38593e-17	
      7937.79886	     4.26127e-17	
      7939.69731	     4.28689e-17	
      7941.59576	     4.28030e-17	
      7943.49421	     3.98046e-17	
      7945.39266	     4.16261e-17	
      7947.29111	     4.45626e-17	
      7949.18956	     4.28081e-17	
      7951.08801	     4.40007e-17	
      7952.98646	     4.57860e-17	
      7954.88491	     4.39519e-17	
      7956.78336	     4.35931e-17	
      7958.68181	     4.30522e-17	
      7960.58025	     4.32015e-17	
      7962.47870	     4.51026e-17	
      7964.37715	     4.73196e-17	
      7966.27560	     4.69708e-17	
      7968.17405	     4.57713e-17	
      7970.07250	     4.63523e-17	
      7971.97095	     4.80537e-17	
      7973.86940	     4.61400e-17	
      7975.76785	     4.46523e-17	
      7977.66630	     4.69643e-17	
      7979.56475	     4.77450e-17	
      7981.46320	     4.77777e-17	
      7983.36164	     4.78327e-17	
      7985.26009	     4.45546e-17	
      7987.15854	     4.48554e-17	
      7989.05699	     4.77771e-17	
      7990.95544	     5.03021e-17	
      7992.85389	     5.07289e-17	
      7994.75234	     5.07154e-17	
      7996.65079	     4.74634e-17	
      7998.54924	     4.32205e-17	
      8000.44769	     4.36325e-17	
      8002.34614	     4.44393e-17	
      8004.24459	     4.57477e-17	
      8006.14303	     4.79903e-17	
      8008.04148	     4.71095e-17	
      8009.93993	     4.70995e-17	
      8011.83838	     5.06012e-17	
      8013.73683	     5.07983e-17	
      8015.63528	     4.95345e-17	
      8017.53373	     5.02432e-17	
      8019.43218	     4.87912e-17	
      8021.33063	     4.64864e-17	
      8023.22908	     4.52064e-17	
      8025.12753	     4.81099e-17	
      8027.02598	     5.05038e-17	
      8028.92442	     5.09101e-17	
      8030.82287	     5.22214e-17	
      8032.72132	     5.06700e-17	
      8034.61977	     5.30441e-17	
      8036.51822	     5.14536e-17	
      8038.41667	     5.03171e-17	
      8040.31512	     5.19093e-17	
      8042.21357	     5.03259e-17	
      8044.11202	     4.85312e-17	
      8046.01047	     4.86697e-17	
      8047.90892	     5.03724e-17	
      8049.80737	     5.30604e-17	
      8051.70582	     5.55394e-17	
      8053.60426	     5.60395e-17	
      8055.50271	     5.55018e-17	
      8057.40116	     5.59219e-17	
      8059.29961	     5.32844e-17	
      8061.19806	     5.27603e-17	
      8063.09651	     5.59553e-17	
      8064.99496	     5.43076e-17	
      8066.89341	     5.23095e-17	
      8068.79186	     5.49907e-17	
      8070.69031	     5.36014e-17	
      8072.58876	     4.88661e-17	
      8074.48721	     5.14743e-17	
      8076.38565	     5.31718e-17	
      8078.28410	     5.47244e-17	
      8080.18255	     5.58051e-17	
      8082.08100	     5.70030e-17	
      8083.97945	     5.54615e-17	
      8085.87790	     5.47736e-17	
      8087.77635	     5.42701e-17	
      8089.67480	     5.36158e-17	
      8091.57325	     5.56984e-17	
      8093.47170	     5.72964e-17	
      8095.37015	     5.63887e-17	
      8097.26860	     5.65778e-17	
      8099.16704	     5.47598e-17	
      8101.06549	     5.33396e-17	
      8102.96394	     5.40577e-17	
      8104.86239	     5.40695e-17	
      8106.76084	     5.40251e-17	
      8108.65929	     5.54363e-17	
      8110.55774	     5.56211e-17	
      8112.45619	     5.44106e-17	
      8114.35464	     5.30299e-17	
      8116.25309	     5.38063e-17	
      8118.15154	     5.46988e-17	
      8120.04999	     5.53985e-17	
      8121.94843	     5.64798e-17	
      8123.84688	     5.67995e-17	
      8125.74533	     5.86684e-17	
      8127.64378	     5.86481e-17	
      8129.54223	     5.67722e-17	
      8131.44068	     5.67576e-17	
      8133.33913	     5.63978e-17	
      8135.23758	     5.71065e-17	
      8137.13603	     5.76611e-17	
      8139.03448	     5.90032e-17	
      8140.93293	     6.05649e-17	
      8142.83138	     5.90280e-17	
      8144.72983	     5.84452e-17	
      8146.62827	     5.87451e-17	
      8148.52672	     5.90362e-17	
      8150.42517	     5.56933e-17	
      8152.32362	     5.52662e-17	
      8154.22207	     5.50155e-17	
      8156.12052	     5.51836e-17	
      8158.01897	     5.34310e-17	
      8159.91742	     5.41310e-17	
      8161.81587	     5.39191e-17	
      8163.71432	     5.49208e-17	
      8165.61277	     5.79172e-17	
      8167.51122	     5.67365e-17	
      8169.40966	     5.84517e-17	
      8171.30811	     5.89020e-17	
      8173.20656	     5.87687e-17	
      8175.10501	     5.81601e-17	
      8177.00346	     5.48478e-17	
      8178.90191	     4.95759e-17	
      8180.80036	     4.35449e-17	
      8182.69881	     4.32630e-17	
      8184.59726	     5.01098e-17	
      8186.49571	     5.30575e-17	
      8188.39416	     5.36735e-17	
      8190.29261	     5.01820e-17	
      8192.19105	     4.03186e-17	
      8194.08950	     3.73362e-17	
      8195.98795	     4.30532e-17	
      8197.88640	     4.65980e-17	
      8199.78485	     5.11520e-17	
      8201.68330	     5.51462e-17	
      8203.58175	     5.44458e-17	
      8205.48020	     5.51706e-17	
      8207.37865	     5.69065e-17	
      8209.27710	     5.68354e-17	
      8211.17555	     5.77105e-17	
      8213.07400	     5.84512e-17	
      8214.97244	     5.77462e-17	
      8216.87089	     5.70377e-17	
      8218.76934	     5.91118e-17	
      8220.66779	     5.73197e-17	
      8222.56624	     5.80081e-17	
      8224.46469	     5.91124e-17	
      8226.36314	     5.70991e-17	
      8228.26159	     5.52288e-17	
      8230.16004	     5.59383e-17	
      8232.05849	     5.64161e-17	
      8233.95694	     5.69792e-17	
      8235.85539	     5.64725e-17	
      8237.75383	     5.64338e-17	
      8239.65228	     5.45949e-17	
      8241.55073	     5.58172e-17	
      8243.44918	     5.66897e-17	
      8245.34763	     5.85246e-17	
      8247.24608	     6.11648e-17	
      8249.14453	     6.03951e-17	
      8251.04298	     5.92143e-17	
      8252.94143	     5.72546e-17	
      8254.83988	     5.79621e-17	
      8256.73833	     5.93207e-17	
      8258.63678	     5.79320e-17	
      8260.53523	     5.78000e-17	
      8262.43367	     5.85678e-17	
      8264.33212	     5.85119e-17	
      8266.23057	     5.71313e-17	
      8268.12902	     5.52183e-17	
      8270.02747	     5.53293e-17	
      8271.92592	     5.67229e-17	
      8273.82437	     5.68964e-17	
      8275.72282	     5.70504e-17	
      8277.62127	     5.56279e-17	
      8279.51972	     5.50104e-17	
      8281.41817	     5.60561e-17	
      8283.31662	     5.62509e-17	
      8285.21506	     5.77692e-17	
      8287.11351	     5.33920e-17	
      8289.01196	     5.43061e-17	
      8290.91041	     5.66448e-17	
      8292.80886	     5.59114e-17	
      8294.70731	     5.78317e-17	
      8296.60576	     5.88377e-17	
      8298.50421	     5.93709e-17	
      8300.40266	     5.86749e-17	
      8302.30111	     5.54346e-17	
      8304.19956	     5.43668e-17	
      8306.09801	     5.44854e-17	
      8307.99645	     5.65903e-17	
      8309.89490	     5.59363e-17	
      8311.79335	     5.53185e-17	
      8313.69180	     5.57551e-17	
      8315.59025	     5.53596e-17	
      8317.48870	     5.68480e-17	
      8319.38715	     5.53246e-17	
      8321.28560	     5.40508e-17	
      8323.18405	     5.23091e-17	
      8325.08250	     5.16277e-17	
      8326.98095	     5.29916e-17	
      8328.87940	     5.60322e-17	
      8330.77784	     5.67938e-17	
      8332.67629	     5.73062e-17	
      8334.57474	     5.82847e-17	
      8336.47319	     5.98286e-17	
      8338.37164	     6.20540e-17	
      8340.27009	     6.80236e-17	
      8342.16854	     7.08141e-17	
      8344.06699	     6.76751e-17	
      8345.96544	     6.33718e-17	
      8347.86389	     6.11720e-17	
      8349.76234	     5.72873e-17	
      8351.66079	     5.79734e-17	
      8353.55924	     5.50806e-17	
      8355.45768	     5.64330e-17	
      8357.35613	     5.49908e-17	
      8359.25458	     5.45504e-17	
      8361.15303	     5.40183e-17	
      8363.05148	     5.17350e-17	
      8364.94993	     5.33158e-17	
      8366.84838	     5.59941e-17	
      8368.74683	     5.73302e-17	
      8370.64528	     5.49584e-17	
      8372.54373	     5.43093e-17	
      8374.44218	     5.36330e-17	
      8376.34063	     5.44740e-17	
      8378.23907	     5.79491e-17	
      8380.13752	     5.81376e-17	
      8382.03597	     5.83325e-17	
      8383.93442	     5.79044e-17	
      8385.83287	     5.75737e-17	
      8387.73132	     5.74732e-17	
      8389.62977	     5.62736e-17	
      8391.52822	     5.51592e-17	
      8393.42667	     5.17667e-17	
      8395.32512	     5.00444e-17	
      8397.22357	     4.74011e-17	
      8399.12202	     4.82165e-17	
      8401.02046	     4.80758e-17	
      8402.91891	     4.99555e-17	
      8404.81736	     5.38906e-17	
      8406.71581	     5.59554e-17	
      8408.61426	     5.68360e-17	
      8410.51271	     6.00861e-17	
      8412.41116	     6.39740e-17	
      8414.30961	     6.57431e-17	
      8416.20806	     6.27130e-17	
      8418.10651	     6.00441e-17	
      8420.00496	     5.70550e-17	
      8421.90341	     5.81358e-17	
      8423.80185	     5.94877e-17	
      8425.70030	     6.01009e-17	
      8427.59875	     6.13040e-17	
      8429.49720	     5.95139e-17	
      8431.39565	     5.22932e-17	
      8433.29410	     4.78463e-17	
      8435.19255	     5.03494e-17	
      8437.09100	     5.19516e-17	
      8438.98945	     5.31133e-17	
      8440.88790	     5.15449e-17	
      8442.78635	     4.88887e-17	
      8444.68480	     4.89331e-17	
      8446.58325	     4.84609e-17	
      8448.48169	     4.66587e-17	
      8450.38014	     4.56376e-17	
      8452.27859	     4.30855e-17	
      8454.17704	     4.45840e-17	
      8456.07549	     4.76160e-17	
      8457.97394	     5.05373e-17	
      8459.87239	     5.42678e-17	
      8461.77084	     5.45664e-17	
      8463.66929	     4.95394e-17	
      8465.56774	     4.69688e-17	
      8467.46619	     4.55270e-17	
      8469.36464	     4.82329e-17	
      8471.26308	     5.15720e-17	
      8473.16153	     5.15332e-17	
      8475.05998	     5.40399e-17	
      8476.95843	     5.29002e-17	
      8478.85688	     5.28979e-17	
      8480.75533	     5.29828e-17	
      8482.65378	     5.13909e-17	
      8484.55223	     5.31716e-17	
      8486.45068	     5.44548e-17	
      8488.34913	     5.69841e-17	
      8490.24758	     5.79639e-17	
      8492.14603	     5.88896e-17	
      8494.04447	     5.44109e-17	
      8495.94292	     5.34520e-17	
      8497.84137	     5.42940e-17	
      8499.73982	     5.68253e-17	
      8501.63827	     5.74266e-17	
      8503.53672	     5.59833e-17	
      8505.43517	     5.63528e-17	
      8507.33362	     5.72941e-17	
      8509.23207	     5.31252e-17	
      8511.13052	     5.07147e-17	
      8513.02897	     4.97847e-17	
      8514.92742	     4.90234e-17	
      8516.82586	     4.73618e-17	
      8518.72431	     4.78694e-17	
      8520.62276	     4.83192e-17	
      8522.52121	     4.83219e-17	
      8524.41966	     5.08760e-17	
      8526.31811	     5.05041e-17	
      8528.21656	     4.96566e-17	
      8530.11501	     4.97374e-17	
      8532.01346	     5.18049e-17	
      8533.91191	     5.19401e-17	
      8535.81036	     5.50369e-17	
      8537.70881	     5.43203e-17	
      8539.60725	     5.19297e-17	
      8541.50570	     5.14442e-17	
      8543.40415	     5.09490e-17	
      8545.30260	     5.31452e-17	
      8547.20105	     4.92819e-17	
      8549.09950	     4.99474e-17	
      8550.99795	     5.26296e-17	
      8552.89640	     5.68920e-17	
      8554.79485	     5.82017e-17	
      8556.69330	     5.64050e-17	
      8558.59175	     5.59201e-17	
      8560.49020	     5.44301e-17	
      8562.38865	     5.74793e-17	
      8564.28709	     6.03302e-17	
      8566.18554	     5.98349e-17	
      8568.08399	     5.88092e-17	
      8569.98244	     5.78813e-17	
      8571.88089	     5.67282e-17	
      8573.77934	     5.72339e-17	
      8575.67779	     5.88440e-17	
      8577.57624	     5.87516e-17	
      8579.47469	     5.86757e-17	
      8581.37314	     5.89838e-17	
      8583.27159	     6.13551e-17	
      8585.17004	     6.00253e-17	
      8587.06848	     5.79037e-17	
      8588.96693	     5.59998e-17	
      8590.86538	     5.64834e-17	
      8592.76383	     5.64683e-17	
      8594.66228	     5.46865e-17	
      8596.56073	     5.50972e-17	
      8598.45918	     5.56016e-17	
      8600.35763	     5.55335e-17	
      8602.25608	     5.71092e-17	
      8604.15453	     5.66362e-17	
      8606.05298	     5.65263e-17	
      8607.95143	     5.40136e-17	
      8609.84987	     5.48562e-17	
      8611.74832	     5.72790e-17	
      8613.64677	     5.73285e-17	
      8615.54522	     5.93248e-17	
      8617.44367	     6.01517e-17	
      8619.34212	     6.20209e-17	
      8621.24057	     6.22160e-17	
      8623.13902	     6.08065e-17	
      8625.03747	     5.98702e-17	
      8626.93592	     6.08268e-17	
      8628.83437	     5.54291e-17	
      8630.73282	     5.47753e-17	
      8632.63126	     5.62355e-17	
      8634.52971	     5.55479e-17	
      8636.42816	     5.68999e-17	
      8638.32661	     5.71292e-17	
      8640.22506	     5.84877e-17	
      8642.12351	     5.68008e-17	
      8644.02196	     5.54682e-17	
      8645.92041	     5.45404e-17	
      8647.81886	     5.32420e-17	
      8649.71731	     5.11579e-17	
      8651.61576	     5.03963e-17	
      8653.51421	     5.30551e-17	
      8655.41266	     5.52712e-17	
      8657.31110	     5.46724e-17	
      8659.20955	     5.43098e-17	
      8661.10800	     5.33593e-17	
      8663.00645	     5.28603e-17	
      8664.90490	     5.54089e-17	
      8666.80335	     5.71595e-17	
      8668.70180	     5.96905e-17	
      8670.60025	     5.95707e-17	
      8672.49870	     5.84707e-17	
      8674.39715	     5.81082e-17	
      8676.29560	     6.09493e-17	
      8678.19405	     6.04400e-17	
      8680.09249	     5.52535e-17	
      8681.99094	     5.57009e-17	
      8683.88939	     5.61654e-17	
      8685.78784	     5.35761e-17	
      8687.68629	     5.24448e-17	
      8689.58474	     5.23844e-17	
      8691.48319	     5.34370e-17	
      8693.38164	     5.40920e-17	
      8695.28009	     5.40505e-17	
      8697.17854	     5.52614e-17	
      8699.07699	     5.74842e-17	
      8700.97544	     5.82857e-17	
      8702.87388	     6.26801e-17	
      8704.77233	     6.20695e-17	
      8706.67078	     5.91728e-17	
      8708.56923	     5.86125e-17	
      8710.46768	     5.77206e-17	
      8712.36613	     5.51528e-17	
      8714.26458	     5.32968e-17	
      8716.16303	     5.47369e-17	
      8718.06148	     5.57884e-17	
      8719.95993	     5.53511e-17	
      8721.85838	     5.35028e-17	
      8723.75683	     5.56740e-17	
      8725.65527	     5.81481e-17	
      8727.55372	     5.68543e-17	
      8729.45217	     5.62209e-17	
      8731.35062	     5.77060e-17	
      8733.24907	     5.57587e-17	
      8735.14752	     5.81834e-17	
      8737.04597	     5.89736e-17	
      8738.94442	     6.15865e-17	
      8740.84287	     6.29742e-17	
      8742.74132	     6.15763e-17	
      8744.63977	     6.34710e-17	
      8746.53822	     6.50979e-17	
      8748.43667	     6.56405e-17	
      8750.33511	     6.35609e-17	
      8752.23356	     6.54911e-17	
      8754.13201	     6.57245e-17	
      8756.03046	     6.38554e-17	
      8757.92891	     6.38332e-17	
      8759.82736	     6.66855e-17	
      8761.72581	     6.21512e-17	
      8763.62426	     6.20091e-17	
      8765.52271	     6.28152e-17	
      8767.42116	     6.41005e-17	
      8769.31961	     6.64861e-17	
      8771.21806	     7.08912e-17	
      8773.11650	     7.07659e-17	
      8775.01495	     7.13223e-17	
      8776.91340	     7.16490e-17	
      8778.81185	     6.83194e-17	
      8780.71030	     6.45815e-17	
      8782.60875	     6.51193e-17	
      8784.50720	     6.48959e-17	
      8786.40565	     6.89845e-17	
      8788.30410	     7.13968e-17	
      8790.20255	     6.87441e-17	
      8792.10100	     6.73927e-17	
      8793.99945	     6.53307e-17	
      8795.89789	     6.59997e-17	
      8797.79634	     6.53385e-17	
      8799.69479	     5.90754e-17	
      8801.59324	     5.73782e-17	
      8803.49169	     5.66241e-17	
      8805.39014	     5.65620e-17	
      8807.28859	     5.97962e-17	
      8809.18704	     6.43842e-17	
      8811.08549	     6.29898e-17	
      8812.98394	     6.34770e-17	
      8814.88239	     6.61956e-17	
      8816.78084	     6.75006e-17	
      8818.67928	     6.44898e-17	
      8820.57773	     6.50187e-17	
      8822.47618	     5.92035e-17	
      8824.37463	     6.17584e-17	
      8826.27308	     5.74176e-17	
      8828.17153	     6.03816e-17	
      8830.06998	     6.03438e-17	
      8831.96843	     6.40042e-17	
      8833.86688	     6.86331e-17	
      8835.76533	     6.77121e-17	
      8837.66378	     7.05704e-17	
      8839.56223	     7.19970e-17	
      8841.46068	     7.01177e-17	
      8843.35912	     6.72322e-17	
      8845.25757	     7.01237e-17	
      8847.15602	     6.83853e-17	
      8849.05447	     7.10661e-17	
      8850.95292	     7.25758e-17	
      8852.85137	     7.19167e-17	
      8854.74982	     6.99026e-17	
      8856.64827	     6.47918e-17	
      8858.54672	     6.26124e-17	
      8860.44517	     6.43761e-17	
      8862.34362	     6.95844e-17	
      8864.24207	     6.91515e-17	
      8866.14051	     6.53208e-17	
      8868.03896	     6.17862e-17	
      8869.93741	     5.89312e-17	
      8871.83586	     5.71600e-17	
      8873.73431	     5.94091e-17	
      8875.63276	     6.18372e-17	
      8877.53121	     6.03563e-17	
      8879.42966	     5.82141e-17	
      8881.32811	     5.48376e-17	
      8883.22656	     5.43194e-17	
      8885.12501	     5.64147e-17	
      8887.02346	     6.06271e-17	
      8888.92190	     6.06426e-17	
      8890.82035	     5.99962e-17	
      8892.71880	     6.14910e-17	
      8894.61725	     6.12051e-17	
      8896.51570	     6.16635e-17	
      8898.41415	     6.38722e-17	
      8900.31260	     6.84533e-17	
      8902.21105	     6.73403e-17	
      8904.10950	     6.84921e-17	
      8906.00795	     6.70518e-17	
      8907.90640	     6.60648e-17	
      8909.80485	     6.58102e-17	
      8911.70329	     6.72707e-17	
      8913.60174	     6.52369e-17	
      8915.50019	     6.79439e-17	
      8917.39864	     7.16569e-17	
      8919.29709	     6.66160e-17	
      8921.19554	     6.61693e-17	
      8923.09399	     6.42489e-17	
      8924.99244	     6.12875e-17	
      8926.89089	     6.29501e-17	
      8928.78934	     6.43841e-17	
      8930.68779	     6.60620e-17	
      8932.58624	     6.42122e-17	
      8934.48468	     6.32661e-17	
      8936.38313	     6.28264e-17	
      8938.28158	     6.68565e-17	
      8940.18003	     6.71426e-17	
      8942.07848	     6.24363e-17	
      8943.97693	     6.23896e-17	
      8945.87538	     6.42132e-17	
      8947.77383	     6.26547e-17	
      8949.67228	     6.20045e-17	
      8951.57073	     6.18830e-17	
      8953.46918	     5.85721e-17	
      8955.36763	     6.00465e-17	
      8957.26608	     6.07648e-17	
      8959.16452	     5.90020e-17	
      8961.06297	     6.00750e-17	
      8962.96142	     6.21557e-17	
      8964.85987	     6.17959e-17	
      8966.75832	     6.09454e-17	
      8968.65677	     6.22054e-17	
      8970.55522	     6.19156e-17	
      8972.45367	     6.39054e-17	
      8974.35212	     6.33762e-17	
      8976.25057	     6.38728e-17	
      8978.14902	     6.32607e-17	
      8980.04747	     6.42017e-17	
      8981.94591	     6.59015e-17	
      8983.84436	     6.52180e-17	
      8985.74281	     6.45434e-17	
      8987.64126	     6.32043e-17	
      8989.53971	     6.28246e-17	
      8991.43816	     6.30636e-17	
      8993.33661	     6.39870e-17	
      8995.23506	     6.44778e-17	
      8997.13351	     6.25694e-17	
      8999.03196	     5.93273e-17	
      9000.93041	     6.27862e-17	
      9002.82886	     6.85862e-17	
      9004.72730	     6.75070e-17	
      9006.62575	     6.61320e-17	
      9008.52420	     6.67254e-17	
      9010.42265	     6.51007e-17	
      9012.32110	     6.40782e-17	
      9014.21955	     6.23190e-17	
      9016.11800	     6.24033e-17	
      9018.01645	     6.09857e-17	
      9019.91490	     6.06753e-17	
      9021.81335	     6.17843e-17	
      9023.71180	     6.00379e-17	
      9025.61025	     5.97071e-17	
      9027.50869	     6.52029e-17	
      9029.40714	     6.67683e-17	
      9031.30559	     6.44469e-17	
      9033.20404	     6.68949e-17	
      9035.10249	     6.53077e-17	
      9037.00094	     6.40246e-17	
      9038.89939	     6.78601e-17	
      9040.79784	     6.53608e-17	
      9042.69629	     6.67016e-17	
      9044.59474	     6.70461e-17	
      9046.49319	     6.61043e-17	
      9048.39164	     6.76859e-17	
      9050.29009	     6.74834e-17	
      9052.18853	     6.74387e-17	
      9054.08698	     6.48763e-17	
      9055.98543	     6.31617e-17	
      9057.88388	     6.60533e-17	
      9059.78233	     6.71996e-17	
      9061.68078	     6.56743e-17	
      9063.57923	     6.72939e-17	
      9065.47768	     6.37681e-17	
      9067.37613	     6.29825e-17	
      9069.27458	     6.11393e-17	
      9071.17303	     6.30015e-17	
      9073.07148	     6.57976e-17	
      9074.96992	     6.57034e-17	
      9076.86837	     6.68342e-17	
      9078.76682	     6.76429e-17	
      9080.66527	     6.78453e-17	
      9082.56372	     6.45927e-17	
      9084.46217	     6.44382e-17	
      9086.36062	     5.93431e-17	
      9088.25907	     6.05206e-17	
      9090.15752	     6.24352e-17	
      9092.05597	     6.28728e-17	
      9093.95442	     6.56837e-17	
      9095.85287	     6.64764e-17	
      9097.75131	     6.71770e-17	
      9099.64976	     6.85183e-17	
      9101.54821	     6.83335e-17	
      9103.44666	     6.83287e-17	
      9105.34511	     6.77226e-17	
      9107.24356	     6.75539e-17	
      9109.14201	     6.74590e-17	
      9111.04046	     6.72916e-17	
      9112.93891	     6.87905e-17	
      9114.83736	     6.45121e-17	
      9116.73581	     6.47524e-17	
      9118.63426	     6.45488e-17	
      9120.53270	     6.85396e-17	
      9122.43115	     6.94199e-17	
      9124.32960	     6.83402e-17	
      9126.22805	     6.62178e-17	
      9128.12650	     6.67633e-17	
      9130.02495	     7.09796e-17	
      9131.92340	     6.96582e-17	
      9133.82185	     6.81549e-17	
      9135.72030	     6.82047e-17	
      9137.61875	     7.00187e-17	
      9139.51720	     6.89682e-17	
      9141.41565	     6.94088e-17	
      9143.31410	     7.13142e-17	
      9145.21254	     6.63838e-17	
      9147.11099	     6.83764e-17	
      9149.00944	     6.88344e-17	
      9150.90789	     6.86262e-17	
      9152.80634	     6.87336e-17	
      9154.70479	     6.90721e-17	
      9156.60324	     6.87352e-17	
      9158.50169	     6.80388e-17	
      9160.40014	     6.77681e-17	
      9162.29859	     6.70280e-17	
      9164.19704	     6.73288e-17	
      9166.09549	     6.86124e-17	
      9167.99393	     6.72321e-17	
      9169.89238	     6.71336e-17	
      9171.79083	     6.60384e-17	
      9173.68928	     6.71502e-17	
      9175.58773	     6.85407e-17	
      9177.48618	     6.83047e-17	
      9179.38463	     6.87970e-17	
      9181.28308	     6.67607e-17	
      9183.18153	     6.80272e-17	
      9185.07998	     6.99786e-17	
      9186.97843	     6.84884e-17	
      9188.87688	     7.01110e-17	
      9190.77532	     6.80666e-17	
      9192.67377	     6.75488e-17	
      9194.57222	     6.90172e-17	
      9196.47067	     7.02341e-17	
      9198.36912	     6.91455e-17	
      9200.26757	     7.13099e-17	
      9202.16602	     7.00380e-17	
      9204.06447	     6.72309e-17	
      9205.96292	     6.60724e-17	
      9207.86137	     6.74855e-17	
      9209.75982	     6.95391e-17	
      9211.65827	     7.05468e-17	
      9213.55671	     7.17344e-17	
      9215.45516	     6.89386e-17	
      9217.35361	     6.87619e-17	
      9219.25206	     7.05981e-17	
      9221.15051	     6.96238e-17	
      9223.04896	     7.17176e-17	
      9224.94741	     7.06671e-17	
      9226.84586	     6.95868e-17	
      9228.74431	     7.15490e-17	
      9230.64276	     7.01278e-17	
      9232.54121	     6.69059e-17	
      9234.43966	     6.60971e-17	
      9236.33810	     6.53474e-17	
      9238.23655	     6.57184e-17	
      9240.13500	     6.64689e-17	
      9242.03345	     6.51078e-17	
      9243.93190	     6.54638e-17	
      9245.83035	     6.52373e-17	
      9247.72880	     6.36918e-17	
      9249.62725	     6.61704e-17	
      9251.52570	     6.93413e-17	
      9253.42415	     6.94613e-17	
      9255.32260	     6.74248e-17	
      9257.22105	     6.58076e-17	
      9259.11950	     6.90670e-17	
      9261.01794	     6.71332e-17	
      9262.91639	     6.65764e-17	
      9264.81484	     6.81315e-17	
      9266.71329	     6.74939e-17	
      9268.61174	     6.45826e-17	
      9270.51019	     6.38058e-17	
      9272.40864	     6.20407e-17	
      9274.30709	     6.26283e-17	
      9276.20554	     6.23248e-17	
      9278.10399	     6.26103e-17	
      9280.00244	     6.28829e-17	
      9281.90089	     6.10917e-17	
      9283.79933	     6.33095e-17	
      9285.69778	     6.43145e-17	
      9287.59623	     6.43251e-17	
      9289.49468	     6.18443e-17	
      9291.39313	     6.22796e-17	
      9293.29158	     6.41042e-17	
      9295.19003	     6.74807e-17	
      9297.08848	     6.30944e-17	
      9298.98693	     6.24517e-17	
      9300.88538	     7.02187e-17	
      9302.78383	     6.30966e-17	
      9304.68228	     6.24646e-17	
      9306.58072	     6.55348e-17	
      9308.47917	     6.33031e-17	
      9310.37762	     6.38939e-17	
      9312.27607	     6.19019e-17	
      9314.17452	     6.04245e-17	
      9316.07297	     6.68996e-17	
      9317.97142	     6.49718e-17	
      9319.86987	     6.43215e-17	
      9321.76832	     6.71150e-17	
      9323.66677	     6.63581e-17	
      9325.56522	     6.91054e-17	
      9327.46367	     6.60163e-17	
      9329.36211	     6.58785e-17	
      9331.26056	     6.14483e-17	
      9333.15901	     6.35869e-17	
      9335.05746	     5.96495e-17	
      9336.95591	     6.08508e-17	
      9338.85436	     5.74918e-17	
      9340.75281	     5.44753e-17	
      9342.65126	     5.63091e-17	
      9344.54971	     5.71620e-17	
      9346.44816	     6.00482e-17	
      9348.34661	     6.05985e-17	
      9350.24506	     5.86632e-17	
      9352.14351	     5.87605e-17	
      9354.04195	     5.80552e-17	
      9355.94040	     5.67529e-17	
      9357.83885	     6.20024e-17	
      9359.73730	     6.18764e-17	
      9361.63575	     5.90140e-17	
      9363.53420	     5.61259e-17	
      9365.43265	     5.72651e-17	
      9367.33110	     5.66405e-17	
      9369.22955	     5.48075e-17	
      9371.12800	     5.77803e-17	
      9373.02645	     5.92368e-17	
      9374.92490	     6.09980e-17	
      9376.82334	     6.19124e-17	
      9378.72179	     7.14092e-17	
      9380.62024	     6.57504e-17	
      9382.51869	     5.85496e-17	
      9384.41714	     6.09193e-17	
      9386.31559	     6.18571e-17	
      9388.21404	     6.14096e-17	
      9390.11249	     6.35276e-17	
      9392.01094	     6.21993e-17	
      9393.90939	     6.59240e-17	
      9395.80784	     6.68113e-17	
      9397.70629	     6.13617e-17	
      9399.60473	     6.31654e-17	
      9401.50318	     5.95687e-17	
      9403.40163	     6.16902e-17	
      9405.30008	     6.10311e-17	
      9407.19853	     6.34504e-17	
      9409.09698	     6.25899e-17	
      9410.99543	     5.92456e-17	
      9412.89388	     5.79923e-17	
      9414.79233	     5.35077e-17	
      9416.69078	     5.84554e-17	
      9418.58923	     6.05331e-17	
      9420.48768	     5.88099e-17	
      9422.38612	     5.87592e-17	
      9424.28457	     5.65806e-17	
      9426.18302	     5.99361e-17	
      9428.08147	     6.17170e-17	
      9429.97992	     6.52470e-17	
      9431.87837	     6.86509e-17	
      9433.77682	     6.85317e-17	
      9435.67527	     6.79717e-17	
      9437.57372	     7.28273e-17	
      9439.47217	     6.76976e-17	
      9441.37062	     6.33469e-17	
      9443.26907	     6.23043e-17	
      9445.16752	     6.53450e-17	
      9447.06596	     6.19653e-17	
      9448.96441	     5.90676e-17	
      9450.86286	     6.36672e-17	
      9452.76131	     6.16210e-17	
      9454.65976	     5.81998e-17	
      9456.55821	     6.09814e-17	
      9458.45666	     6.76259e-17	
      9460.35511	     7.29362e-17	
      9462.25356	     7.10541e-17	
      9464.15201	     7.22308e-17	
      9466.05046	     6.99953e-17	
      9467.94891	     6.74451e-17	
      9469.84735	     6.18157e-17	
      9471.74580	     4.66655e-17	
      9473.64425	     4.27348e-17	
      9475.54270	     5.23091e-17	
      9477.44115	     5.28068e-17	
      9479.33960	     6.12680e-17	
      9481.23805	     6.74338e-17	
      9483.13650	     7.12441e-17	
      9485.03495	     7.49256e-17	
      9486.93340	     7.12619e-17	
      9488.83185	     7.03745e-17	
      9490.73030	     6.88681e-17	
      9492.62874	     6.93088e-17	
      9494.52719	     6.99105e-17	
      9496.42564	     6.66728e-17	
      9498.32409	     6.41602e-17	
      9500.22254	     7.48087e-17	
      9502.12099	     8.06575e-17	
      9504.01944	     8.01486e-17	
      9505.91789	     7.63326e-17	
      9507.81634	     7.05064e-17	
      9509.71479	     7.07629e-17	
      9511.61324	     6.92650e-17	
      9513.51169	     7.13165e-17	
      9515.41013	     6.55566e-17	
      9517.30858	     6.57382e-17	
      9519.20703	     7.27061e-17	
      9521.10548	     7.59507e-17	
      9523.00393	     7.10287e-17	
      9524.90238	     7.30214e-17	
      9526.80083	     7.18713e-17	
      9528.69928	     7.54906e-17	
      9530.59773	     7.54398e-17	
      9532.49618	     7.65718e-17	
      9534.39463	     7.66483e-17	
      9536.29308	     7.55366e-17	
      9538.19152	     7.31131e-17	
      9540.08997	     7.07811e-17	
      9541.98842	     6.62958e-17	
      9543.88687	     6.92511e-17	
      9545.78532	     7.32226e-17	
      9547.68377	     7.65530e-17	
      9549.58222	     7.51727e-17	
      9551.48067	     7.40762e-17	
      9553.37912	     7.90396e-17	
      9555.27757	     7.73551e-17	
      9557.17602	     7.87782e-17	
      9559.07447	     7.54099e-17	
      9560.97292	     7.86915e-17	
      9562.87136	     8.09249e-17	
      9564.76981	     7.80850e-17	
      9566.66826	     7.80658e-17	
      9568.56671	     7.71322e-17	
      9570.46516	     8.13109e-17	
      9572.36361	     7.85731e-17	
      9574.26206	     6.80531e-17	
      9576.16051	     7.11118e-17	
      9578.05896	     7.21238e-17	
      9579.95741	     7.70695e-17	
      9581.85586	     7.56297e-17	
      9583.75431	     7.55340e-17	
      9585.65275	     7.48186e-17	
      9587.55120	     6.95655e-17	
      9589.44965	     6.60547e-17	
      9591.34810	     6.70841e-17	
      9593.24655	     7.01740e-17	
      9595.14500	     7.21009e-17	
      9597.04345	     6.93392e-17	
      9598.94190	     7.28478e-17	
      9600.84035	     7.80394e-17	
      9602.73880	     7.65675e-17	
      9604.63725	     7.59643e-17	
      9606.53570	     7.42080e-17	
      9608.43414	     7.68572e-17	
      9610.33259	     7.46809e-17	
      9612.23104	     7.08682e-17	
      9614.12949	     7.31949e-17	
      9616.02794	     7.06663e-17	
      9617.92639	     6.92425e-17	
      9619.82484	     6.37104e-17	
      9621.72329	     6.24529e-17	
      9623.62174	     6.65933e-17	
      9625.52019	     6.90834e-17	
      9627.41864	     6.92265e-17	
      9629.31709	     7.48532e-17	
      9631.21553	     6.95556e-17	
      9633.11398	     6.24059e-17	
      9635.01243	     6.17305e-17	
      9636.91088	     6.18509e-17	
      9638.80933	     6.35630e-17	
      9640.70778	     6.35286e-17	
      9642.60623	     6.43557e-17	
      9644.50468	     6.58531e-17	
      9646.40313	     7.11569e-17	
      9648.30158	     7.63809e-17	
      9650.20003	     7.71038e-17	
      9652.09848	     7.68327e-17	
      9653.99693	     8.32789e-17	
      9655.89537	     7.98281e-17	
      9657.79382	     7.24955e-17	
      9659.69227	     7.81378e-17	
      9661.59072	     8.00120e-17	
      9663.48917	     7.82113e-17	
      9665.38762	     8.08695e-17	
      9667.28607	     7.91781e-17	
      9669.18452	     8.27079e-17	
      9671.08297	     8.16631e-17	
      9672.98142	     7.39850e-17	
      9674.87987	     7.32935e-17	
      9676.77832	     7.40332e-17	
      9678.67676	     7.98916e-17	
      9680.57521	     8.55240e-17	
      9682.47366	     7.70924e-17	
      9684.37211	     7.56646e-17	
      9686.27056	     7.74695e-17	
      9688.16901	     7.93505e-17	
      9690.06746	     8.09268e-17	
      9691.96591	     6.98307e-17	
      9693.86436	     7.51120e-17	
      9695.76281	     8.76441e-17	
      9697.66126	     8.23082e-17	
      9699.55971	     8.13341e-17	
      9701.45815	     8.06153e-17	
      9703.35660	     7.46072e-17	
      9705.25505	     7.59802e-17	
      9707.15350	     8.36487e-17	
      9709.05195	     8.28218e-17	
      9710.95040	     8.53801e-17	
      9712.84885	     8.72662e-17	
      9714.74730	     8.89899e-17	
      9716.64575	     9.25848e-17	
      9718.54420	     8.80772e-17	
      9720.44265	     8.15609e-17	
      9722.34110	     7.95822e-17	
      9724.23954	     7.57995e-17	
      9726.13799	     7.11825e-17	
      9728.03644	     6.92152e-17	
      9729.93489	     7.02297e-17	
      9731.83334	     6.80624e-17	
      9733.73179	     6.48964e-17	
      9735.63024	     7.36031e-17	
      9737.52869	     7.67114e-17	
      9739.42714	     7.14982e-17	
      9741.32559	     6.96826e-17	
      9743.22404	     6.85558e-17	
      9745.12249	     7.06112e-17	
      9747.02094	     7.09537e-17	
      9748.91938	     6.69218e-17	
      9750.81783	     7.32705e-17	
      9752.71628	     7.07074e-17	
      9754.61473	     7.09251e-17	
      9756.51318	     6.90344e-17	
      9758.41163	     6.87781e-17	
      9760.31008	     7.15096e-17	
      9762.20853	     6.90232e-17	
      9764.10698	     6.50799e-17	
      9766.00543	     6.86815e-17	
      9767.90388	     7.32875e-17	
      9769.80233	     6.84449e-17	
      9771.70077	     7.36613e-17	
      9773.59922	     7.38619e-17	
      9775.49767	     7.48119e-17	
      9777.39612	     7.49883e-17	
      9779.29457	     6.71681e-17	
      9781.19302	     6.68774e-17	
      9783.09147	     6.33718e-17	
      9784.98992	     5.85362e-17	
      9786.88837	     6.38558e-17	
      9788.78682	     5.64637e-17	
      9790.68527	     7.18446e-17	
      9792.58372	     7.10734e-17	
      9794.48216	     7.33450e-17	
      9796.38061	     7.46586e-17	
      9798.27906	     8.19763e-17	
      9800.17751	     7.44974e-17	
      9802.07596	     7.33602e-17	
      9803.97441	     7.58157e-17	
      9805.87286	     8.27703e-17	
      9807.77131	     8.05627e-17	
      9809.66976	     8.62427e-17	
      9811.56821	     8.85372e-17	
      9813.46666	     9.23590e-17	
      9815.36511	     9.57474e-17	
      9817.26355	     9.17869e-17	
      9819.16200	     8.77321e-17	
      9821.06045	     8.59201e-17	
      9822.95890	     8.76934e-17	
      9824.85735	     8.98135e-17	
      9826.75580	     8.28132e-17	
      9828.65425	     7.62049e-17	
      9830.55270	     7.97425e-17	
      9832.45115	     8.49363e-17	
      9834.34960	     8.39074e-17	
      9836.24805	     7.68680e-17	
      9838.14650	     7.50546e-17	
      9840.04495	     7.88346e-17	
      9841.94339	     7.18913e-17	
      9843.84184	     7.31931e-17	
      9845.74029	     8.04508e-17	
      9847.63874	     7.31549e-17	
      9849.53719	     7.73627e-17	
      9851.43564	     8.23729e-17	
      9853.33409	     8.57452e-17	
      9855.23254	     8.52083e-17	
      9857.13099	     8.84322e-17	
      9859.02944	     7.89062e-17	
      9860.92789	     8.06483e-17	
      9862.82634	     8.94253e-17	
      9864.72478	     8.06367e-17	
      9866.62323	     7.39954e-17	
      9868.52168	     7.79813e-17	
      9870.42013	     9.08031e-17	
      9872.31858	     8.65209e-17	
      9874.21703	     8.35260e-17	
      9876.11548	     9.24213e-17	
      9878.01393	     9.42380e-17	
      9879.91238	     8.57293e-17	
      9881.81083	     9.14518e-17	
      9883.70928	     9.21194e-17	
      9885.60773	     8.91144e-17	
      9887.50617	     8.03778e-17	
      9889.40462	     7.66095e-17	
      9891.30307	     6.74725e-17	
      9893.20152	     5.64344e-17	
      9895.09997	     7.50771e-17	
      9896.99842	     7.92688e-17	
      9898.89687	     6.98269e-17	
      9900.79532	     7.39430e-17	
      9902.69377	     6.80241e-17	
      9904.59222	     6.22256e-17	
      9906.49067	     7.10967e-17	
      9908.38912	     7.78522e-17	
      9910.28756	     8.20193e-17	
      9912.18601	     7.92818e-17	
      9914.08446	     7.93519e-17	
      9915.98291	     8.11930e-17	
      9917.88136	     7.89739e-17	
      9919.77981	     7.60694e-17	
      9921.67826	     7.72941e-17	
      9923.57671	     7.97510e-17	
      9925.47516	     7.64215e-17	
      9927.37361	     8.58843e-17	
      9929.27206	     7.38267e-17	
      9931.17051	     7.98191e-17	
      9933.06895	     7.77433e-17	
      9934.96740	     8.57147e-17	
      9936.86585	     9.43842e-17	
      9938.76430	     9.28347e-17	
      9940.66275	     9.22105e-17	
      9942.56120	     7.51112e-17	
      9944.45965	     9.19352e-17	
      9946.35810	     1.06828e-16	
      9948.25655	     9.36096e-17	
      9950.15500	     8.19895e-17	
      9952.05345	     8.04518e-17	
      9953.95190	     8.19135e-17	
      9955.85035	     7.29253e-17	
      9957.74879	     7.50162e-17	
      9959.64724	     7.53434e-17	
      9961.54569	     8.97794e-17	
      9963.44414	     7.72423e-17	
      9965.34259	     7.90821e-17	
      9967.24104	     7.87871e-17	
      9969.13949	     6.77018e-17	
      9971.03794	     6.22874e-17	
      9972.93639	     7.34167e-17	
      9974.83484	     8.23165e-17	
      9976.73329	     7.43763e-17	
      9978.63174	     7.55802e-17	
      9980.53018	     7.35858e-17	
      9982.42863	     6.83331e-17	
      9984.32708	     7.16239e-17	
      9986.22553	     7.69133e-17	
      9988.12398	     7.57239e-17	
      9990.02243	     6.89031e-17	
      9991.92088	     7.42310e-17	
      9993.81933	     7.52266e-17	
      9995.71778	     7.06015e-17	
      9997.61623	     6.92085e-17	
      9999.51468	     7.72385e-17	
     10001.41313	     8.23639e-17	
     10003.31157	     6.52958e-17	
     10005.21002	     8.05090e-17	
     10007.10847	     9.83964e-17	
     10009.00692	     1.01173e-16	
     10010.90537	     9.98945e-17	
     10012.80382	     1.07957e-16	
     10014.70227	     8.65547e-17	
     10016.60072	     8.32439e-17	
     10018.49917	     9.14407e-17	
     10020.39762	     9.19993e-17	
     10022.29607	     8.16131e-17	
     10024.19452	     6.29305e-17	
     10026.09296	     5.84411e-17	
     10027.99141	     7.39136e-17	
     10029.88986	     7.17250e-17	
     10031.78831	     8.67621e-17	
     10033.68676	     9.10603e-17	
     10035.58521	     9.03064e-17	
     10037.48366	     9.16168e-17	
     10039.38211	     9.81273e-17	
     10041.28056	     8.49711e-17	
     10043.17901	     8.76836e-17	
     10045.07746	     1.00226e-16	
     10046.97591	     8.66709e-17	
     10048.87436	     8.01325e-17	
     10050.77280	     7.34541e-17	
     10052.67125	     8.08660e-17	
     10054.56970	     7.70582e-17	
     10056.46815	     6.86990e-17	
     10058.36660	     7.08071e-17	
     10060.26505	     7.27995e-17	
     10062.16350	     6.63166e-17	
     10064.06195	     8.09425e-17	
     10065.96040	     7.64639e-17	
     10067.85885	     6.95978e-17	
     10069.75730	     6.31627e-17	
     10071.65575	     8.23008e-17	
     10073.55419	     9.45232e-17	
     10075.45264	     1.05522e-16	
     10077.35109	     1.12229e-16	
     10079.24954	     1.06723e-16	
     10081.14799	     1.09182e-16	
     10083.04644	     1.03635e-16	
     10084.94489	     9.76990e-17	
     10086.84334	     8.86603e-17	
     10088.74179	     9.31255e-17	
     10090.64024	     9.54994e-17	
     10092.53869	     9.84163e-17	
     10094.43714	     1.04500e-16	
     10096.33558	     1.01883e-16	
     10098.23403	     1.09097e-16	
     10100.13248	     9.86670e-17	
     10102.03093	     9.15209e-17	
     10103.92938	     9.81477e-17	
     10105.82783	     8.93316e-17	
     10107.72628	     9.49828e-17	
     10109.62473	     1.04407e-16	
     10111.52318	     9.00148e-17	
     10113.42163	     9.35361e-17	
     10115.32008	     8.56923e-17	
     10117.21853	     9.43301e-17	
     10119.11697	     1.00734e-16	
     10121.01542	     8.93199e-17	
     10122.91387	     9.73848e-17	
     10124.81232	     1.01385e-16	
     10126.71077	     8.31523e-17	
     10128.60922	     9.29366e-17	
     10130.50767	     1.03663e-16	
     10132.40612	     1.06839e-16	
     10134.30457	     9.56063e-17	
     10136.20302	     9.81119e-17	
     10138.10147	     1.04736e-16	
     10139.99992	     2.95390e-17	
#time:0.208686
