# Keck LRIS spectra of late-M, L and T dwarfs
# spty = L1.5  (Spectral type)
#
#    WAVELENGTH	#            FLUX	
#    (ANGSTROM)	#   (ERG/CM2/S/A)	
###############	#################	
     6160.00000	      3.76519e-18	
     6161.90000	     -1.14566e-18	
     6163.80000	      2.69745e-18	
     6165.70000	      2.08021e-18	
     6167.60000	      1.39881e-18	
     6169.50000	      5.86360e-18	
     6171.40000	      3.62404e-18	
     6173.30000	      2.90842e-18	
     6175.20000	      3.21500e-18	
     6177.10000	     -8.53305e-19	
     6179.00000	      1.42431e-18	
     6180.90000	      6.73799e-18	
     6182.80000	      4.83499e-18	
     6184.70000	      5.06723e-18	
     6186.60000	      1.48351e-18	
     6188.50000	     -2.42902e-19	
     6190.40000	     -1.93850e-18	
     6192.30000	      9.90558e-19	
     6194.20000	      6.61052e-18	
     6196.10000	      2.10206e-18	
     6198.00000	      4.67662e-18	
     6199.90000	     -1.83225e-18	
     6201.80000	     -2.60912e-18	
     6203.70000	     -5.02943e-19	
     6205.60000	      2.00172e-18	
     6207.50000	      2.61608e-18	
     6209.40000	     -8.14184e-19	
     6211.30000	     -1.41275e-18	
     6213.20000	      4.08996e-18	
     6215.10000	      1.34743e-18	
     6217.00000	     -1.60544e-18	
     6218.90000	      1.05054e-18	
     6220.80000	     -4.42186e-19	
     6222.70000	      1.26639e-18	
     6224.60000	      4.34013e-18	
     6226.50000	      2.41962e-18	
     6228.40000	      1.85393e-18	
     6230.30000	      2.84481e-18	
     6232.20000	      2.23114e-18	
     6234.10000	      3.73410e-18	
     6236.00000	      2.84369e-18	
     6237.90000	      3.31699e-18	
     6239.80000	      3.11934e-18	
     6241.70000	      2.23054e-18	
     6243.60000	      4.81133e-18	
     6245.50000	      1.33299e-18	
     6247.40000	      3.02675e-18	
     6249.30000	      1.84642e-18	
     6251.20000	     -2.38310e-18	
     6253.10000	      1.17091e-18	
     6255.00000	      1.79922e-18	
     6256.90000	      3.75885e-18	
     6258.80000	      1.69898e-18	
     6260.70000	      2.87682e-18	
     6262.60000	      3.83380e-18	
     6264.50000	      4.52775e-18	
     6266.40000	     -1.03709e-18	
     6268.30000	      1.70656e-19	
     6270.20000	      2.57378e-18	
     6272.10000	      4.47887e-19	
     6274.00000	     -1.66350e-18	
     6275.90000	      3.03432e-18	
     6277.80000	      7.25728e-19	
     6279.70000	      3.93386e-19	
     6281.60000	      2.55288e-18	
     6283.50000	      3.23260e-18	
     6285.40000	      7.04122e-18	
     6287.30000	      6.35877e-18	
     6289.20000	     -2.91700e-18	
     6291.10000	      1.63161e-18	
     6293.00000	      1.61725e-18	
     6294.90000	      3.05790e-18	
     6296.80000	      1.19607e-18	
     6298.70000	      6.89478e-19	
     6300.60000	      7.37470e-18	
     6302.50000	      1.46953e-18	
     6304.40000	      3.86374e-18	
     6306.30000	      4.52532e-18	
     6308.20000	      8.28759e-19	
     6310.10000	      5.22152e-18	
     6312.00000	      3.52409e-18	
     6313.90000	      1.13612e-18	
     6315.80000	      1.16536e-18	
     6317.70000	      4.33590e-18	
     6319.60000	      6.42528e-18	
     6321.50000	      5.89277e-18	
     6323.40000	      2.43919e-18	
     6325.30000	      1.74749e-19	
     6327.20000	      1.45163e-18	
     6329.10000	      6.26736e-18	
     6331.00000	      5.84583e-18	
     6332.90000	      8.24184e-18	
     6334.80000	      5.11346e-18	
     6336.70000	      2.38864e-18	
     6338.60000	      1.11168e-18	
     6340.50000	      5.31761e-18	
     6342.40000	      3.58979e-18	
     6344.30000	      1.63997e-18	
     6346.20000	      2.06202e-18	
     6348.10000	     -6.54013e-19	
     6350.00000	     -8.32046e-19	
     6351.90000	      4.13543e-18	
     6353.80000	      1.05514e-18	
     6355.70000	      2.30695e-19	
     6357.60000	     -1.71449e-18	
     6359.50000	      3.11337e-18	
     6361.40000	      6.56310e-18	
     6363.30000	      5.72435e-18	
     6365.20000	      4.20528e-18	
     6367.10000	      3.89355e-18	
     6369.00000	      6.72892e-18	
     6370.90000	      9.49114e-18	
     6372.80000	      9.30666e-18	
     6374.70000	      5.81474e-18	
     6376.60000	      3.51060e-18	
     6378.50000	      9.06125e-18	
     6380.40000	      6.08334e-18	
     6382.30000	      8.25140e-18	
     6384.20000	      6.11095e-18	
     6386.10000	      3.18101e-18	
     6388.00000	      3.69623e-18	
     6389.90000	      1.81797e-18	
     6391.80000	      7.62994e-19	
     6393.70000	      6.32340e-18	
     6395.60000	      5.62487e-18	
     6397.50000	      3.86817e-18	
     6399.40000	     -5.19610e-19	
     6401.30000	      2.29778e-18	
     6403.20000	      3.51215e-18	
     6405.10000	      5.42143e-18	
     6407.00000	      3.77448e-18	
     6408.90000	      2.32767e-18	
     6410.80000	      5.43435e-18	
     6412.70000	      2.30173e-18	
     6414.60000	      3.86873e-19	
     6416.50000	     -1.64535e-19	
     6418.40000	      2.63421e-18	
     6420.30000	      4.09261e-18	
     6422.20000	      1.33222e-18	
     6424.10000	      2.29506e-18	
     6426.00000	      5.09943e-18	
     6427.90000	      3.16445e-18	
     6429.80000	     -1.20234e-18	
     6431.70000	      3.49094e-18	
     6433.60000	      6.46287e-18	
     6435.50000	      1.94596e-18	
     6437.40000	      2.48547e-18	
     6439.30000	      4.45390e-18	
     6441.20000	      1.81803e-18	
     6443.10000	      7.48498e-18	
     6445.00000	      2.30119e-18	
     6446.90000	      5.30040e-18	
     6448.80000	      4.60562e-18	
     6450.70000	      4.15481e-19	
     6452.60000	      3.08634e-18	
     6454.50000	      6.80706e-19	
     6456.40000	      1.61907e-18	
     6458.30000	     -8.88544e-19	
     6460.20000	      2.19844e-18	
     6462.10000	      6.76982e-18	
     6464.00000	      5.17503e-18	
     6465.90000	      2.66684e-18	
     6467.80000	      1.73767e-18	
     6469.70000	      5.07389e-18	
     6471.60000	      5.70319e-18	
     6473.50000	      3.85059e-18	
     6475.40000	      4.99198e-18	
     6477.30000	      2.52886e-18	
     6479.20000	      5.32134e-20	
     6481.10000	      6.01143e-18	
     6483.00000	      5.81079e-18	
     6484.90000	      5.29455e-18	
     6486.80000	     -2.11667e-18	
     6488.70000	      3.87802e-18	
     6490.60000	      9.38895e-18	
     6492.50000	      5.48945e-18	
     6494.40000	      1.02051e-17	
     6496.30000	      3.42482e-17	
     6498.20000	      4.22624e-17	
     6500.10000	      3.37241e-17	
     6502.00000	      3.15643e-18	
     6503.90000	      4.77815e-18	
     6505.80000	      4.23112e-18	
     6507.70000	      2.44355e-18	
     6509.60000	      3.61405e-18	
     6511.50000	      5.73068e-18	
     6513.40000	      6.83578e-18	
     6515.30000	      5.68425e-18	
     6517.20000	      3.80830e-19	
     6519.10000	      3.33835e-18	
     6521.00000	      4.01235e-18	
     6522.90000	      3.81801e-18	
     6524.80000	      7.31712e-18	
     6526.70000	      7.63722e-18	
     6528.60000	      5.78353e-18	
     6530.50000	      6.35944e-18	
     6532.40000	      7.08134e-18	
     6534.30000	      6.39494e-18	
     6536.20000	      9.25235e-18	
     6538.10000	      7.29835e-18	
     6540.00000	      8.20125e-18	
     6541.90000	      3.12399e-18	
     6543.80000	      7.15488e-18	
     6545.70000	      6.58869e-18	
     6547.60000	      1.33286e-18	
     6549.50000	      4.52282e-18	
     6551.40000	      6.38644e-18	
     6553.30000	      7.48721e-18	
     6555.20000	      5.83773e-18	
     6557.10000	      1.40157e-18	
     6559.00000	      3.99089e-18	
     6560.90000	      7.16084e-18	
     6562.80000	      1.13094e-17	
     6564.70000	      1.26666e-17	
     6566.60000	      7.11710e-18	
     6568.50000	      2.27419e-18	
     6570.40000	      4.73886e-18	
     6572.30000	      8.17575e-18	
     6574.20000	      7.74825e-18	
     6576.10000	      5.35830e-18	
     6578.00000	      5.06193e-18	
     6579.90000	      3.87926e-18	
     6581.80000	      6.68858e-18	
     6583.70000	      4.12740e-18	
     6585.60000	      8.26376e-18	
     6587.50000	      3.76720e-18	
     6589.40000	      1.45613e-18	
     6591.30000	      7.79748e-18	
     6593.20000	      7.30885e-18	
     6595.10000	      5.36487e-18	
     6597.00000	      3.89469e-18	
     6598.90000	      8.00432e-18	
     6600.80000	      5.73358e-18	
     6602.70000	      8.65599e-18	
     6604.60000	      1.20957e-17	
     6606.50000	      6.15418e-18	
     6608.40000	      7.38415e-18	
     6610.30000	      9.15832e-18	
     6612.20000	      1.02432e-17	
     6614.10000	      7.64174e-18	
     6616.00000	      9.16163e-18	
     6617.90000	      7.08859e-18	
     6619.80000	      1.58775e-17	
     6621.70000	      1.97100e-17	
     6623.60000	      1.01660e-17	
     6625.50000	      1.02706e-17	
     6627.40000	      7.78792e-18	
     6629.30000	      8.55837e-18	
     6631.20000	      7.09142e-18	
     6633.10000	      7.53079e-18	
     6635.00000	      1.34682e-17	
     6636.90000	      1.52626e-17	
     6638.80000	      9.24561e-18	
     6640.70000	      8.41995e-18	
     6642.60000	      9.42965e-18	
     6644.50000	      8.92974e-18	
     6646.40000	      9.04156e-18	
     6648.30000	      3.34257e-18	
     6650.20000	      8.12399e-18	
     6652.10000	      1.17857e-17	
     6654.00000	      6.76854e-18	
     6655.90000	      2.39724e-18	
     6657.80000	      6.08533e-18	
     6659.70000	      8.26366e-18	
     6661.60000	      6.33690e-18	
     6663.50000	      5.44119e-18	
     6665.40000	      5.78758e-18	
     6667.30000	      8.74757e-18	
     6669.20000	      1.14616e-17	
     6671.10000	      1.08469e-17	
     6673.00000	      8.80813e-18	
     6674.90000	      4.93329e-18	
     6676.80000	      9.52338e-18	
     6678.70000	      9.61507e-18	
     6680.60000	      7.06642e-18	
     6682.50000	      1.06077e-17	
     6684.40000	      1.35238e-17	
     6686.30000	      8.91176e-18	
     6688.20000	      6.15177e-18	
     6690.10000	      1.16569e-17	
     6692.00000	      8.86724e-18	
     6693.90000	      8.10616e-18	
     6695.80000	      1.01934e-17	
     6697.70000	      8.41543e-18	
     6699.60000	      8.57067e-18	
     6701.50000	      6.60752e-18	
     6703.40000	      4.13980e-18	
     6705.30000	      8.25826e-18	
     6707.20000	      1.03614e-17	
     6709.10000	      1.28688e-17	
     6711.00000	      8.94159e-18	
     6712.90000	      8.53587e-18	
     6714.80000	      8.51228e-18	
     6716.70000	      1.31931e-17	
     6718.60000	      1.06098e-17	
     6720.50000	      9.70554e-18	
     6722.40000	      1.30217e-17	
     6724.30000	      9.97913e-18	
     6726.20000	      1.41775e-17	
     6728.10000	      9.67916e-18	
     6730.00000	      8.40447e-18	
     6731.90000	      1.11517e-17	
     6733.80000	      1.06843e-17	
     6735.70000	      1.00715e-17	
     6737.60000	      1.56014e-17	
     6739.50000	      1.38470e-17	
     6741.40000	      1.16159e-17	
     6743.30000	      6.45951e-18	
     6745.20000	      1.25881e-17	
     6747.10000	      6.85755e-18	
     6749.00000	      4.35714e-18	
     6750.90000	      1.04823e-17	
     6752.80000	      9.46799e-18	
     6754.70000	      1.06922e-17	
     6756.60000	      1.01343e-17	
     6758.50000	      9.86099e-18	
     6760.40000	      1.08502e-17	
     6762.30000	      1.09320e-17	
     6764.20000	      1.22320e-17	
     6766.10000	      8.76347e-18	
     6768.00000	      1.00831e-17	
     6769.90000	      9.43156e-18	
     6771.80000	      1.70863e-17	
     6773.70000	      1.26613e-17	
     6775.60000	      9.86347e-18	
     6777.50000	      8.50469e-18	
     6779.40000	      1.55318e-17	
     6781.30000	      1.42916e-17	
     6783.20000	      1.15312e-17	
     6785.10000	      1.23199e-17	
     6787.00000	      8.00025e-18	
     6788.90000	      1.36971e-17	
     6790.80000	      1.32615e-17	
     6792.70000	      1.03052e-17	
     6794.60000	      1.24158e-17	
     6796.50000	      1.35511e-17	
     6798.40000	      9.91744e-18	
     6800.30000	      1.17193e-17	
     6802.20000	      1.64477e-17	
     6804.10000	      1.02748e-17	
     6806.00000	      1.43037e-17	
     6807.90000	      8.63359e-18	
     6809.80000	      1.02990e-17	
     6811.70000	      1.30387e-17	
     6813.60000	      6.96674e-18	
     6815.50000	      1.01132e-17	
     6817.40000	      1.78731e-17	
     6819.30000	      2.50242e-17	
     6821.20000	      1.95186e-17	
     6823.10000	      9.72998e-18	
     6825.00000	      8.93499e-18	
     6826.90000	      1.12239e-17	
     6828.80000	      1.47965e-17	
     6830.70000	      1.30656e-17	
     6832.60000	      8.40244e-18	
     6834.50000	      6.31637e-18	
     6836.40000	      5.22135e-18	
     6838.30000	      6.28036e-18	
     6840.20000	      1.11298e-17	
     6842.10000	      1.30751e-17	
     6844.00000	      9.58672e-18	
     6845.90000	      1.27877e-17	
     6847.80000	      6.43076e-18	
     6849.70000	      6.45573e-18	
     6851.60000	      1.36850e-17	
     6853.50000	      1.09947e-17	
     6855.40000	      1.00879e-17	
     6857.30000	      7.29537e-18	
     6859.20000	      3.62725e-18	
     6861.10000	      2.86310e-18	
     6863.00000	      4.80073e-18	
     6864.90000	      9.41139e-18	
     6866.80000	      8.56582e-18	
     6868.70000	      3.83719e-18	
     6870.60000	      7.37853e-18	
     6872.50000	      5.66004e-18	
     6874.40000	      6.46441e-18	
     6876.30000	      4.25423e-18	
     6878.20000	      5.12893e-18	
     6880.10000	      7.50917e-18	
     6882.00000	      1.22768e-17	
     6883.90000	      6.02737e-18	
     6885.80000	      9.06121e-18	
     6887.70000	      1.20082e-17	
     6889.60000	      6.56366e-18	
     6891.50000	      4.35713e-18	
     6893.40000	      8.46768e-18	
     6895.30000	      1.02999e-17	
     6897.20000	      1.08220e-17	
     6899.10000	      4.63073e-18	
     6901.00000	      6.91295e-18	
     6902.90000	      8.42884e-18	
     6904.80000	      4.39411e-18	
     6906.70000	      1.00632e-17	
     6908.60000	      5.49947e-18	
     6910.50000	      6.73587e-18	
     6912.40000	      6.92000e-18	
     6914.30000	      6.66130e-18	
     6916.20000	      6.41479e-19	
     6918.10000	      1.12637e-17	
     6920.00000	      9.56094e-18	
     6921.90000	      3.10714e-18	
     6923.80000	      4.45609e-18	
     6925.70000	      1.31248e-17	
     6927.60000	      1.42303e-17	
     6929.50000	      1.86604e-17	
     6931.40000	      1.29666e-17	
     6933.30000	      1.37379e-17	
     6935.20000	      1.75098e-17	
     6937.10000	      1.29983e-17	
     6939.00000	      7.22484e-18	
     6940.90000	      8.25134e-18	
     6942.80000	      7.10481e-18	
     6944.70000	      1.03946e-17	
     6946.60000	      1.41060e-17	
     6948.50000	      1.03254e-17	
     6950.40000	      1.09230e-17	
     6952.30000	      1.20352e-17	
     6954.20000	      1.00794e-17	
     6956.10000	      1.05370e-17	
     6958.00000	      1.42556e-17	
     6959.90000	      5.78052e-18	
     6961.80000	      1.03248e-17	
     6963.70000	      1.05400e-17	
     6965.60000	      1.12718e-17	
     6967.50000	      9.33269e-18	
     6969.40000	      1.31767e-17	
     6971.30000	      1.84840e-17	
     6973.20000	      1.26807e-17	
     6975.10000	      1.23416e-17	
     6977.00000	      1.44486e-17	
     6978.90000	      1.30672e-17	
     6980.80000	      1.45094e-17	
     6982.70000	      9.54104e-18	
     6984.60000	      1.12281e-17	
     6986.50000	      1.26831e-17	
     6988.40000	      1.23338e-17	
     6990.30000	      1.26126e-17	
     6992.20000	      1.39451e-17	
     6994.10000	      1.38337e-17	
     6996.00000	      1.51620e-17	
     6997.90000	      1.50755e-17	
     6999.80000	      1.37630e-17	
     7001.70000	      1.49754e-17	
     7003.60000	      1.35036e-17	
     7005.50000	      1.41537e-17	
     7007.40000	      1.38688e-17	
     7009.30000	      1.13918e-17	
     7011.20000	      1.26827e-17	
     7013.10000	      1.00294e-17	
     7015.00000	      1.32860e-17	
     7016.90000	      1.47982e-17	
     7018.80000	      1.92273e-17	
     7020.70000	      1.97997e-17	
     7022.60000	      1.39949e-17	
     7024.50000	      1.88695e-17	
     7026.40000	      1.22991e-17	
     7028.30000	      1.85731e-17	
     7030.20000	      1.63742e-17	
     7032.10000	      2.02173e-17	
     7034.00000	      1.64592e-17	
     7035.90000	      1.19102e-17	
     7037.80000	      2.23287e-17	
     7039.70000	      1.99751e-17	
     7041.60000	      2.00508e-17	
     7043.50000	      1.38604e-17	
     7045.40000	      3.17665e-18	
     7047.30000	      1.39169e-17	
     7049.20000	      1.55147e-17	
     7051.10000	      2.44104e-17	
     7053.00000	      2.29883e-17	
     7054.90000	      2.23759e-17	
     7056.80000	      1.71195e-17	
     7058.70000	      1.92771e-17	
     7060.60000	      1.87363e-17	
     7062.50000	      1.79800e-17	
     7064.40000	      1.86120e-17	
     7066.30000	      1.71679e-17	
     7068.20000	      1.61674e-17	
     7070.10000	      1.15033e-17	
     7072.00000	      1.48017e-17	
     7073.90000	      1.46215e-17	
     7075.80000	      3.38516e-17	
     7077.70000	      3.30143e-17	
     7079.60000	      2.16663e-17	
     7081.50000	      5.19677e-17	
     7083.40000	      3.36283e-17	
     7085.30000	      1.80049e-17	
     7087.20000	      1.70254e-17	
     7089.10000	      1.79389e-17	
     7091.00000	      1.75376e-17	
     7092.90000	      1.21017e-17	
     7094.80000	      1.28872e-17	
     7096.70000	      1.84747e-17	
     7098.60000	      2.17053e-17	
     7100.50000	      1.78830e-17	
     7102.40000	      1.78963e-17	
     7104.30000	      1.89426e-17	
     7106.20000	      1.88976e-17	
     7108.10000	      1.69238e-17	
     7110.00000	      2.07166e-17	
     7111.90000	      2.50903e-17	
     7113.80000	      3.40079e-17	
     7115.70000	      2.24588e-17	
     7117.60000	      1.39606e-17	
     7119.50000	     -4.51551e-18	
     7121.40000	      1.11740e-18	
     7123.30000	      2.38999e-17	
     7125.20000	      2.05074e-17	
     7127.10000	      1.83359e-17	
     7129.00000	      1.60671e-17	
     7130.90000	      1.40931e-17	
     7132.80000	      1.56693e-17	
     7134.70000	      2.04870e-17	
     7136.60000	      1.98912e-17	
     7138.50000	      2.33889e-17	
     7140.40000	      2.58428e-17	
     7142.30000	      2.15379e-17	
     7144.20000	      1.78479e-17	
     7146.10000	      2.26335e-17	
     7148.00000	      2.18747e-17	
     7149.90000	      2.02025e-17	
     7151.80000	      1.82324e-17	
     7153.70000	      1.86137e-17	
     7155.60000	      1.38762e-17	
     7157.50000	      1.83218e-17	
     7159.40000	      2.30820e-17	
     7161.30000	      2.51415e-17	
     7163.20000	      1.72090e-17	
     7165.10000	      1.86454e-17	
     7167.00000	      1.77086e-17	
     7168.90000	      2.30573e-17	
     7170.80000	      2.33529e-17	
     7172.70000	      1.92304e-17	
     7174.60000	      2.31318e-17	
     7176.50000	      1.72080e-17	
     7178.40000	      1.31820e-17	
     7180.30000	      1.78270e-17	
     7182.20000	      2.51675e-17	
     7184.10000	      1.83309e-17	
     7186.00000	      2.12557e-17	
     7187.90000	      2.53697e-17	
     7189.80000	      2.51708e-17	
     7191.70000	      2.43863e-17	
     7193.60000	      2.31709e-17	
     7195.50000	      1.96045e-17	
     7197.40000	      2.14181e-17	
     7199.30000	      1.66926e-17	
     7201.20000	      1.93394e-17	
     7203.10000	      2.24676e-17	
     7205.00000	      1.86345e-17	
     7206.90000	      2.31515e-17	
     7208.80000	      2.32998e-17	
     7210.70000	      2.38179e-17	
     7212.60000	      2.70236e-17	
     7214.50000	      2.65533e-17	
     7216.40000	      2.79820e-17	
     7218.30000	      2.42174e-17	
     7220.20000	      2.13574e-17	
     7222.10000	      2.58617e-17	
     7224.00000	      1.95697e-17	
     7225.90000	      2.23554e-17	
     7227.80000	      2.53724e-17	
     7229.70000	      2.98770e-17	
     7231.60000	      1.95674e-17	
     7233.50000	      2.28393e-17	
     7235.40000	      2.56383e-17	
     7237.30000	      2.09894e-17	
     7239.20000	      1.64823e-17	
     7241.10000	      2.81387e-17	
     7243.00000	      2.33027e-17	
     7244.90000	      2.11659e-17	
     7246.80000	      4.14924e-17	
     7248.70000	      2.52006e-17	
     7250.60000	      2.66931e-17	
     7252.50000	      2.92609e-17	
     7254.40000	      2.78685e-17	
     7256.30000	      3.14107e-17	
     7258.20000	      3.05495e-17	
     7260.10000	      2.53408e-17	
     7262.00000	      2.43634e-17	
     7263.90000	      2.80195e-17	
     7265.80000	      2.85063e-17	
     7267.70000	      3.17500e-17	
     7269.60000	      2.89393e-17	
     7271.50000	      2.79191e-17	
     7273.40000	      3.43789e-17	
     7275.30000	      2.97255e-17	
     7277.20000	      2.70028e-17	
     7279.10000	      3.18476e-17	
     7281.00000	      3.23948e-17	
     7282.90000	      2.17933e-17	
     7284.80000	      2.07059e-17	
     7286.70000	      3.07263e-17	
     7288.60000	      3.09695e-17	
     7290.50000	      3.20247e-17	
     7292.40000	      3.11378e-17	
     7294.30000	      3.47865e-17	
     7296.20000	      3.53997e-17	
     7298.10000	      3.02818e-17	
     7300.00000	      2.98416e-17	
     7301.90000	      2.64604e-17	
     7303.80000	      3.26133e-17	
     7305.70000	      3.56402e-17	
     7307.60000	      3.51502e-17	
     7309.50000	      3.66826e-17	
     7311.40000	      3.35603e-17	
     7313.30000	      2.65613e-17	
     7315.20000	      3.42186e-17	
     7317.10000	      3.39863e-17	
     7319.00000	      3.43747e-17	
     7320.90000	      3.76033e-17	
     7322.80000	      3.80442e-17	
     7324.70000	      3.16667e-17	
     7326.60000	      3.55574e-17	
     7328.50000	      3.79181e-17	
     7330.40000	      3.39978e-17	
     7332.30000	      3.30730e-17	
     7334.20000	      3.61463e-17	
     7336.10000	      3.67837e-17	
     7338.00000	      3.75125e-17	
     7339.90000	      3.70027e-17	
     7341.80000	      3.34899e-17	
     7343.70000	      2.64513e-17	
     7345.60000	      3.50504e-17	
     7347.50000	      3.83050e-17	
     7349.40000	      3.48351e-17	
     7351.30000	      3.99493e-17	
     7353.20000	      3.77875e-17	
     7355.10000	      3.64578e-17	
     7357.00000	      3.08320e-17	
     7358.90000	      2.64655e-17	
     7360.80000	      3.66825e-17	
     7362.70000	      3.96613e-17	
     7364.60000	      3.62219e-17	
     7366.50000	      3.08986e-17	
     7368.40000	      2.83886e-17	
     7370.30000	      3.61108e-17	
     7372.20000	      4.41620e-17	
     7374.10000	      3.30266e-17	
     7376.00000	      3.17181e-17	
     7377.90000	      3.45276e-17	
     7379.80000	      3.52915e-17	
     7381.70000	      3.59973e-17	
     7383.60000	      3.39078e-17	
     7385.50000	      3.72951e-17	
     7387.40000	      3.51570e-17	
     7389.30000	      3.40838e-17	
     7391.20000	      3.30622e-17	
     7393.10000	      3.15502e-17	
     7395.00000	      2.86841e-17	
     7396.90000	      2.85195e-17	
     7398.80000	      3.66997e-17	
     7400.70000	      4.16292e-17	
     7402.60000	      3.27638e-17	
     7404.50000	      3.16492e-17	
     7406.40000	      3.38317e-17	
     7408.30000	      3.04163e-17	
     7410.20000	      3.30725e-17	
     7412.10000	      3.77663e-17	
     7414.00000	      3.67532e-17	
     7415.90000	      2.93667e-17	
     7417.80000	      3.16226e-17	
     7419.70000	      2.82963e-17	
     7421.60000	      2.89822e-17	
     7423.50000	      3.16617e-17	
     7425.40000	      3.63212e-17	
     7427.30000	      3.85955e-17	
     7429.20000	      3.62605e-17	
     7431.10000	      3.24736e-17	
     7433.00000	      3.40359e-17	
     7434.90000	      3.27146e-17	
     7436.80000	      3.05197e-17	
     7438.70000	      2.59444e-17	
     7440.60000	      3.36111e-17	
     7442.50000	      3.44916e-17	
     7444.40000	      2.83594e-17	
     7446.30000	      3.09008e-17	
     7448.20000	      2.96575e-17	
     7450.10000	      3.19316e-17	
     7452.00000	      3.59342e-17	
     7453.90000	      2.73876e-17	
     7455.80000	      2.69011e-17	
     7457.70000	      3.46528e-17	
     7459.60000	      3.62408e-17	
     7461.50000	      3.28525e-17	
     7463.40000	      3.01507e-17	
     7465.30000	      3.27903e-17	
     7467.20000	      3.19356e-17	
     7469.10000	      3.12227e-17	
     7471.00000	      2.79001e-17	
     7472.90000	      3.33816e-17	
     7474.80000	      3.22499e-17	
     7476.70000	      2.66876e-17	
     7478.60000	      2.78010e-17	
     7480.50000	      2.95985e-17	
     7482.40000	      2.62492e-17	
     7484.30000	      2.63197e-17	
     7486.20000	      3.08452e-17	
     7488.10000	      3.41858e-17	
     7490.00000	      2.90766e-17	
     7491.90000	      3.27457e-17	
     7493.80000	      2.96030e-17	
     7495.70000	      3.33180e-17	
     7497.60000	      3.46495e-17	
     7499.50000	      3.42580e-17	
     7501.40000	      3.56274e-17	
     7503.30000	      3.19864e-17	
     7505.20000	      2.86351e-17	
     7507.10000	      2.99697e-17	
     7509.00000	      3.27700e-17	
     7510.90000	      3.12970e-17	
     7512.80000	      3.22466e-17	
     7514.70000	      3.40069e-17	
     7516.60000	      3.52444e-17	
     7518.50000	      3.46040e-17	
     7520.40000	      2.70918e-17	
     7522.30000	      2.66622e-17	
     7524.20000	      3.54546e-17	
     7526.10000	      3.27740e-17	
     7528.00000	      3.33307e-17	
     7529.90000	      3.12435e-17	
     7531.80000	      3.10700e-17	
     7533.70000	      3.54267e-17	
     7535.60000	      3.28342e-17	
     7537.50000	      2.76796e-17	
     7539.40000	      3.55390e-17	
     7541.30000	      3.80642e-17	
     7543.20000	      4.04169e-17	
     7545.10000	      3.77285e-17	
     7547.00000	      3.35832e-17	
     7548.90000	      3.16207e-17	
     7550.80000	      3.53660e-17	
     7552.70000	      3.21446e-17	
     7554.60000	      3.71937e-17	
     7556.50000	      3.63016e-17	
     7558.40000	      2.94038e-17	
     7560.30000	      3.20654e-17	
     7562.20000	      3.11622e-17	
     7564.10000	      2.84912e-17	
     7566.00000	      3.83289e-17	
     7567.90000	      3.79339e-17	
     7569.80000	      3.04852e-17	
     7571.70000	      2.72909e-17	
     7573.60000	      2.75640e-17	
     7575.50000	      3.19107e-17	
     7577.40000	      3.56388e-17	
     7579.30000	      2.95393e-17	
     7581.20000	      2.95203e-17	
     7583.10000	      2.91179e-17	
     7585.00000	      2.81993e-17	
     7586.90000	      3.02370e-17	
     7588.80000	      2.85970e-17	
     7590.70000	      2.38806e-17	
     7592.60000	      2.09215e-17	
     7594.50000	      1.37738e-17	
     7596.40000	      9.94388e-18	
     7598.30000	      1.50487e-17	
     7600.20000	      2.22278e-17	
     7602.10000	      2.30438e-17	
     7604.00000	      1.29266e-17	
     7605.90000	      1.16685e-17	
     7607.80000	      1.11575e-17	
     7609.70000	      1.34434e-17	
     7611.60000	      3.22996e-17	
     7613.50000	      2.26520e-17	
     7615.40000	      1.50530e-17	
     7617.30000	      2.14421e-17	
     7619.20000	      1.89983e-17	
     7621.10000	      1.66344e-17	
     7623.00000	      1.36415e-17	
     7624.90000	      9.98627e-18	
     7626.80000	      7.78191e-18	
     7628.70000	      7.71254e-18	
     7630.60000	      1.14556e-17	
     7632.50000	      1.06962e-17	
     7634.40000	      9.75912e-18	
     7636.30000	      8.71948e-18	
     7638.20000	      9.60431e-18	
     7640.10000	      8.83864e-18	
     7642.00000	      8.21563e-18	
     7643.90000	      6.99193e-18	
     7645.80000	      5.58901e-18	
     7647.70000	      7.96261e-18	
     7649.60000	      6.10114e-18	
     7651.50000	      1.17482e-17	
     7653.40000	      6.49932e-18	
     7655.30000	      2.97574e-18	
     7657.20000	      4.72918e-18	
     7659.10000	      3.06614e-18	
     7661.00000	      5.11736e-18	
     7662.90000	      3.40517e-18	
     7664.80000	      2.71437e-18	
     7666.70000	      2.20736e-18	
     7668.60000	      6.42327e-19	
     7670.50000	      3.36211e-18	
     7672.40000	      7.47248e-19	
     7674.30000	      3.83746e-18	
     7676.20000	      5.41789e-18	
     7678.10000	      4.94765e-18	
     7680.00000	      8.29385e-18	
     7681.90000	      6.73192e-18	
     7683.80000	      6.81301e-18	
     7685.70000	      7.28755e-18	
     7687.60000	      3.29204e-18	
     7689.50000	      3.01601e-18	
     7691.40000	      7.06339e-18	
     7693.30000	      1.05191e-17	
     7695.20000	      8.07821e-18	
     7697.10000	      4.41196e-18	
     7699.00000	     -7.32253e-19	
     7700.90000	     -2.99090e-18	
     7702.80000	      1.29282e-19	
     7704.70000	      2.46961e-18	
     7706.60000	      4.58139e-19	
     7708.50000	      3.69304e-18	
     7710.40000	      1.17666e-17	
     7712.30000	      1.02551e-17	
     7714.20000	      9.08052e-18	
     7716.10000	      1.02493e-17	
     7718.00000	      1.48366e-17	
     7719.90000	      1.30791e-17	
     7721.80000	      2.17596e-17	
     7723.70000	      1.18495e-17	
     7725.60000	      1.20982e-17	
     7727.50000	      1.63336e-17	
     7729.40000	      1.78974e-17	
     7731.30000	      2.68602e-17	
     7733.20000	      2.26563e-17	
     7735.10000	      2.29177e-17	
     7737.00000	      2.31196e-17	
     7738.90000	      2.88595e-17	
     7740.80000	      3.05520e-17	
     7742.70000	      3.25234e-17	
     7744.60000	      2.70218e-17	
     7746.50000	      2.55250e-17	
     7748.40000	      2.67242e-17	
     7750.30000	      2.42516e-17	
     7752.20000	      2.69780e-17	
     7754.10000	      2.55734e-17	
     7756.00000	      2.63087e-17	
     7757.90000	      2.87437e-17	
     7759.80000	      2.46753e-17	
     7761.70000	      3.52120e-17	
     7763.60000	      2.83135e-17	
     7765.50000	      2.41483e-17	
     7767.40000	      3.29802e-17	
     7769.30000	      3.14738e-17	
     7771.20000	      3.01489e-17	
     7773.10000	      3.65343e-17	
     7775.00000	      3.79159e-17	
     7776.90000	      3.49630e-17	
     7778.80000	      2.89034e-17	
     7780.70000	      3.20251e-17	
     7782.60000	      2.99823e-17	
     7784.50000	      3.37469e-17	
     7786.40000	      3.03951e-17	
     7788.30000	      2.84752e-17	
     7790.20000	      2.75476e-17	
     7792.10000	      2.57439e-17	
     7794.00000	      2.53993e-17	
     7795.90000	      2.78027e-17	
     7797.80000	      2.26542e-17	
     7799.70000	      2.13488e-17	
     7801.60000	      2.54309e-17	
     7803.50000	      2.90214e-17	
     7805.40000	      3.20979e-17	
     7807.30000	      3.57595e-17	
     7809.20000	      3.96348e-17	
     7811.10000	      3.34838e-17	
     7813.00000	      3.60824e-17	
     7814.90000	      3.68275e-17	
     7816.80000	      4.22537e-17	
     7818.70000	      2.64033e-17	
     7820.60000	      3.96996e-17	
     7822.50000	      3.75883e-17	
     7824.40000	      3.49306e-17	
     7826.30000	      3.87119e-17	
     7828.20000	      3.71636e-17	
     7830.10000	      3.45746e-17	
     7832.00000	      3.54016e-17	
     7833.90000	      4.09164e-17	
     7835.80000	      4.09976e-17	
     7837.70000	      3.39411e-17	
     7839.60000	      3.95332e-17	
     7841.50000	      4.23970e-17	
     7843.40000	      4.22756e-17	
     7845.30000	      4.48069e-17	
     7847.20000	      4.01332e-17	
     7849.10000	      3.91068e-17	
     7851.00000	      3.65002e-17	
     7852.90000	      3.18782e-17	
     7854.80000	      4.43902e-17	
     7856.70000	      4.41572e-17	
     7858.60000	      4.79401e-17	
     7860.50000	      4.66360e-17	
     7862.40000	      4.20279e-17	
     7864.30000	      4.03795e-17	
     7866.20000	      3.82118e-17	
     7868.10000	      4.39757e-17	
     7870.00000	      5.01455e-17	
     7871.90000	      3.85079e-17	
     7873.80000	      4.15998e-17	
     7875.70000	      4.44548e-17	
     7877.60000	      3.65206e-17	
     7879.50000	      4.33950e-17	
     7881.40000	      4.82089e-17	
     7883.30000	      4.30694e-17	
     7885.20000	      4.01473e-17	
     7887.10000	      3.73952e-17	
     7889.00000	      4.53199e-17	
     7890.90000	      4.18921e-17	
     7892.80000	      4.81658e-17	
     7894.70000	      5.84657e-17	
     7896.60000	      5.63431e-17	
     7898.50000	      4.25509e-17	
     7900.40000	      4.29227e-17	
     7902.30000	      4.32587e-17	
     7904.20000	      4.14996e-17	
     7906.10000	      4.45837e-17	
     7908.00000	      3.98144e-17	
     7909.90000	      2.89155e-17	
     7911.80000	      2.74736e-17	
     7913.70000	      3.59499e-17	
     7915.60000	      3.91952e-17	
     7917.50000	      4.10241e-17	
     7919.40000	      3.58861e-17	
     7921.30000	      3.58098e-17	
     7923.20000	      4.07775e-17	
     7925.10000	      4.59207e-17	
     7927.00000	      4.14655e-17	
     7928.90000	      4.47119e-17	
     7930.80000	      5.00984e-17	
     7932.70000	      3.94127e-17	
     7934.60000	      4.76347e-17	
     7936.50000	      4.95182e-17	
     7938.40000	      4.08003e-17	
     7940.30000	      4.06407e-17	
     7942.20000	      4.04020e-17	
     7944.10000	      4.44170e-17	
     7946.00000	      3.43082e-17	
     7947.90000	      2.63895e-17	
     7949.80000	      3.40035e-17	
     7951.70000	      4.22299e-17	
     7953.60000	      5.19114e-17	
     7955.50000	      5.63903e-17	
     7957.40000	      5.03753e-17	
     7959.30000	      4.41940e-17	
     7961.20000	      3.92557e-17	
     7963.10000	      4.09472e-17	
     7965.00000	      5.12491e-17	
     7966.90000	      5.55462e-17	
     7968.80000	      4.89988e-17	
     7970.70000	      5.48555e-17	
     7972.60000	      5.66797e-17	
     7974.50000	      4.34887e-17	
     7976.40000	      4.39945e-17	
     7978.30000	      4.39904e-17	
     7980.20000	      3.53715e-17	
     7982.10000	      4.36272e-17	
     7984.00000	      4.72558e-17	
     7985.90000	      4.79185e-17	
     7987.80000	      4.75367e-17	
     7989.70000	      4.46889e-17	
     7991.60000	      3.10405e-17	
     7993.50000	      3.04172e-17	
     7995.40000	      4.66557e-17	
     7997.30000	      4.75458e-17	
     7999.20000	      4.83261e-17	
     8001.10000	      5.05020e-17	
     8003.00000	      5.32775e-17	
     8004.90000	      5.34912e-17	
     8006.80000	      5.19622e-17	
     8008.70000	      5.16907e-17	
     8010.60000	      4.99238e-17	
     8012.50000	      4.87943e-17	
     8014.40000	      4.70620e-17	
     8016.30000	      5.23830e-17	
     8018.20000	      5.34573e-17	
     8020.10000	      5.41657e-17	
     8022.00000	      6.09188e-17	
     8023.90000	      6.27574e-17	
     8025.80000	      6.28216e-17	
     8027.70000	      5.43740e-17	
     8029.60000	      5.96352e-17	
     8031.50000	      6.17391e-17	
     8033.40000	      5.80486e-17	
     8035.30000	      6.40003e-17	
     8037.20000	      5.93224e-17	
     8039.10000	      6.05066e-17	
     8041.00000	      5.74629e-17	
     8042.90000	      6.52107e-17	
     8044.80000	      6.16832e-17	
     8046.70000	      5.55624e-17	
     8048.60000	      6.36587e-17	
     8050.50000	      7.06544e-17	
     8052.40000	      6.66880e-17	
     8054.30000	      6.91933e-17	
     8056.20000	      7.46017e-17	
     8058.10000	      6.82232e-17	
     8060.00000	      6.28400e-17	
     8061.90000	      7.34891e-17	
     8063.80000	      6.98949e-17	
     8065.70000	      6.70609e-17	
     8067.60000	      6.92297e-17	
     8069.50000	      7.46861e-17	
     8071.40000	      8.08103e-17	
     8073.30000	      7.74893e-17	
     8075.20000	      7.39737e-17	
     8077.10000	      8.08223e-17	
     8079.00000	      7.90234e-17	
     8080.90000	      8.04254e-17	
     8082.80000	      8.37503e-17	
     8084.70000	      8.28966e-17	
     8086.60000	      7.92300e-17	
     8088.50000	      7.92874e-17	
     8090.40000	      8.69047e-17	
     8092.30000	      8.98768e-17	
     8094.20000	      8.04055e-17	
     8096.10000	      7.78658e-17	
     8098.00000	      7.84496e-17	
     8099.90000	      7.65199e-17	
     8101.80000	      7.84711e-17	
     8103.70000	      8.11832e-17	
     8105.60000	      8.83085e-17	
     8107.50000	      9.04480e-17	
     8109.40000	      9.42157e-17	
     8111.30000	      9.28263e-17	
     8113.20000	      9.56684e-17	
     8115.10000	      9.63317e-17	
     8117.00000	      9.74168e-17	
     8118.90000	      9.70531e-17	
     8120.80000	      9.00749e-17	
     8122.70000	      9.74343e-17	
     8124.60000	      1.06283e-16	
     8126.50000	      9.87520e-17	
     8128.40000	      1.01408e-16	
     8130.30000	      9.94176e-17	
     8132.20000	      9.43056e-17	
     8134.10000	      9.83726e-17	
     8136.00000	      9.96401e-17	
     8137.90000	      9.88595e-17	
     8139.80000	      1.04874e-16	
     8141.70000	      1.03646e-16	
     8143.60000	      1.01624e-16	
     8145.50000	      9.46255e-17	
     8147.40000	      9.56973e-17	
     8149.30000	      9.63046e-17	
     8151.20000	      9.59332e-17	
     8153.10000	      1.03228e-16	
     8155.00000	      1.02949e-16	
     8156.90000	      1.03526e-16	
     8158.80000	      9.89229e-17	
     8160.70000	      9.89243e-17	
     8162.60000	      1.04358e-16	
     8164.50000	      1.07825e-16	
     8166.40000	      1.06478e-16	
     8168.30000	      1.12888e-16	
     8170.20000	      1.09027e-16	
     8172.10000	      1.17246e-16	
     8174.00000	      1.18724e-16	
     8175.90000	      1.14098e-16	
     8177.80000	      9.94097e-17	
     8179.70000	      9.25433e-17	
     8181.60000	      8.11864e-17	
     8183.50000	      7.57039e-17	
     8185.40000	      7.97634e-17	
     8187.30000	      8.71042e-17	
     8189.20000	      8.91942e-17	
     8191.10000	      8.97898e-17	
     8193.00000	      7.82572e-17	
     8194.90000	      6.51948e-17	
     8196.80000	      6.62191e-17	
     8198.70000	      8.06031e-17	
     8200.60000	      1.00733e-16	
     8202.50000	      1.09428e-16	
     8204.40000	      1.03406e-16	
     8206.30000	      1.12395e-16	
     8208.20000	      1.44860e-16	
     8210.10000	      1.45644e-16	
     8212.00000	      6.93597e-17	
     8213.90000	      7.80406e-17	
     8215.80000	      1.07084e-16	
     8217.70000	      1.10257e-16	
     8219.60000	      1.14082e-16	
     8221.50000	      1.10584e-16	
     8223.40000	      1.10569e-16	
     8225.30000	      1.08074e-16	
     8227.20000	      1.03961e-16	
     8229.10000	      1.05568e-16	
     8231.00000	      1.11329e-16	
     8232.90000	      1.17030e-16	
     8234.80000	      1.18866e-16	
     8236.70000	      1.17884e-16	
     8238.60000	      1.19214e-16	
     8240.50000	      1.18385e-16	
     8242.40000	      1.36058e-16	
     8244.30000	      1.40037e-16	
     8246.20000	      1.26396e-16	
     8248.10000	      1.24850e-16	
     8250.00000	      1.19347e-16	
     8251.90000	      1.15923e-16	
     8253.80000	      1.09391e-16	
     8255.70000	      1.09255e-16	
     8257.60000	      1.16308e-16	
     8259.50000	      1.22738e-16	
     8261.40000	      1.28421e-16	
     8263.30000	      1.28070e-16	
     8265.20000	      1.17854e-16	
     8267.10000	      1.16485e-16	
     8269.00000	      1.19711e-16	
     8270.90000	      1.19522e-16	
     8272.80000	      1.20431e-16	
     8274.70000	      1.16617e-16	
     8276.60000	      1.14354e-16	
     8278.50000	      1.13710e-16	
     8280.40000	      1.11770e-16	
     8282.30000	      1.09736e-16	
     8284.20000	      1.20773e-16	
     8286.10000	      1.21826e-16	
     8288.00000	      1.04286e-16	
     8289.90000	      1.08594e-16	
     8291.80000	      1.11558e-16	
     8293.70000	      1.05149e-16	
     8295.60000	      1.12736e-16	
     8297.50000	      1.02350e-16	
     8299.40000	      1.03249e-16	
     8301.30000	      1.09810e-16	
     8303.20000	      1.08700e-16	
     8305.10000	      1.11251e-16	
     8307.00000	      1.11603e-16	
     8308.90000	      1.14466e-16	
     8310.80000	      1.19366e-16	
     8312.70000	      1.19506e-16	
     8314.60000	      1.14719e-16	
     8316.50000	      1.11124e-16	
     8318.40000	      1.17164e-16	
     8320.30000	      1.26334e-16	
     8322.20000	      1.24901e-16	
     8324.10000	      1.19723e-16	
     8326.00000	      1.16417e-16	
     8327.90000	      1.17962e-16	
     8329.80000	      1.18880e-16	
     8331.70000	      1.24289e-16	
     8333.60000	      1.19165e-16	
     8335.50000	      1.10452e-16	
     8337.40000	      1.11896e-16	
     8339.30000	      1.18595e-16	
     8341.20000	      1.23873e-16	
     8343.10000	      1.05827e-16	
     8345.00000	      1.10565e-16	
     8346.90000	      1.15693e-16	
     8348.80000	      1.13578e-16	
     8350.70000	      1.06610e-16	
     8352.60000	      1.06106e-16	
     8354.50000	      1.15401e-16	
     8356.40000	      1.27263e-16	
     8358.30000	      1.28043e-16	
     8360.20000	      1.23643e-16	
     8362.10000	      1.25026e-16	
     8364.00000	      1.20796e-16	
     8365.90000	      1.23430e-16	
     8367.80000	      1.37669e-16	
     8369.70000	      1.34890e-16	
     8371.60000	      1.25716e-16	
     8373.50000	      1.22105e-16	
     8375.40000	      1.18723e-16	
     8377.30000	      1.19296e-16	
     8379.20000	      1.28594e-16	
     8381.10000	      1.25148e-16	
     8383.00000	      1.20846e-16	
     8384.90000	      1.24854e-16	
     8386.80000	      1.19553e-16	
     8388.70000	      1.17956e-16	
     8390.60000	      1.22032e-16	
     8392.50000	      1.19093e-16	
     8394.40000	      1.15564e-16	
     8396.30000	      1.30978e-16	
     8398.20000	      1.26376e-16	
     8400.10000	      1.29709e-16	
     8402.00000	      1.31394e-16	
     8403.90000	      1.30729e-16	
     8405.80000	      1.32979e-16	
     8407.70000	      1.30756e-16	
     8409.60000	      1.26919e-16	
     8411.50000	      1.34469e-16	
     8413.40000	      1.41265e-16	
     8415.30000	      1.38311e-16	
     8417.20000	      1.42751e-16	
     8419.10000	      1.32945e-16	
     8421.00000	      1.27298e-16	
     8422.90000	      1.28413e-16	
     8424.80000	      1.19283e-16	
     8426.70000	      1.17516e-16	
     8428.60000	      1.25099e-16	
     8430.50000	      1.20049e-16	
     8432.40000	      1.08913e-16	
     8434.30000	      1.07791e-16	
     8436.20000	      1.06436e-16	
     8438.10000	      1.08903e-16	
     8440.00000	      1.13312e-16	
     8441.90000	      1.13163e-16	
     8443.80000	      1.02686e-16	
     8445.70000	      9.23981e-17	
     8447.60000	      9.28013e-17	
     8449.50000	      9.78329e-17	
     8451.40000	      1.05394e-16	
     8453.30000	      9.80702e-17	
     8455.20000	      9.12685e-17	
     8457.10000	      9.16142e-17	
     8459.00000	      9.48264e-17	
     8460.90000	      1.02692e-16	
     8462.80000	      1.01596e-16	
     8464.70000	      8.81127e-17	
     8466.60000	      8.10410e-17	
     8468.50000	      8.78628e-17	
     8470.40000	      9.90977e-17	
     8472.30000	      1.00923e-16	
     8474.20000	      1.04382e-16	
     8476.10000	      1.02460e-16	
     8478.00000	      9.79096e-17	
     8479.90000	      1.03806e-16	
     8481.80000	      9.95009e-17	
     8483.70000	      9.29718e-17	
     8485.60000	      9.11991e-17	
     8487.50000	      1.01327e-16	
     8489.40000	      9.77123e-17	
     8491.30000	      9.29181e-17	
     8493.20000	      1.05481e-16	
     8495.10000	      1.05330e-16	
     8497.00000	      1.00473e-16	
     8498.90000	      1.01581e-16	
     8500.80000	      9.74529e-17	
     8502.70000	      9.79627e-17	
     8504.60000	      1.08118e-16	
     8506.50000	      1.06884e-16	
     8508.40000	      9.91949e-17	
     8510.30000	      9.48883e-17	
     8512.20000	      9.52601e-17	
     8514.10000	      9.60384e-17	
     8516.00000	      9.36089e-17	
     8517.90000	      8.59463e-17	
     8519.80000	      8.13121e-17	
     8521.70000	      8.27614e-17	
     8523.60000	      8.88610e-17	
     8525.50000	      9.22798e-17	
     8527.40000	      1.02099e-16	
     8529.30000	      1.07089e-16	
     8531.20000	      1.11918e-16	
     8533.10000	      1.11791e-16	
     8535.00000	      1.03779e-16	
     8536.90000	      1.03686e-16	
     8538.80000	      1.01965e-16	
     8540.70000	      1.06637e-16	
     8542.60000	      1.00050e-16	
     8544.50000	      1.12225e-16	
     8546.40000	      1.19835e-16	
     8548.30000	      1.14583e-16	
     8550.20000	      1.13888e-16	
     8552.10000	      1.22538e-16	
     8554.00000	      1.20573e-16	
     8555.90000	      1.23895e-16	
     8557.80000	      1.13985e-16	
     8559.70000	      1.17061e-16	
     8561.60000	      1.17181e-16	
     8563.50000	      1.22441e-16	
     8565.40000	      1.23635e-16	
     8567.30000	      1.19601e-16	
     8569.20000	      1.10877e-16	
     8571.10000	      1.17323e-16	
     8573.00000	      1.10280e-16	
     8574.90000	      1.08039e-16	
     8576.80000	      1.21613e-16	
     8578.70000	      1.16711e-16	
     8580.60000	      1.01067e-16	
     8582.50000	      1.14790e-16	
     8584.40000	      1.15417e-16	
     8586.30000	      1.14538e-16	
     8588.20000	      1.27326e-16	
     8590.10000	      1.27658e-16	
     8592.00000	      1.22070e-16	
     8593.90000	      1.15420e-16	
     8595.80000	      1.15176e-16	
     8597.70000	      1.09366e-16	
     8599.60000	      1.16971e-16	
     8601.50000	      1.23354e-16	
     8603.40000	      1.24099e-16	
     8605.30000	      1.17168e-16	
     8607.20000	      1.20831e-16	
     8609.10000	      1.15506e-16	
     8611.00000	      9.43101e-17	
     8612.90000	      8.47480e-17	
     8614.80000	      8.88412e-17	
     8616.70000	      8.75984e-17	
     8618.60000	      7.70272e-17	
     8620.50000	      8.92121e-17	
     8622.40000	      8.43751e-17	
     8624.30000	      6.97722e-17	
     8626.20000	      8.27423e-17	
     8628.10000	      8.56181e-17	
     8630.00000	      8.63285e-17	
     8631.90000	      7.94671e-17	
     8633.80000	      8.42150e-17	
     8635.70000	      8.28844e-17	
     8637.60000	      7.57028e-17	
     8639.50000	      8.42137e-17	
     8641.40000	      8.72748e-17	
     8643.30000	      8.87047e-17	
     8645.20000	      8.63140e-17	
     8647.10000	      9.16622e-17	
     8649.00000	      9.13322e-17	
     8650.90000	      9.21081e-17	
     8652.80000	      8.85078e-17	
     8654.70000	      9.49670e-17	
     8656.60000	      1.06268e-16	
     8658.50000	      1.04017e-16	
     8660.40000	      9.54160e-17	
     8662.30000	      9.58129e-17	
     8664.20000	      9.86891e-17	
     8666.10000	      1.03713e-16	
     8668.00000	      9.42260e-17	
     8669.90000	      8.26324e-17	
     8671.80000	      1.01360e-16	
     8673.70000	      1.04818e-16	
     8675.60000	      1.07440e-16	
     8677.50000	      1.12585e-16	
     8679.40000	      1.05606e-16	
     8681.30000	      9.77986e-17	
     8683.20000	      9.97808e-17	
     8685.10000	      1.03286e-16	
     8687.00000	      1.06365e-16	
     8688.90000	      9.32144e-17	
     8690.80000	      8.37419e-17	
     8692.70000	      8.11865e-17	
     8694.60000	      7.58862e-17	
     8696.50000	      7.07543e-17	
     8698.40000	      7.25647e-17	
     8700.30000	      7.45270e-17	
     8702.20000	      8.58097e-17	
     8704.10000	      8.82714e-17	
     8706.00000	      8.89069e-17	
     8707.90000	      8.33403e-17	
     8709.80000	      7.78804e-17	
     8711.70000	      7.90696e-17	
     8713.60000	      7.78940e-17	
     8715.50000	      7.41801e-17	
     8717.40000	      6.68028e-17	
     8719.30000	      6.83409e-17	
     8721.20000	      7.75048e-17	
     8723.10000	      8.43325e-17	
     8725.00000	      8.72031e-17	
     8726.90000	      8.94849e-17	
     8728.80000	      9.42328e-17	
     8730.70000	      9.49370e-17	
     8732.60000	      8.97532e-17	
     8734.50000	      8.59847e-17	
     8736.40000	      8.66557e-17	
     8738.30000	      8.72978e-17	
     8740.20000	      8.45716e-17	
     8742.10000	      9.09181e-17	
     8744.00000	      9.24971e-17	
     8745.90000	      9.78144e-17	
     8747.80000	      9.70825e-17	
     8749.70000	      9.42438e-17	
     8751.60000	      9.62996e-17	
     8753.50000	      9.79372e-17	
     8755.40000	      1.00339e-16	
     8757.30000	      1.04676e-16	
     8759.20000	      9.92646e-17	
     8761.10000	      9.13597e-17	
     8763.00000	      8.71939e-17	
     8764.90000	      9.69270e-17	
     8766.80000	      1.02743e-16	
     8768.70000	      1.05251e-16	
     8770.60000	      1.21522e-16	
     8772.50000	      1.24118e-16	
     8774.40000	      1.33977e-16	
     8776.30000	      1.27938e-16	
     8778.20000	      1.22864e-16	
     8780.10000	      9.62575e-17	
     8782.00000	      1.15701e-16	
     8783.90000	      1.08132e-16	
     8785.80000	      1.01979e-16	
     8787.70000	      1.06687e-16	
     8789.60000	      1.15645e-16	
     8791.50000	      1.23770e-16	
     8793.40000	      1.20435e-16	
     8795.30000	      1.22484e-16	
     8797.20000	      1.25960e-16	
     8799.10000	      1.15077e-16	
     8801.00000	      1.02570e-16	
     8802.90000	      9.82279e-17	
     8804.80000	      1.02197e-16	
     8806.70000	      1.09998e-16	
     8808.60000	      1.18164e-16	
     8810.50000	      1.26454e-16	
     8812.40000	      1.36821e-16	
     8814.30000	      1.45700e-16	
     8816.20000	      1.53048e-16	
     8818.10000	      1.51396e-16	
     8820.00000	      1.37375e-16	
     8821.90000	      1.13898e-16	
     8823.80000	      1.07713e-16	
     8825.70000	      1.10675e-16	
     8827.60000	      1.13459e-16	
     8829.50000	      1.26799e-16	
     8831.40000	      1.42939e-16	
     8833.30000	      1.28103e-16	
     8835.20000	      1.28888e-16	
     8837.10000	      1.36221e-16	
     8839.00000	      1.42448e-16	
     8840.90000	      1.49386e-16	
     8842.80000	      1.36168e-16	
     8844.70000	      1.24371e-16	
     8846.60000	      1.17795e-16	
     8848.50000	      1.23151e-16	
     8850.40000	      1.34052e-16	
     8852.30000	      1.50951e-16	
     8854.20000	      1.59452e-16	
     8856.10000	      1.41567e-16	
     8858.00000	      1.22109e-16	
     8859.90000	      1.16742e-16	
     8861.80000	      1.20499e-16	
     8863.70000	      1.20223e-16	
     8865.60000	      1.26705e-16	
     8867.50000	      1.32580e-16	
     8869.40000	      1.02995e-16	
     8871.30000	      8.86640e-17	
     8873.20000	      1.02237e-16	
     8875.10000	      1.11373e-16	
     8877.00000	      1.27597e-16	
     8878.90000	      1.20310e-16	
     8880.80000	      1.10755e-16	
     8882.70000	      1.06055e-16	
     8884.60000	      1.07958e-16	
     8886.50000	      1.10412e-16	
     8888.40000	      1.16200e-16	
     8890.30000	      1.29141e-16	
     8892.20000	      1.27970e-16	
     8894.10000	      1.16642e-16	
     8896.00000	      1.09656e-16	
     8897.90000	      1.27066e-16	
     8899.80000	      1.28375e-16	
     8901.70000	      1.32281e-16	
     8903.60000	      1.39312e-16	
     8905.50000	      1.45587e-16	
     8907.40000	      1.37356e-16	
     8909.30000	      1.32063e-16	
     8911.20000	      1.26164e-16	
     8913.10000	      1.42544e-16	
     8915.00000	      1.40512e-16	
     8916.90000	      1.30561e-16	
     8918.80000	      1.32903e-16	
     8920.70000	      1.47267e-16	
     8922.60000	      1.48561e-16	
     8924.50000	      1.40419e-16	
     8926.40000	      1.31468e-16	
     8928.30000	      1.40067e-16	
     8930.20000	      1.56815e-16	
     8932.10000	      1.65874e-16	
     8934.00000	      1.57427e-16	
     8935.90000	      1.50878e-16	
     8937.80000	      1.32627e-16	
     8939.70000	      1.15669e-16	
     8941.60000	      1.02296e-16	
     8943.50000	      1.11029e-16	
     8945.40000	      1.19906e-16	
     8947.30000	      1.32519e-16	
     8949.20000	      1.39840e-16	
     8951.10000	      1.32794e-16	
     8953.00000	      1.43063e-16	
     8954.90000	      1.28937e-16	
     8956.80000	      1.37615e-16	
     8958.70000	      1.43590e-16	
     8960.60000	      1.39389e-16	
     8962.50000	      1.42499e-16	
     8964.40000	      1.42137e-16	
     8966.30000	      1.37722e-16	
     8968.20000	      1.33434e-16	
     8970.10000	      1.40104e-16	
     8972.00000	      1.45050e-16	
     8973.90000	      1.56666e-16	
     8975.80000	      1.57674e-16	
     8977.70000	      1.45427e-16	
     8979.60000	      1.53952e-16	
     8981.50000	      1.55473e-16	
     8983.40000	      1.94902e-16	
     8985.30000	      1.78213e-16	
     8987.20000	      1.56749e-16	
     8989.10000	      1.52898e-16	
     8991.00000	      1.45748e-16	
     8992.90000	      1.48347e-16	
     8994.80000	      1.47857e-16	
     8996.70000	      1.41625e-16	
     8998.60000	      1.45752e-16	
     9000.50000	      1.50349e-16	
     9002.40000	      1.63252e-16	
     9004.30000	      1.76680e-16	
     9006.20000	      1.70273e-16	
     9008.10000	      1.67059e-16	
     9010.00000	      1.57404e-16	
     9011.90000	      1.59685e-16	
     9013.80000	      1.59376e-16	
     9015.70000	      1.63771e-16	
     9017.60000	      1.60862e-16	
     9019.50000	      1.51402e-16	
     9021.40000	      1.43215e-16	
     9023.30000	      1.36784e-16	
     9025.20000	      1.35899e-16	
     9027.10000	      1.36799e-16	
     9029.00000	      1.49888e-16	
     9030.90000	      1.63826e-16	
     9032.80000	      1.34578e-16	
     9034.70000	      1.02227e-16	
     9036.60000	      1.93646e-16	
     9038.50000	      1.93525e-16	
     9040.40000	      1.81899e-16	
     9042.30000	      1.95420e-16	
     9044.20000	      1.89198e-16	
     9046.10000	      1.78244e-16	
     9048.00000	      1.87529e-16	
     9049.90000	      1.78358e-16	
     9051.80000	      1.65387e-16	
     9053.70000	      1.67626e-16	
     9055.60000	      1.59734e-16	
     9057.50000	      1.49192e-16	
     9059.40000	      1.59514e-16	
     9061.30000	      1.63776e-16	
     9063.20000	      1.50459e-16	
     9065.10000	      1.54430e-16	
     9067.00000	      1.55695e-16	
     9068.90000	      1.51840e-16	
     9070.80000	      1.50542e-16	
     9072.70000	      1.49692e-16	
     9074.60000	      1.61723e-16	
     9076.50000	      1.69253e-16	
     9078.40000	      1.79925e-16	
     9080.30000	      1.80935e-16	
     9082.20000	      1.70001e-16	
     9084.10000	      1.65561e-16	
     9086.00000	      1.61865e-16	
     9087.90000	      1.69847e-16	
     9089.80000	      1.77509e-16	
     9091.70000	      1.84826e-16	
     9093.60000	      1.85954e-16	
     9095.50000	      2.14978e-16	
     9097.40000	      2.23236e-16	
     9099.30000	      1.82977e-16	
     9101.20000	      1.87480e-16	
     9103.10000	      1.88106e-16	
     9105.00000	      1.76563e-16	
     9106.90000	      1.76371e-16	
     9108.80000	      2.00427e-16	
     9110.70000	      2.18321e-16	
     9112.60000	      2.07862e-16	
     9114.50000	      1.93603e-16	
     9116.40000	      1.88484e-16	
     9118.30000	      2.12852e-16	
     9120.20000	      2.09549e-16	
     9122.10000	      2.00842e-16	
     9124.00000	      2.07683e-16	
     9125.90000	      1.99721e-16	
     9127.80000	      1.99587e-16	
     9129.70000	      2.02809e-16	
     9131.60000	      2.01599e-16	
     9133.50000	      2.01935e-16	
     9135.40000	      1.93594e-16	
     9137.30000	      1.85277e-16	
     9139.20000	      1.83953e-16	
     9141.10000	      1.91581e-16	
     9143.00000	      2.09216e-16	
     9144.90000	      2.18843e-16	
     9146.80000	      2.08957e-16	
     9148.70000	      2.01312e-16	
     9150.60000	      1.95349e-16	
     9152.50000	      2.00075e-16	
     9154.40000	      2.09469e-16	
     9156.30000	      2.24224e-16	
     9158.20000	      2.27116e-16	
     9160.10000	      2.18134e-16	
     9162.00000	      2.20430e-16	
     9163.90000	      2.27251e-16	
     9165.80000	      2.27539e-16	
     9167.70000	      2.30002e-16	
     9169.60000	      2.22473e-16	
     9171.50000	      2.12829e-16	
     9173.40000	      2.06092e-16	
     9175.30000	      2.06927e-16	
     9177.20000	      2.05261e-16	
     9179.10000	      2.18943e-16	
     9181.00000	      2.16292e-16	
     9182.90000	      2.14693e-16	
     9184.80000	      2.24779e-16	
     9186.70000	      2.45137e-16	
     9188.60000	      2.55591e-16	
     9190.50000	      2.51211e-16	
     9192.40000	      2.37563e-16	
     9194.30000	      2.30653e-16	
     9196.20000	      2.27611e-16	
     9198.10000	      2.48232e-16	
     9200.00000	      2.64311e-16	
     9201.90000	      2.55031e-16	
     9203.80000	      2.40784e-16	
     9205.70000	      2.30875e-16	
     9207.60000	      2.11231e-16	
     9209.50000	      2.10563e-16	
     9211.40000	      2.14081e-16	
     9213.30000	      2.08648e-16	
     9215.20000	      2.15564e-16	
     9217.10000	      2.10535e-16	
     9219.00000	      2.24174e-16	
     9220.90000	      2.34142e-16	
     9222.80000	      2.20462e-16	
     9224.70000	      2.16162e-16	
     9226.60000	      2.23151e-16	
     9228.50000	      2.17683e-16	
     9230.40000	      2.09313e-16	
     9232.30000	      2.14558e-16	
     9234.20000	      2.08148e-16	
     9236.10000	      2.10196e-16	
     9238.00000	      2.09327e-16	
     9239.90000	      2.09553e-16	
     9241.80000	      2.35978e-16	
     9243.70000	      3.00201e-16	
     9245.60000	      2.19581e-16	
     9247.50000	      2.00895e-16	
     9249.40000	      1.97294e-16	
     9251.30000	      1.99469e-16	
     9253.20000	      2.07537e-16	
     9255.10000	      2.13000e-16	
     9257.00000	      2.36153e-16	
     9258.90000	      2.31785e-16	
     9260.80000	      2.21702e-16	
     9262.70000	      2.26914e-16	
     9264.60000	      2.29149e-16	
     9266.50000	      2.43197e-16	
     9268.40000	      2.34272e-16	
     9270.30000	      2.25888e-16	
     9272.20000	      2.26764e-16	
     9274.10000	      2.07694e-16	
     9276.00000	      1.77738e-16	
     9277.90000	      1.75458e-16	
     9279.80000	      1.84967e-16	
     9281.70000	      1.93377e-16	
     9283.60000	      1.97266e-16	
     9285.50000	      2.05214e-16	
     9287.40000	      2.01898e-16	
     9289.30000	      2.05910e-16	
     9291.20000	      2.02566e-16	
     9293.10000	      1.93309e-16	
     9295.00000	      1.84302e-16	
     9296.90000	      1.71377e-16	
     9298.80000	      1.71435e-16	
     9300.70000	      1.75536e-16	
     9302.60000	      1.76460e-16	
     9304.50000	      1.75229e-16	
     9306.40000	      1.92460e-16	
     9308.30000	      1.79054e-16	
     9310.20000	      1.83391e-16	
     9312.10000	      1.73513e-16	
     9314.00000	      1.54692e-16	
     9315.90000	      1.60376e-16	
     9317.80000	      1.68319e-16	
     9319.70000	      1.73489e-16	
     9321.60000	      1.69701e-16	
     9323.50000	      1.71264e-16	
     9325.40000	      1.48066e-16	
     9327.30000	      1.51412e-16	
     9329.20000	      1.70185e-16	
     9331.10000	      1.68029e-16	
     9333.00000	      1.67721e-16	
     9334.90000	      1.54750e-16	
     9336.80000	      1.53123e-16	
     9338.70000	      1.66556e-16	
     9340.60000	      1.46677e-16	
     9342.50000	      1.33406e-16	
     9344.40000	      1.65592e-16	
     9346.30000	      1.82337e-16	
     9348.20000	      2.04829e-16	
     9350.10000	      1.99190e-16	
     9352.00000	      1.71340e-16	
     9353.90000	      1.52304e-16	
     9355.80000	      1.53815e-16	
     9357.70000	      1.89721e-16	
     9359.60000	      2.09427e-16	
     9361.50000	      2.07744e-16	
     9363.40000	      1.98981e-16	
     9365.30000	      1.78639e-16	
     9367.20000	      1.65528e-16	
     9369.10000	      1.49607e-16	
     9371.00000	      1.09299e-16	
     9372.90000	      1.11874e-16	
     9374.80000	      1.55463e-16	
     9376.70000	      2.83906e-16	
     9378.60000	      2.34362e-16	
     9380.50000	      1.52051e-16	
     9382.40000	      1.54379e-16	
     9384.30000	      1.82827e-16	
     9386.20000	      1.96486e-16	
     9388.10000	      2.07942e-16	
     9390.00000	      2.31562e-16	
     9391.90000	      2.38037e-16	
     9393.80000	      2.33358e-16	
     9395.70000	      2.12639e-16	
     9397.60000	      2.08914e-16	
     9399.50000	      2.06331e-16	
     9401.40000	      1.99924e-16	
     9403.30000	      2.27238e-16	
     9405.20000	      2.20623e-16	
     9407.10000	      2.17495e-16	
     9409.00000	      2.22801e-16	
     9410.90000	      2.35023e-16	
     9412.80000	      2.26568e-16	
     9414.70000	      2.12174e-16	
     9416.60000	      2.11101e-16	
     9418.50000	      2.12464e-16	
     9420.40000	      2.28294e-16	
     9422.30000	      2.04702e-16	
     9424.20000	      1.86825e-16	
     9426.10000	      1.90970e-16	
     9428.00000	      1.94576e-16	
     9429.90000	      2.21413e-16	
     9431.80000	      2.39767e-16	
     9433.70000	      2.37706e-16	
     9435.60000	      1.95590e-16	
     9437.50000	      1.76421e-16	
     9439.40000	      1.53877e-16	
     9441.30000	      1.75173e-16	
     9443.20000	      1.72271e-16	
     9445.10000	      2.05726e-16	
     9447.00000	      2.36689e-16	
     9448.90000	      2.36325e-16	
     9450.80000	      2.37058e-16	
     9452.70000	      2.09292e-16	
     9454.60000	      1.92736e-16	
     9456.50000	      1.67681e-16	
     9458.40000	      1.65704e-16	
     9460.30000	      1.95492e-16	
     9462.20000	      2.06630e-16	
     9464.10000	      2.06446e-16	
     9466.00000	      2.17922e-16	
     9467.90000	      2.35675e-16	
     9469.80000	      2.15525e-16	
     9471.70000	      2.08270e-16	
     9473.60000	      2.15645e-16	
     9475.50000	      1.77454e-16	
     9477.40000	      2.02490e-16	
     9479.30000	      2.03104e-16	
     9481.20000	      2.25271e-16	
     9483.10000	      2.46363e-16	
     9485.00000	      2.68017e-16	
     9486.90000	      2.82635e-16	
     9488.80000	      2.79339e-16	
     9490.70000	      2.68242e-16	
     9492.60000	      2.48883e-16	
     9494.50000	      2.23304e-16	
     9496.40000	      2.15200e-16	
     9498.30000	      2.11535e-16	
     9500.20000	      2.06785e-16	
     9502.10000	      2.42387e-16	
     9504.00000	      2.86839e-16	
     9505.90000	      2.87321e-16	
     9507.80000	      2.95729e-16	
     9509.70000	      2.92719e-16	
     9511.60000	      2.82220e-16	
     9513.50000	      2.68435e-16	
     9515.40000	      2.15374e-16	
     9517.30000	      1.31625e-16	
     9519.20000	      1.56333e-16	
     9521.10000	      2.35241e-16	
     9523.00000	      2.25076e-16	
     9524.90000	      2.61705e-16	
     9526.80000	      2.90207e-16	
     9528.70000	      3.00984e-16	
     9530.60000	      3.03353e-16	
     9532.50000	      2.86719e-16	
     9534.40000	      2.78584e-16	
     9536.30000	      2.80787e-16	
     9538.20000	      2.76460e-16	
     9540.10000	      2.65795e-16	
     9542.00000	      2.72839e-16	
     9543.90000	      2.74992e-16	
     9545.80000	      2.68810e-16	
     9547.70000	      2.87089e-16	
     9549.60000	      2.57690e-16	
     9551.50000	      2.14845e-16	
     9553.40000	      2.28990e-16	
     9555.30000	      2.49865e-16	
     9557.20000	      2.50634e-16	
     9559.10000	      2.66950e-16	
     9561.00000	      2.82842e-16	
     9562.90000	      2.59508e-16	
     9564.80000	      2.53165e-16	
     9566.70000	      2.67830e-16	
     9568.60000	      2.81748e-16	
     9570.50000	      3.02252e-16	
     9572.40000	      3.00671e-16	
     9574.30000	      2.91155e-16	
     9576.20000	      2.72560e-16	
     9578.10000	      2.66864e-16	
     9580.00000	      2.68379e-16	
     9581.90000	      2.73757e-16	
     9583.80000	      2.75074e-16	
     9585.70000	      2.53403e-16	
     9587.60000	      2.37571e-16	
     9589.50000	      2.19461e-16	
     9591.40000	      2.18712e-16	
     9593.30000	      2.40154e-16	
     9595.20000	      2.36470e-16	
     9597.10000	      2.45892e-16	
     9599.00000	      2.50029e-16	
     9600.90000	      2.40553e-16	
     9602.80000	      2.44140e-16	
     9604.70000	      2.57959e-16	
     9606.60000	      2.50486e-16	
     9608.50000	      2.73992e-16	
     9610.40000	      2.75188e-16	
     9612.30000	      2.77543e-16	
     9614.20000	      2.73684e-16	
     9616.10000	      2.68091e-16	
     9618.00000	      2.54065e-16	
     9619.90000	      2.31636e-16	
     9621.80000	      2.39451e-16	
     9623.70000	      2.83902e-16	
     9625.60000	      2.84033e-16	
     9627.50000	      2.87296e-16	
     9629.40000	      3.09810e-16	
     9631.30000	      2.52488e-16	
     9633.20000	      1.59040e-16	
     9635.10000	      2.08325e-16	
     9637.00000	      2.20289e-16	
     9638.90000	      2.29031e-16	
     9640.80000	      2.53224e-16	
     9642.70000	      2.73292e-16	
     9644.60000	      2.71580e-16	
     9646.50000	      2.72829e-16	
     9648.40000	      2.65863e-16	
     9650.30000	      2.54151e-16	
     9652.20000	      2.70136e-16	
     9654.10000	      2.83138e-16	
     9656.00000	      2.95273e-16	
     9657.90000	      2.80292e-16	
     9659.80000	      2.61972e-16	
     9661.70000	      2.73715e-16	
     9663.60000	      2.87511e-16	
     9665.50000	      2.88326e-16	
     9667.40000	      2.95672e-16	
     9669.30000	      2.87722e-16	
     9671.20000	      2.93091e-16	
     9673.10000	      2.85031e-16	
     9675.00000	      2.89704e-16	
     9676.90000	      2.83439e-16	
     9678.80000	      3.16028e-16	
     9680.70000	      3.04261e-16	
     9682.60000	      2.67188e-16	
     9684.50000	      2.88913e-16	
     9686.40000	      3.03196e-16	
     9688.30000	      2.88434e-16	
     9690.20000	      2.97423e-16	
     9692.10000	      3.01611e-16	
     9694.00000	      3.05053e-16	
     9695.90000	      3.17839e-16	
     9697.80000	      3.00124e-16	
     9699.70000	      2.83562e-16	
     9701.60000	      2.97672e-16	
     9703.50000	      3.19186e-16	
     9705.40000	      3.09955e-16	
     9707.30000	      3.07332e-16	
     9709.20000	      3.25023e-16	
     9711.10000	      3.42383e-16	
     9713.00000	      3.28099e-16	
     9714.90000	      3.37297e-16	
     9716.80000	      3.54044e-16	
     9718.70000	      3.15046e-16	
     9720.60000	      3.30075e-16	
     9722.50000	      3.21904e-16	
     9724.40000	      3.01426e-16	
     9726.30000	      3.02764e-16	
     9728.20000	      3.09748e-16	
     9730.10000	      3.03695e-16	
     9732.00000	      2.98389e-16	
     9733.90000	      3.12503e-16	
     9735.80000	      3.14332e-16	
     9737.70000	      3.34084e-16	
     9739.60000	      3.14393e-16	
     9741.50000	      3.05115e-16	
     9743.40000	      2.96765e-16	
     9745.30000	      3.03562e-16	
     9747.20000	      3.27452e-16	
     9749.10000	      3.14292e-16	
     9751.00000	      3.17520e-16	
     9752.90000	      3.34878e-16	
     9754.80000	      3.23289e-16	
     9756.70000	      3.56143e-16	
     9758.60000	      3.49113e-16	
     9760.50000	      3.30077e-16	
     9762.40000	      3.26459e-16	
     9764.30000	      3.59385e-16	
     9766.20000	      3.57051e-16	
     9768.10000	      3.66704e-16	
     9770.00000	      3.50335e-16	
     9771.90000	      3.38341e-16	
     9773.80000	      3.71797e-16	
     9775.70000	      3.58778e-16	
     9777.60000	      3.56338e-16	
     9779.50000	      3.37043e-16	
     9781.40000	      3.49383e-16	
     9783.30000	      3.11113e-16	
     9785.20000	      3.24363e-16	
     9787.10000	      3.14939e-16	
     9789.00000	      3.71637e-16	
     9790.90000	      3.52217e-16	
     9792.80000	      3.52187e-16	
     9794.70000	      3.09195e-16	
     9796.60000	      3.19732e-16	
     9798.50000	      3.38606e-16	
     9800.40000	      3.45847e-16	
     9802.30000	      3.67300e-16	
     9804.20000	      3.63609e-16	
     9806.10000	      3.63741e-16	
     9808.00000	      3.79585e-16	
     9809.90000	      3.89518e-16	
     9811.80000	      3.72076e-16	
     9813.70000	      3.60501e-16	
     9815.60000	      3.36297e-16	
     9817.50000	      3.31168e-16	
     9819.40000	      3.40881e-16	
     9821.30000	      3.29153e-16	
     9823.20000	      3.47279e-16	
     9825.10000	      3.45567e-16	
     9827.00000	      3.16102e-16	
     9828.90000	      3.13179e-16	
     9830.80000	      3.32549e-16	
     9832.70000	      3.34742e-16	
     9834.60000	      3.34683e-16	
     9836.50000	      3.59802e-16	
     9838.40000	      3.31872e-16	
     9840.30000	      3.36127e-16	
     9842.20000	      3.61279e-16	
     9844.10000	      3.62164e-16	
     9846.00000	      3.37963e-16	
     9847.90000	      3.47430e-16	
     9849.80000	      3.52434e-16	
     9851.70000	      3.32462e-16	
     9853.60000	      3.20876e-16	
     9855.50000	      3.49628e-16	
     9857.40000	      3.44774e-16	
     9859.30000	      3.58218e-16	
     9861.20000	      4.00212e-16	
     9863.10000	      3.64866e-16	
     9865.00000	      3.64362e-16	
     9866.90000	      3.39147e-16	
     9868.80000	      3.20125e-16	
     9870.70000	      3.30121e-16	
     9872.60000	      3.26316e-16	
     9874.50000	      3.30195e-16	
     9876.40000	      3.40881e-16	
     9878.30000	      3.49851e-16	
     9880.20000	      3.23429e-16	
     9882.10000	      3.63414e-16	
     9884.00000	      3.65971e-16	
     9885.90000	      3.16796e-16	
     9887.80000	      3.85842e-16	
     9889.70000	      3.70925e-16	
     9891.60000	      3.43316e-16	
     9893.50000	      3.25489e-16	
     9895.40000	      2.91032e-16	
     9897.30000	      2.71140e-16	
     9899.20000	      2.59405e-16	
     9901.10000	      2.44503e-16	
     9903.00000	      2.19786e-16	
     9904.90000	      2.09455e-16	
     9906.80000	      1.95470e-16	
     9908.70000	      1.51613e-16	
     9910.60000	      1.35776e-16	
     9912.50000	      1.42451e-16	
     9914.40000	      1.59819e-16	
     9916.30000	      1.58102e-16	
     9918.20000	      1.41976e-16	
     9920.10000	      1.49021e-16	
     9922.00000	      1.53995e-16	
     9923.90000	      1.10890e-16	
     9925.80000	      1.55702e-16	
     9927.70000	      1.95052e-16	
     9929.60000	      2.18660e-16	
     9931.50000	      2.11673e-16	
     9933.40000	      2.35371e-16	
     9935.30000	      2.55178e-16	
     9937.20000	      2.47293e-16	
     9939.10000	      2.09804e-16	
#time:0.025800
