# Keck LRIS spectra of late-M, L and T dwarfs
# spty = M8  (Spectral type)
#
#     WAVELENGTH	#           FLUX	
#     (ANGSTROM)	#  (ERG/CM2/S/A)	
################	################	
      6360.00000	     0.00000e+00	
      6361.90095	     0.00000e+00	
      6363.80190	     0.00000e+00	
      6365.70285	     0.00000e+00	
      6367.60380	     7.07679e-17	
      6369.50475	     1.29238e-16	
      6371.40570	     1.28824e-16	
      6373.30665	     1.23710e-16	
      6375.20760	     1.25942e-16	
      6377.10855	     1.28864e-16	
      6379.00950	     1.21669e-16	
      6380.91046	     1.26838e-16	
      6382.81141	     1.15927e-16	
      6384.71236	     1.18765e-16	
      6386.61331	     1.20912e-16	
      6388.51426	     1.13027e-16	
      6390.41521	     1.22923e-16	
      6392.31616	     1.29246e-16	
      6394.21711	     1.19799e-16	
      6396.11806	     1.34272e-16	
      6398.01901	     1.32373e-16	
      6399.91996	     1.21006e-16	
      6401.82091	     1.32610e-16	
      6403.72186	     1.35788e-16	
      6405.62281	     1.27450e-16	
      6407.52376	     1.36541e-16	
      6409.42471	     1.39106e-16	
      6411.32566	     1.38034e-16	
      6413.22661	     1.46376e-16	
      6415.12756	     1.34601e-16	
      6417.02851	     1.29233e-16	
      6418.92946	     1.27951e-16	
      6420.83042	     1.30238e-16	
      6422.73137	     1.26131e-16	
      6424.63232	     1.21980e-16	
      6426.53327	     1.28499e-16	
      6428.43422	     1.26805e-16	
      6430.33517	     1.09599e-16	
      6432.23612	     1.22016e-16	
      6434.13707	     1.35104e-16	
      6436.03802	     1.33804e-16	
      6437.93897	     1.27012e-16	
      6439.83992	     1.42621e-16	
      6441.74087	     1.27910e-16	
      6443.64182	     1.24032e-16	
      6445.54277	     1.37847e-16	
      6447.44372	     1.38460e-16	
      6449.34467	     1.39993e-16	
      6451.24562	     1.46462e-16	
      6453.14657	     1.43435e-16	
      6455.04752	     1.23839e-16	
      6456.94847	     1.31644e-16	
      6458.84942	     1.34996e-16	
      6460.75038	     1.31764e-16	
      6462.65133	     1.27026e-16	
      6464.55228	     1.51352e-16	
      6466.45323	     1.29357e-16	
      6468.35418	     1.32847e-16	
      6470.25513	     1.56201e-16	
      6472.15608	     1.52120e-16	
      6474.05703	     1.47198e-16	
      6475.95798	     1.45212e-16	
      6477.85893	     1.56838e-16	
      6479.75988	     1.54450e-16	
      6481.66083	     1.41536e-16	
      6483.56178	     1.34565e-16	
      6485.46273	     1.30981e-16	
      6487.36368	     1.50429e-16	
      6489.26463	     1.56191e-16	
      6491.16558	     1.56950e-16	
      6493.06653	     1.57710e-16	
      6494.96748	     1.60153e-16	
      6496.86843	     1.64759e-16	
      6498.76938	     1.71866e-16	
      6500.67034	     1.80360e-16	
      6502.57129	     1.81250e-16	
      6504.47224	     1.85365e-16	
      6506.37319	     1.83060e-16	
      6508.27414	     2.02298e-16	
      6510.17509	     2.17316e-16	
      6512.07604	     2.15888e-16	
      6513.97699	     2.17897e-16	
      6515.87794	     2.13204e-16	
      6517.77889	     2.31427e-16	
      6519.67984	     2.35671e-16	
      6521.58079	     2.36492e-16	
      6523.48174	     2.49212e-16	
      6525.38269	     2.61801e-16	
      6527.28364	     2.74281e-16	
      6529.18459	     2.89171e-16	
      6531.08554	     2.97412e-16	
      6532.98649	     2.99840e-16	
      6534.88744	     3.15430e-16	
      6536.78839	     3.34863e-16	
      6538.68934	     3.18602e-16	
      6540.59030	     3.30981e-16	
      6542.49125	     3.26341e-16	
      6544.39220	     3.18956e-16	
      6546.29315	     3.02063e-16	
      6548.19410	     2.87618e-16	
      6550.09505	     2.84774e-16	
      6551.99600	     2.81028e-16	
      6553.89695	     2.80539e-16	
      6555.79790	     2.95666e-16	
      6557.69885	     3.14645e-16	
      6559.59980	     3.49330e-16	
      6561.50075	     3.60610e-16	
      6563.40170	     3.41821e-16	
      6565.30265	     3.21824e-16	
      6567.20360	     2.83522e-16	
      6569.10455	     2.50529e-16	
      6571.00550	     2.27861e-16	
      6572.90645	     2.25384e-16	
      6574.80740	     2.08880e-16	
      6576.70835	     2.13630e-16	
      6578.60930	     2.07283e-16	
      6580.51026	     2.02425e-16	
      6582.41121	     1.92788e-16	
      6584.31216	     2.09012e-16	
      6586.21311	     2.12056e-16	
      6588.11406	     2.21159e-16	
      6590.01501	     2.17935e-16	
      6591.91596	     2.16810e-16	
      6593.81691	     2.16299e-16	
      6595.71786	     2.06475e-16	
      6597.61881	     1.97403e-16	
      6599.51976	     2.03843e-16	
      6601.42071	     2.15773e-16	
      6603.32166	     2.04851e-16	
      6605.22261	     2.00667e-16	
      6607.12356	     2.02322e-16	
      6609.02451	     2.07615e-16	
      6610.92546	     1.93169e-16	
      6612.82641	     2.10415e-16	
      6614.72736	     2.32009e-16	
      6616.62831	     2.27897e-16	
      6618.52926	     2.10049e-16	
      6620.43022	     2.02602e-16	
      6622.33117	     2.03180e-16	
      6624.23212	     1.82635e-16	
      6626.13307	     1.87443e-16	
      6628.03402	     1.73947e-16	
      6629.93497	     1.76389e-16	
      6631.83592	     1.83812e-16	
      6633.73687	     1.82573e-16	
      6635.63782	     1.87829e-16	
      6637.53877	     1.81958e-16	
      6639.43972	     1.67462e-16	
      6641.34067	     1.82107e-16	
      6643.24162	     1.90724e-16	
      6645.14257	     1.79666e-16	
      6647.04352	     1.78631e-16	
      6648.94447	     1.63620e-16	
      6650.84542	     1.66299e-16	
      6652.74637	     1.63608e-16	
      6654.64732	     1.42334e-16	
      6656.54827	     1.37514e-16	
      6658.44922	     1.47975e-16	
      6660.35018	     1.49633e-16	
      6662.25113	     1.52917e-16	
      6664.15208	     1.51322e-16	
      6666.05303	     1.54897e-16	
      6667.95398	     1.64525e-16	
      6669.85493	     1.79992e-16	
      6671.75588	     1.71273e-16	
      6673.65683	     1.76562e-16	
      6675.55778	     1.71952e-16	
      6677.45873	     1.80671e-16	
      6679.35968	     1.59850e-16	
      6681.26063	     1.54981e-16	
      6683.16158	     1.41744e-16	
      6685.06253	     1.31889e-16	
      6686.96348	     1.39858e-16	
      6688.86443	     1.51081e-16	
      6690.76538	     1.59529e-16	
      6692.66633	     1.56008e-16	
      6694.56728	     1.45139e-16	
      6696.46823	     1.56381e-16	
      6698.36918	     1.53760e-16	
      6700.27014	     1.54719e-16	
      6702.17109	     1.59035e-16	
      6704.07204	     1.63609e-16	
      6705.97299	     1.67489e-16	
      6707.87394	     1.75245e-16	
      6709.77489	     1.80793e-16	
      6711.67584	     1.71192e-16	
      6713.57679	     1.60853e-16	
      6715.47774	     1.53080e-16	
      6717.37869	     1.43104e-16	
      6719.27964	     1.43479e-16	
      6721.18059	     1.32272e-16	
      6723.08154	     1.28461e-16	
      6724.98249	     1.50042e-16	
      6726.88344	     1.49538e-16	
      6728.78439	     1.46565e-16	
      6730.68534	     1.49725e-16	
      6732.58629	     1.60873e-16	
      6734.48724	     1.59232e-16	
      6736.38819	     1.60448e-16	
      6738.28914	     1.57342e-16	
      6740.19010	     1.64190e-16	
      6742.09105	     1.63185e-16	
      6743.99200	     1.74574e-16	
      6745.89295	     1.70276e-16	
      6747.79390	     1.61868e-16	
      6749.69485	     1.56660e-16	
      6751.59580	     1.49699e-16	
      6753.49675	     1.55386e-16	
      6755.39770	     1.56597e-16	
      6757.29865	     1.65269e-16	
      6759.19960	     1.73120e-16	
      6761.10055	     1.68266e-16	
      6763.00150	     1.75841e-16	
      6764.90245	     1.84451e-16	
      6766.80340	     1.81646e-16	
      6768.70435	     1.77638e-16	
      6770.60530	     1.86740e-16	
      6772.50625	     1.99374e-16	
      6774.40720	     2.04512e-16	
      6776.30815	     1.99924e-16	
      6778.20910	     2.09322e-16	
      6780.11006	     2.03370e-16	
      6782.01101	     1.88012e-16	
      6783.91196	     1.76281e-16	
      6785.81291	     1.69341e-16	
      6787.71386	     1.51926e-16	
      6789.61481	     1.57959e-16	
      6791.51576	     1.53613e-16	
      6793.41671	     1.59102e-16	
      6795.31766	     1.74099e-16	
      6797.21861	     1.77522e-16	
      6799.11956	     1.77084e-16	
      6801.02051	     1.86840e-16	
      6802.92146	     1.97949e-16	
      6804.82241	     1.96939e-16	
      6806.72336	     1.90794e-16	
      6808.62431	     1.90803e-16	
      6810.52526	     1.95669e-16	
      6812.42621	     1.99626e-16	
      6814.32716	     2.02181e-16	
      6816.22811	     1.96517e-16	
      6818.12906	     1.91313e-16	
      6820.03002	     1.92718e-16	
      6821.93097	     1.92946e-16	
      6823.83192	     1.91727e-16	
      6825.73287	     1.99078e-16	
      6827.63382	     1.95076e-16	
      6829.53477	     1.98405e-16	
      6831.43572	     1.88523e-16	
      6833.33667	     2.12838e-16	
      6835.23762	     2.14906e-16	
      6837.13857	     2.12638e-16	
      6839.03952	     2.10478e-16	
      6840.94047	     2.09573e-16	
      6842.84142	     2.17773e-16	
      6844.74237	     2.22019e-16	
      6846.64332	     2.17818e-16	
      6848.54427	     2.10127e-16	
      6850.44522	     2.09836e-16	
      6852.34617	     2.03388e-16	
      6854.24712	     1.93451e-16	
      6856.14807	     1.86216e-16	
      6858.04902	     1.85366e-16	
      6859.94997	     1.86217e-16	
      6861.85093	     1.89868e-16	
      6863.75188	     2.01111e-16	
      6865.65283	     1.98219e-16	
      6867.55378	     1.90660e-16	
      6869.45473	     1.74687e-16	
      6871.35568	     1.64540e-16	
      6873.25663	     1.75269e-16	
      6875.15758	     1.77519e-16	
      6877.05853	     1.91953e-16	
      6878.95948	     2.04873e-16	
      6880.86043	     2.12078e-16	
      6882.76138	     2.14473e-16	
      6884.66233	     2.10806e-16	
      6886.56328	     2.17784e-16	
      6888.46423	     2.06001e-16	
      6890.36518	     1.97133e-16	
      6892.26613	     2.03886e-16	
      6894.16708	     2.12002e-16	
      6896.06803	     2.04848e-16	
      6897.96898	     2.12984e-16	
      6899.86993	     2.06598e-16	
      6901.77089	     1.92891e-16	
      6903.67184	     2.08760e-16	
      6905.57279	     2.21150e-16	
      6907.47374	     2.32474e-16	
      6909.37469	     2.48569e-16	
      6911.27564	     2.53497e-16	
      6913.17659	     2.52926e-16	
      6915.07754	     2.34457e-16	
      6916.97849	     2.32699e-16	
      6918.87944	     2.28478e-16	
      6920.78039	     1.92862e-16	
      6922.68134	     2.19795e-16	
      6924.58229	     2.55595e-16	
      6926.48324	     2.60015e-16	
      6928.38419	     2.79448e-16	
      6930.28514	     2.86387e-16	
      6932.18609	     2.78020e-16	
      6934.08704	     2.95346e-16	
      6935.98799	     3.03773e-16	
      6937.88894	     2.96776e-16	
      6939.78989	     2.99636e-16	
      6941.69085	     3.06699e-16	
      6943.59180	     3.39194e-16	
      6945.49275	     3.61207e-16	
      6947.39370	     3.78621e-16	
      6949.29465	     3.83708e-16	
      6951.19560	     3.85904e-16	
      6953.09655	     3.70139e-16	
      6954.99750	     3.52140e-16	
      6956.89845	     3.44613e-16	
      6958.79940	     3.51429e-16	
      6960.70035	     3.67428e-16	
      6962.60130	     3.78977e-16	
      6964.50225	     3.77678e-16	
      6966.40320	     3.91411e-16	
      6968.30415	     4.05723e-16	
      6970.20510	     3.99557e-16	
      6972.10605	     3.90784e-16	
      6974.00700	     3.90532e-16	
      6975.90795	     3.96909e-16	
      6977.80890	     4.08030e-16	
      6979.70985	     4.24479e-16	
      6981.61081	     4.28585e-16	
      6983.51176	     4.31559e-16	
      6985.41271	     4.30279e-16	
      6987.31366	     4.43527e-16	
      6989.21461	     4.38111e-16	
      6991.11556	     4.32620e-16	
      6993.01651	     4.11499e-16	
      6994.91746	     4.06987e-16	
      6996.81841	     4.19031e-16	
      6998.71936	     4.30404e-16	
      7000.62031	     4.26719e-16	
      7002.52126	     4.19593e-16	
      7004.42221	     4.43610e-16	
      7006.32316	     4.47726e-16	
      7008.22411	     4.54218e-16	
      7010.12506	     4.61153e-16	
      7012.02601	     4.68461e-16	
      7013.92696	     4.75791e-16	
      7015.82791	     4.81177e-16	
      7017.72886	     4.95106e-16	
      7019.62981	     5.00578e-16	
      7021.53077	     5.04760e-16	
      7023.43172	     5.01444e-16	
      7025.33267	     5.00546e-16	
      7027.23362	     5.30563e-16	
      7029.13457	     5.59821e-16	
      7031.03552	     5.76221e-16	
      7032.93647	     5.92848e-16	
      7034.83742	     6.06057e-16	
      7036.73837	     6.13079e-16	
      7038.63932	     6.23731e-16	
      7040.54027	     6.46329e-16	
      7042.44122	     6.38575e-16	
      7044.34217	     6.43372e-16	
      7046.24312	     6.63301e-16	
      7048.14407	     6.85476e-16	
      7050.04502	     6.70966e-16	
      7051.94597	     6.29101e-16	
      7053.84692	     5.36583e-16	
      7055.74787	     4.23608e-16	
      7057.64882	     3.09326e-16	
      7059.54977	     2.36829e-16	
      7061.45073	     2.19926e-16	
      7063.35168	     2.14071e-16	
      7065.25263	     2.17181e-16	
      7067.15358	     2.39977e-16	
      7069.05453	     2.56008e-16	
      7070.95548	     2.55149e-16	
      7072.85643	     2.60424e-16	
      7074.75738	     2.75771e-16	
      7076.65833	     2.76797e-16	
      7078.55928	     2.73214e-16	
      7080.46023	     2.81382e-16	
      7082.36118	     2.90353e-16	
      7084.26213	     2.90906e-16	
      7086.16308	     2.77172e-16	
      7088.06403	     2.55195e-16	
      7089.96498	     2.31084e-16	
      7091.86593	     2.01112e-16	
      7093.76688	     1.81684e-16	
      7095.66783	     1.86687e-16	
      7097.56878	     1.89890e-16	
      7099.46973	     2.04137e-16	
      7101.37069	     2.02655e-16	
      7103.27164	     1.96596e-16	
      7105.17259	     1.99306e-16	
      7107.07354	     2.12591e-16	
      7108.97449	     2.31880e-16	
      7110.87544	     2.47244e-16	
      7112.77639	     2.60398e-16	
      7114.67734	     2.52652e-16	
      7116.57829	     2.67947e-16	
      7118.47924	     2.71197e-16	
      7120.38019	     2.70353e-16	
      7122.28114	     2.68801e-16	
      7124.18209	     2.49218e-16	
      7126.08304	     2.24545e-16	
      7127.98399	     1.90803e-16	
      7129.88494	     1.71918e-16	
      7131.78589	     1.76463e-16	
      7133.68684	     1.75997e-16	
      7135.58779	     1.56476e-16	
      7137.48874	     1.69352e-16	
      7139.38969	     1.78647e-16	
      7141.29065	     1.79237e-16	
      7143.19160	     1.87970e-16	
      7145.09255	     1.91789e-16	
      7146.99350	     2.00724e-16	
      7148.89445	     2.03519e-16	
      7150.79540	     2.05222e-16	
      7152.69635	     2.20046e-16	
      7154.59730	     2.31070e-16	
      7156.49825	     2.23706e-16	
      7158.39920	     2.42665e-16	
      7160.30015	     2.19127e-16	
      7162.20110	     2.10377e-16	
      7164.10205	     2.00530e-16	
      7166.00300	     2.09715e-16	
      7167.90395	     2.10456e-16	
      7169.80490	     2.07558e-16	
      7171.70585	     2.24164e-16	
      7173.60680	     2.33133e-16	
      7175.50775	     2.40444e-16	
      7177.40870	     2.44222e-16	
      7179.30965	     2.44550e-16	
      7181.21061	     2.45993e-16	
      7183.11156	     2.64924e-16	
      7185.01251	     2.73791e-16	
      7186.91346	     2.81846e-16	
      7188.81441	     2.95399e-16	
      7190.71536	     2.89550e-16	
      7192.61631	     2.85077e-16	
      7194.51726	     2.79240e-16	
      7196.41821	     2.66836e-16	
      7198.31916	     2.63965e-16	
      7200.22011	     2.52196e-16	
      7202.12106	     2.41642e-16	
      7204.02201	     2.47888e-16	
      7205.92296	     2.43605e-16	
      7207.82391	     2.46593e-16	
      7209.72486	     2.67149e-16	
      7211.62581	     2.75727e-16	
      7213.52676	     2.80453e-16	
      7215.42771	     2.92405e-16	
      7217.32866	     2.94719e-16	
      7219.22961	     3.06931e-16	
      7221.13057	     3.14869e-16	
      7223.03152	     3.14724e-16	
      7224.93247	     3.38609e-16	
      7226.83342	     3.50639e-16	
      7228.73437	     3.49653e-16	
      7230.63532	     3.49218e-16	
      7232.53627	     3.44696e-16	
      7234.43722	     3.48643e-16	
      7236.33817	     3.52720e-16	
      7238.23912	     3.59980e-16	
      7240.14007	     3.72368e-16	
      7242.04102	     3.90346e-16	
      7243.94197	     3.90522e-16	
      7245.84292	     4.14207e-16	
      7247.74387	     4.38519e-16	
      7249.64482	     4.55376e-16	
      7251.54577	     4.61986e-16	
      7253.44672	     4.67760e-16	
      7255.34767	     4.81580e-16	
      7257.24862	     4.92936e-16	
      7259.14957	     5.07978e-16	
      7261.05053	     5.24319e-16	
      7262.95148	     5.42155e-16	
      7264.85243	     5.59774e-16	
      7266.75338	     5.78668e-16	
      7268.65433	     5.64500e-16	
      7270.55528	     5.37410e-16	
      7272.45623	     5.27224e-16	
      7274.35718	     5.23467e-16	
      7276.25813	     5.20092e-16	
      7278.15908	     5.37134e-16	
      7280.06003	     5.52025e-16	
      7281.96098	     5.67464e-16	
      7283.86193	     5.90081e-16	
      7285.76288	     6.08113e-16	
      7287.66383	     6.26640e-16	
      7289.56478	     6.32976e-16	
      7291.46573	     6.54764e-16	
      7293.36668	     6.78274e-16	
      7295.26763	     6.95599e-16	
      7297.16858	     7.23473e-16	
      7299.06953	     7.47137e-16	
      7300.97049	     7.59800e-16	
      7302.87144	     7.83833e-16	
      7304.77239	     7.98768e-16	
      7306.67334	     8.33127e-16	
      7308.57429	     8.47374e-16	
      7310.47524	     8.55852e-16	
      7312.37619	     8.79938e-16	
      7314.27714	     8.94601e-16	
      7316.17809	     9.21116e-16	
      7318.07904	     9.43298e-16	
      7319.97999	     9.58397e-16	
      7321.88094	     9.99799e-16	
      7323.78189	     1.00157e-15	
      7325.68284	     1.00012e-15	
      7327.58379	     1.00379e-15	
      7329.48474	     9.93351e-16	
      7331.38569	     1.00989e-15	
      7333.28664	     1.03146e-15	
      7335.18759	     1.06037e-15	
      7337.08854	     1.09726e-15	
      7338.98949	     1.13674e-15	
      7340.89045	     1.14526e-15	
      7342.79140	     1.11780e-15	
      7344.69235	     1.07406e-15	
      7346.59330	     1.04920e-15	
      7348.49425	     1.05414e-15	
      7350.39520	     1.07471e-15	
      7352.29615	     1.09654e-15	
      7354.19710	     1.08829e-15	
      7356.09805	     1.07718e-15	
      7357.99900	     1.09182e-15	
      7359.89995	     1.10603e-15	
      7361.80090	     1.15512e-15	
      7363.70185	     1.19084e-15	
      7365.60280	     1.23176e-15	
      7367.50375	     1.25944e-15	
      7369.40470	     1.26829e-15	
      7371.30565	     1.25174e-15	
      7373.20660	     1.20915e-15	
      7375.10755	     1.18623e-15	
      7377.00850	     1.17604e-15	
      7378.90945	     1.18455e-15	
      7380.81041	     1.19821e-15	
      7382.71136	     1.22490e-15	
      7384.61231	     1.21731e-15	
      7386.51326	     1.25492e-15	
      7388.41421	     1.29086e-15	
      7390.31516	     1.30520e-15	
      7392.21611	     1.25073e-15	
      7394.11706	     1.21073e-15	
      7396.01801	     1.19297e-15	
      7397.91896	     1.20195e-15	
      7399.81991	     1.22143e-15	
      7401.72086	     1.23612e-15	
      7403.62181	     1.19782e-15	
      7405.52276	     1.16620e-15	
      7407.42371	     1.17662e-15	
      7409.32466	     1.17326e-15	
      7411.22561	     1.21263e-15	
      7413.12656	     1.23486e-15	
      7415.02751	     1.20867e-15	
      7416.92846	     1.20522e-15	
      7418.82941	     1.17249e-15	
      7420.73037	     1.13520e-15	
      7422.63132	     1.14219e-15	
      7424.53227	     1.17948e-15	
      7426.43322	     1.21658e-15	
      7428.33417	     1.23061e-15	
      7430.23512	     1.24526e-15	
      7432.13607	     1.21866e-15	
      7434.03702	     1.18306e-15	
      7435.93797	     1.15426e-15	
      7437.83892	     1.14558e-15	
      7439.73987	     1.15171e-15	
      7441.64082	     1.15961e-15	
      7443.54177	     1.14352e-15	
      7445.44272	     1.10306e-15	
      7447.34367	     1.10195e-15	
      7449.24462	     1.13009e-15	
      7451.14557	     1.15276e-15	
      7453.04652	     1.15538e-15	
      7454.94747	     1.16500e-15	
      7456.84842	     1.14924e-15	
      7458.74937	     1.13928e-15	
      7460.65033	     1.15373e-15	
      7462.55128	     1.17381e-15	
      7464.45223	     1.18708e-15	
      7466.35318	     1.19718e-15	
      7468.25413	     1.22085e-15	
      7470.15508	     1.21557e-15	
      7472.05603	     1.20867e-15	
      7473.95698	     1.19504e-15	
      7475.85793	     1.18195e-15	
      7477.75888	     1.19279e-15	
      7479.65983	     1.20911e-15	
      7481.56078	     1.24035e-15	
      7483.46173	     1.25410e-15	
      7485.36268	     1.26607e-15	
      7487.26363	     1.28813e-15	
      7489.16458	     1.28442e-15	
      7491.06553	     1.27164e-15	
      7492.96648	     1.24732e-15	
      7494.86743	     1.23969e-15	
      7496.76838	     1.25339e-15	
      7498.66933	     1.29012e-15	
      7500.57029	     1.33662e-15	
      7502.47124	     1.35204e-15	
      7504.37219	     1.33409e-15	
      7506.27314	     1.33087e-15	
      7508.17409	     1.33751e-15	
      7510.07504	     1.37717e-15	
      7511.97599	     1.40095e-15	
      7513.87694	     1.38020e-15	
      7515.77789	     1.35376e-15	
      7517.67884	     1.35946e-15	
      7519.57979	     1.35599e-15	
      7521.48074	     1.35959e-15	
      7523.38169	     1.34706e-15	
      7525.28264	     1.34135e-15	
      7527.18359	     1.35398e-15	
      7529.08454	     1.36772e-15	
      7530.98549	     1.39160e-15	
      7532.88644	     1.43218e-15	
      7534.78739	     1.43998e-15	
      7536.68834	     1.46464e-15	
      7538.58929	     1.50025e-15	
      7540.49025	     1.53981e-15	
      7542.39120	     1.56036e-15	
      7544.29215	     1.54626e-15	
      7546.19310	     1.53044e-15	
      7548.09405	     1.53067e-15	
      7549.99500	     1.51070e-15	
      7551.89595	     1.51899e-15	
      7553.79690	     1.54484e-15	
      7555.69785	     1.55190e-15	
      7557.59880	     1.57444e-15	
      7559.49975	     1.59440e-15	
      7561.40070	     1.59642e-15	
      7563.30165	     1.57983e-15	
      7565.20260	     1.53397e-15	
      7567.10355	     1.48244e-15	
      7569.00450	     1.49445e-15	
      7570.90545	     1.54462e-15	
      7572.80640	     1.58274e-15	
      7574.70735	     1.59458e-15	
      7576.60830	     1.59529e-15	
      7578.50925	     1.59841e-15	
      7580.41021	     1.63673e-15	
      7582.31116	     1.68775e-15	
      7584.21211	     1.66361e-15	
      7586.11306	     1.50691e-15	
      7588.01401	     1.24613e-15	
      7589.91496	     9.85575e-16	
      7591.81591	     7.79911e-16	
      7593.71686	     6.45098e-16	
      7595.61781	     5.55983e-16	
      7597.51876	     4.75510e-16	
      7599.41971	     4.12768e-16	
      7601.32066	     3.60039e-16	
      7603.22161	     3.43628e-16	
      7605.12256	     3.39376e-16	
      7607.02351	     3.62629e-16	
      7608.92446	     4.09076e-16	
      7610.82541	     4.81778e-16	
      7612.72636	     5.77538e-16	
      7614.62731	     7.00505e-16	
      7616.52826	     8.43584e-16	
      7618.42921	     9.17661e-16	
      7620.33017	     8.74882e-16	
      7622.23112	     7.78049e-16	
      7624.13207	     6.44310e-16	
      7626.03302	     5.50924e-16	
      7627.93397	     4.48621e-16	
      7629.83492	     4.12416e-16	
      7631.73587	     3.88617e-16	
      7633.63682	     4.01996e-16	
      7635.53777	     4.07858e-16	
      7637.43872	     4.12411e-16	
      7639.33967	     4.38449e-16	
      7641.24062	     4.51854e-16	
      7643.14157	     4.51110e-16	
      7645.04252	     4.61430e-16	
      7646.94347	     4.54979e-16	
      7648.84442	     4.58401e-16	
      7650.74537	     4.51818e-16	
      7652.64632	     4.40038e-16	
      7654.54727	     4.21737e-16	
      7656.44822	     3.93220e-16	
      7658.34917	     3.53908e-16	
      7660.25013	     3.06732e-16	
      7662.15108	     2.53299e-16	
      7664.05203	     2.24316e-16	
      7665.95298	     2.14422e-16	
      7667.85393	     2.30617e-16	
      7669.75488	     2.64701e-16	
      7671.65583	     3.03322e-16	
      7673.55678	     3.25276e-16	
      7675.45773	     3.56967e-16	
      7677.35868	     3.86274e-16	
      7679.25963	     4.12164e-16	
      7681.16058	     4.24570e-16	
      7683.06153	     4.27331e-16	
      7684.96248	     4.52473e-16	
      7686.86343	     4.58497e-16	
      7688.76438	     4.47893e-16	
      7690.66533	     4.35248e-16	
      7692.56628	     3.93959e-16	
      7694.46723	     3.64783e-16	
      7696.36818	     3.06898e-16	
      7698.26913	     2.72006e-16	
      7700.17009	     2.57621e-16	
      7702.07104	     2.93357e-16	
      7703.97199	     3.40265e-16	
      7705.87294	     3.84875e-16	
      7707.77389	     4.21256e-16	
      7709.67484	     4.57908e-16	
      7711.57579	     4.80102e-16	
      7713.47674	     5.02523e-16	
      7715.37769	     5.30002e-16	
      7717.27864	     5.57699e-16	
      7719.17959	     5.78054e-16	
      7721.08054	     6.02223e-16	
      7722.98149	     6.38960e-16	
      7724.88244	     6.57452e-16	
      7726.78339	     6.87096e-16	
      7728.68434	     7.27520e-16	
      7730.58529	     7.37551e-16	
      7732.48624	     7.60934e-16	
      7734.38719	     7.85505e-16	
      7736.28814	     7.99970e-16	
      7738.18909	     8.19284e-16	
      7740.09005	     8.14172e-16	
      7741.99100	     7.77725e-16	
      7743.89195	     7.38617e-16	
      7745.79290	     6.89508e-16	
      7747.69385	     6.29032e-16	
      7749.59480	     6.02338e-16	
      7751.49575	     6.00314e-16	
      7753.39670	     6.07801e-16	
      7755.29765	     6.35352e-16	
      7757.19860	     6.57762e-16	
      7759.09955	     6.64330e-16	
      7761.00050	     6.71065e-16	
      7762.90145	     6.71409e-16	
      7764.80240	     6.88636e-16	
      7766.70335	     7.27428e-16	
      7768.60430	     7.70054e-16	
      7770.50525	     7.74244e-16	
      7772.40620	     7.77062e-16	
      7774.30715	     7.95291e-16	
      7776.20810	     7.90843e-16	
      7778.10905	     7.87155e-16	
      7780.01001	     7.66975e-16	
      7781.91096	     7.39050e-16	
      7783.81191	     7.16898e-16	
      7785.71286	     7.01733e-16	
      7787.61381	     7.10041e-16	
      7789.51476	     7.44226e-16	
      7791.41571	     7.67732e-16	
      7793.31666	     7.95699e-16	
      7795.21761	     7.79414e-16	
      7797.11856	     7.48289e-16	
      7799.01951	     7.20392e-16	
      7800.92046	     7.24972e-16	
      7802.82141	     8.01525e-16	
      7804.72236	     8.96583e-16	
      7806.62331	     9.71860e-16	
      7808.52426	     9.66559e-16	
      7810.42521	     9.73134e-16	
      7812.32616	     1.00250e-15	
      7814.22711	     1.02990e-15	
      7816.12806	     1.04517e-15	
      7818.02901	     1.03260e-15	
      7819.92996	     9.82068e-16	
      7821.83092	     9.43012e-16	
      7823.73187	     9.40160e-16	
      7825.63282	     9.09948e-16	
      7827.53377	     8.55014e-16	
      7829.43472	     8.29229e-16	
      7831.33567	     8.31150e-16	
      7833.23662	     8.46203e-16	
      7835.13757	     8.64227e-16	
      7837.03852	     8.83904e-16	
      7838.93947	     8.86246e-16	
      7840.84042	     9.00330e-16	
      7842.74137	     9.29902e-16	
      7844.64232	     9.67399e-16	
      7846.54327	     9.83431e-16	
      7848.44422	     9.66653e-16	
      7850.34517	     9.38233e-16	
      7852.24612	     9.40944e-16	
      7854.14707	     9.78996e-16	
      7856.04802	     1.00954e-15	
      7857.94897	     1.01618e-15	
      7859.84992	     1.00983e-15	
      7861.75088	     9.82423e-16	
      7863.65183	     9.63476e-16	
      7865.55278	     9.48093e-16	
      7867.45373	     9.24201e-16	
      7869.35468	     9.11267e-16	
      7871.25563	     9.08885e-16	
      7873.15658	     9.05378e-16	
      7875.05753	     9.57253e-16	
      7876.95848	     9.95870e-16	
      7878.85943	     1.03316e-15	
      7880.76038	     1.07675e-15	
      7882.66133	     1.08960e-15	
      7884.56228	     1.09720e-15	
      7886.46323	     1.14293e-15	
      7888.36418	     1.15558e-15	
      7890.26513	     1.17320e-15	
      7892.16608	     1.17394e-15	
      7894.06703	     1.14474e-15	
      7895.96798	     1.07529e-15	
      7897.86893	     1.00007e-15	
      7899.76988	     9.68534e-16	
      7901.67084	     1.00103e-15	
      7903.57179	     1.05384e-15	
      7905.47274	     1.04894e-15	
      7907.37369	     9.93554e-16	
      7909.27464	     9.11190e-16	
      7911.17559	     8.93147e-16	
      7913.07654	     9.23193e-16	
      7914.97749	     9.36622e-16	
      7916.87844	     9.50268e-16	
      7918.77939	     9.38232e-16	
      7920.68034	     9.49791e-16	
      7922.58129	     9.67411e-16	
      7924.48224	     9.81189e-16	
      7926.38319	     9.96999e-16	
      7928.28414	     1.02910e-15	
      7930.18509	     1.07185e-15	
      7932.08604	     1.11509e-15	
      7933.98699	     1.15385e-15	
      7935.88794	     1.13372e-15	
      7937.78889	     1.07260e-15	
      7939.68984	     1.01358e-15	
      7941.59080	     9.79672e-16	
      7943.49175	     9.49841e-16	
      7945.39270	     9.28208e-16	
      7947.29365	     9.14247e-16	
      7949.19460	     9.43545e-16	
      7951.09555	     1.04120e-15	
      7952.99650	     1.15727e-15	
      7954.89745	     1.18980e-15	
      7956.79840	     1.16952e-15	
      7958.69935	     1.13168e-15	
      7960.60030	     1.09036e-15	
      7962.50125	     1.06758e-15	
      7964.40220	     1.11890e-15	
      7966.30315	     1.19919e-15	
      7968.20410	     1.26248e-15	
      7970.10505	     1.29334e-15	
      7972.00600	     1.27922e-15	
      7973.90695	     1.21676e-15	
      7975.80790	     1.15587e-15	
      7977.70885	     1.13079e-15	
      7979.60980	     1.13239e-15	
      7981.51076	     1.10880e-15	
      7983.41171	     1.07251e-15	
      7985.31266	     1.05341e-15	
      7987.21361	     1.05781e-15	
      7989.11456	     1.07952e-15	
      7991.01551	     1.11625e-15	
      7992.91646	     1.13728e-15	
      7994.81741	     1.15919e-15	
      7996.71836	     1.17831e-15	
      7998.61931	     1.18053e-15	
      8000.52026	     1.22672e-15	
      8002.42121	     1.26971e-15	
      8004.32216	     1.28466e-15	
      8006.22311	     1.32742e-15	
      8008.12406	     1.35959e-15	
      8010.02501	     1.36745e-15	
      8011.92596	     1.37984e-15	
      8013.82691	     1.38604e-15	
      8015.72786	     1.42962e-15	
      8017.62881	     1.44806e-15	
      8019.52976	     1.45503e-15	
      8021.43072	     1.46759e-15	
      8023.33167	     1.50567e-15	
      8025.23262	     1.55580e-15	
      8027.13357	     1.61323e-15	
      8029.03452	     1.62888e-15	
      8030.93547	     1.63879e-15	
      8032.83642	     1.65709e-15	
      8034.73737	     1.64102e-15	
      8036.63832	     1.65512e-15	
      8038.53927	     1.64753e-15	
      8040.44022	     1.66589e-15	
      8042.34117	     1.72454e-15	
      8044.24212	     1.76534e-15	
      8046.14307	     1.76438e-15	
      8048.04402	     1.80439e-15	
      8049.94497	     1.87815e-15	
      8051.84592	     1.97555e-15	
      8053.74687	     2.01363e-15	
      8055.64782	     2.02849e-15	
      8057.54877	     2.03353e-15	
      8059.44972	     2.06832e-15	
      8061.35068	     2.07740e-15	
      8063.25163	     2.06044e-15	
      8065.15258	     2.06500e-15	
      8067.05353	     2.08216e-15	
      8068.95448	     2.09242e-15	
      8070.85543	     2.12946e-15	
      8072.75638	     2.18102e-15	
      8074.65733	     2.23668e-15	
      8076.55828	     2.27859e-15	
      8078.45923	     2.32551e-15	
      8080.36018	     2.36723e-15	
      8082.26113	     2.42835e-15	
      8084.16208	     2.47879e-15	
      8086.06303	     2.46202e-15	
      8087.96398	     2.44923e-15	
      8089.86493	     2.43405e-15	
      8091.76588	     2.44380e-15	
      8093.66683	     2.44679e-15	
      8095.56778	     2.43792e-15	
      8097.46873	     2.42126e-15	
      8099.36968	     2.39867e-15	
      8101.27064	     2.38751e-15	
      8103.17159	     2.41448e-15	
      8105.07254	     2.48074e-15	
      8106.97349	     2.60501e-15	
      8108.87444	     2.69044e-15	
      8110.77539	     2.73989e-15	
      8112.67634	     2.72293e-15	
      8114.57729	     2.70028e-15	
      8116.47824	     2.71741e-15	
      8118.37919	     2.75390e-15	
      8120.28014	     2.79900e-15	
      8122.18109	     2.82315e-15	
      8124.08204	     2.86259e-15	
      8125.98299	     2.91654e-15	
      8127.88394	     2.95775e-15	
      8129.78489	     2.97221e-15	
      8131.68584	     2.97995e-15	
      8133.58679	     2.97773e-15	
      8135.48774	     2.99332e-15	
      8137.38869	     3.04974e-15	
      8139.28964	     3.01494e-15	
      8141.19060	     2.95711e-15	
      8143.09155	     2.90500e-15	
      8144.99250	     2.88259e-15	
      8146.89345	     2.85069e-15	
      8148.79440	     2.86421e-15	
      8150.69535	     2.92082e-15	
      8152.59630	     2.92444e-15	
      8154.49725	     2.94328e-15	
      8156.39820	     2.93418e-15	
      8158.29915	     2.93025e-15	
      8160.20010	     2.92450e-15	
      8162.10105	     2.95935e-15	
      8164.00200	     3.01137e-15	
      8165.90295	     3.11054e-15	
      8167.80390	     3.15874e-15	
      8169.70485	     3.18785e-15	
      8171.60580	     3.18244e-15	
      8173.50675	     3.13335e-15	
      8175.40770	     3.02342e-15	
      8177.30865	     2.83082e-15	
      8179.20960	     2.50034e-15	
      8181.11056	     2.18347e-15	
      8183.01151	     2.03247e-15	
      8184.91246	     2.12155e-15	
      8186.81341	     2.39510e-15	
      8188.71436	     2.56157e-15	
      8190.61531	     2.40991e-15	
      8192.51626	     2.06922e-15	
      8194.41721	     1.78272e-15	
      8196.31816	     1.79402e-15	
      8198.21911	     2.04144e-15	
      8200.12006	     2.34236e-15	
      8202.02101	     2.54532e-15	
      8203.92196	     2.58465e-15	
      8205.82291	     2.57378e-15	
      8207.72386	     2.55295e-15	
      8209.62481	     2.59360e-15	
      8211.52576	     2.66330e-15	
      8213.42671	     2.68065e-15	
      8215.32766	     2.67627e-15	
      8217.22861	     2.70225e-15	
      8219.12956	     2.76173e-15	
      8221.03052	     2.82114e-15	
      8222.93147	     2.85094e-15	
      8224.83242	     2.85930e-15	
      8226.73337	     2.87011e-15	
      8228.63432	     2.92049e-15	
      8230.53527	     2.99499e-15	
      8232.43622	     3.02833e-15	
      8234.33717	     3.00782e-15	
      8236.23812	     3.05426e-15	
      8238.13907	     3.13804e-15	
      8240.04002	     3.16753e-15	
      8241.94097	     3.18096e-15	
      8243.84192	     3.19111e-15	
      8245.74287	     3.20514e-15	
      8247.64382	     3.15578e-15	
      8249.54477	     3.07190e-15	
      8251.44572	     2.93315e-15	
      8253.34667	     2.80221e-15	
      8255.24762	     2.77735e-15	
      8257.14857	     2.85816e-15	
      8259.04952	     2.99186e-15	
      8260.95048	     3.08471e-15	
      8262.85143	     3.13761e-15	
      8264.75238	     3.13367e-15	
      8266.65333	     3.10098e-15	
      8268.55428	     2.95383e-15	
      8270.45523	     2.86204e-15	
      8272.35618	     2.82869e-15	
      8274.25713	     2.84609e-15	
      8276.15808	     2.85116e-15	
      8278.05903	     2.86399e-15	
      8279.95998	     2.80405e-15	
      8281.86093	     2.75755e-15	
      8283.76188	     2.68138e-15	
      8285.66283	     2.59459e-15	
      8287.56378	     2.47829e-15	
      8289.46473	     2.42270e-15	
      8291.36568	     2.39450e-15	
      8293.26663	     2.47388e-15	
      8295.16758	     2.45901e-15	
      8297.06853	     2.44779e-15	
      8298.96948	     2.36955e-15	
      8300.87044	     2.32356e-15	
      8302.77139	     2.26232e-15	
      8304.67234	     2.29283e-15	
      8306.57329	     2.36704e-15	
      8308.47424	     2.43680e-15	
      8310.37519	     2.46290e-15	
      8312.27614	     2.48194e-15	
      8314.17709	     2.53091e-15	
      8316.07804	     2.58324e-15	
      8317.97899	     2.67088e-15	
      8319.87994	     2.74176e-15	
      8321.78089	     2.78817e-15	
      8323.68184	     2.76879e-15	
      8325.58279	     2.69053e-15	
      8327.48374	     2.66736e-15	
      8329.38469	     2.72081e-15	
      8331.28564	     2.75388e-15	
      8333.18659	     2.66591e-15	
      8335.08754	     2.59520e-15	
      8336.98849	     2.59080e-15	
      8338.88944	     2.65986e-15	
      8340.79040	     2.70618e-15	
      8342.69135	     2.63398e-15	
      8344.59230	     2.56394e-15	
      8346.49325	     2.54672e-15	
      8348.39420	     2.59473e-15	
      8350.29515	     2.64836e-15	
      8352.19610	     2.66692e-15	
      8354.09705	     2.67370e-15	
      8355.99800	     2.69377e-15	
      8357.89895	     2.73195e-15	
      8359.79990	     2.74734e-15	
      8361.70085	     2.70331e-15	
      8363.60180	     2.67191e-15	
      8365.50275	     2.71173e-15	
      8367.40370	     2.79618e-15	
      8369.30465	     2.81663e-15	
      8371.20560	     2.70657e-15	
      8373.10655	     2.58421e-15	
      8375.00750	     2.51482e-15	
      8376.90845	     2.53598e-15	
      8378.80940	     2.61219e-15	
      8380.71036	     2.63266e-15	
      8382.61131	     2.59884e-15	
      8384.51226	     2.47686e-15	
      8386.41321	     2.38106e-15	
      8388.31416	     2.37542e-15	
      8390.21511	     2.44168e-15	
      8392.11606	     2.53693e-15	
      8394.01701	     2.57544e-15	
      8395.91796	     2.62088e-15	
      8397.81891	     2.70390e-15	
      8399.71986	     2.75846e-15	
      8401.62081	     2.77958e-15	
      8403.52176	     2.78062e-15	
      8405.42271	     2.79124e-15	
      8407.32366	     2.80412e-15	
      8409.22461	     2.76679e-15	
      8411.12556	     2.77177e-15	
      8413.02651	     2.82447e-15	
      8414.92746	     2.88563e-15	
      8416.82841	     2.85188e-15	
      8418.72936	     2.71392e-15	
      8420.63032	     2.65254e-15	
      8422.53127	     2.61822e-15	
      8424.43222	     2.64533e-15	
      8426.33317	     2.68518e-15	
      8428.23412	     2.68847e-15	
      8430.13507	     2.56335e-15	
      8432.03602	     2.29064e-15	
      8433.93697	     1.93698e-15	
      8435.83792	     1.81782e-15	
      8437.73887	     1.91150e-15	
      8439.63982	     1.94868e-15	
      8441.54077	     1.79141e-15	
      8443.44172	     1.56613e-15	
      8445.34267	     1.51603e-15	
      8447.24362	     1.55017e-15	
      8449.14457	     1.51348e-15	
      8451.04552	     1.38078e-15	
      8452.94647	     1.25966e-15	
      8454.84742	     1.21836e-15	
      8456.74837	     1.24537e-15	
      8458.64932	     1.33325e-15	
      8460.55028	     1.36478e-15	
      8462.45123	     1.34834e-15	
      8464.35218	     1.33842e-15	
      8466.25313	     1.34934e-15	
      8468.15408	     1.34536e-15	
      8470.05503	     1.36228e-15	
      8471.95598	     1.36037e-15	
      8473.85693	     1.38190e-15	
      8475.75788	     1.43471e-15	
      8477.65883	     1.48265e-15	
      8479.55978	     1.50183e-15	
      8481.46073	     1.52215e-15	
      8483.36168	     1.53357e-15	
      8485.26263	     1.59999e-15	
      8487.16358	     1.63339e-15	
      8489.06453	     1.66359e-15	
      8490.96548	     1.69069e-15	
      8492.86643	     1.66769e-15	
      8494.76738	     1.58315e-15	
      8496.66833	     1.53359e-15	
      8498.56928	     1.53227e-15	
      8500.47024	     1.62170e-15	
      8502.37119	     1.63204e-15	
      8504.27214	     1.54393e-15	
      8506.17309	     1.46420e-15	
      8508.07404	     1.47242e-15	
      8509.97499	     1.54351e-15	
      8511.87594	     1.57890e-15	
      8513.77689	     1.54946e-15	
      8515.67784	     1.48195e-15	
      8517.57879	     1.42060e-15	
      8519.47974	     1.39427e-15	
      8521.38069	     1.43906e-15	
      8523.28164	     1.52867e-15	
      8525.18259	     1.63272e-15	
      8527.08354	     1.68625e-15	
      8528.98449	     1.68785e-15	
      8530.88544	     1.70965e-15	
      8532.78639	     1.73402e-15	
      8534.68734	     1.75148e-15	
      8536.58829	     1.77140e-15	
      8538.48924	     1.77757e-15	
      8540.39020	     1.78893e-15	
      8542.29115	     1.82145e-15	
      8544.19210	     1.86949e-15	
      8546.09305	     1.95756e-15	
      8547.99400	     2.04680e-15	
      8549.89495	     2.07980e-15	
      8551.79590	     2.10139e-15	
      8553.69685	     2.12898e-15	
      8555.59780	     2.12603e-15	
      8557.49875	     2.05054e-15	
      8559.39970	     1.96487e-15	
      8561.30065	     1.95265e-15	
      8563.20160	     2.04680e-15	
      8565.10255	     2.11175e-15	
      8567.00350	     2.09921e-15	
      8568.90445	     2.02158e-15	
      8570.80540	     1.96911e-15	
      8572.70635	     1.97246e-15	
      8574.60730	     2.02410e-15	
      8576.50825	     2.12975e-15	
      8578.40920	     2.16557e-15	
      8580.31016	     2.16945e-15	
      8582.21111	     2.12011e-15	
      8584.11206	     2.08351e-15	
      8586.01301	     2.11230e-15	
      8587.91396	     2.16813e-15	
      8589.81491	     2.20881e-15	
      8591.71586	     2.21428e-15	
      8593.61681	     2.19689e-15	
      8595.51776	     2.21151e-15	
      8597.41871	     2.24867e-15	
      8599.31966	     2.24980e-15	
      8601.22061	     2.28019e-15	
      8603.12156	     2.31400e-15	
      8605.02251	     2.31524e-15	
      8606.92346	     2.30618e-15	
      8608.82441	     2.26475e-15	
      8610.72536	     2.18268e-15	
      8612.62631	     2.10518e-15	
      8614.52726	     2.07494e-15	
      8616.42821	     2.07273e-15	
      8618.32916	     2.12595e-15	
      8620.23012	     2.16524e-15	
      8622.13107	     2.13545e-15	
      8624.03202	     2.05800e-15	
      8625.93297	     2.03898e-15	
      8627.83392	     1.97988e-15	
      8629.73487	     1.97673e-15	
      8631.63582	     1.97083e-15	
      8633.53677	     2.00885e-15	
      8635.43772	     2.00963e-15	
      8637.33867	     2.03450e-15	
      8639.23962	     2.04200e-15	
      8641.14057	     2.07406e-15	
      8643.04152	     2.07890e-15	
      8644.94247	     2.04492e-15	
      8646.84342	     2.02183e-15	
      8648.74437	     2.04906e-15	
      8650.64532	     2.12664e-15	
      8652.54627	     2.22031e-15	
      8654.44722	     2.25472e-15	
      8656.34817	     2.25994e-15	
      8658.24912	     2.26020e-15	
      8660.15008	     2.22827e-15	
      8662.05103	     2.23780e-15	
      8663.95198	     2.31150e-15	
      8665.85293	     2.38770e-15	
      8667.75388	     2.34040e-15	
      8669.65483	     2.32532e-15	
      8671.55578	     2.30598e-15	
      8673.45673	     2.32221e-15	
      8675.35768	     2.37840e-15	
      8677.25863	     2.42799e-15	
      8679.15958	     2.42757e-15	
      8681.06053	     2.38246e-15	
      8682.96148	     2.37327e-15	
      8684.86243	     2.34979e-15	
      8686.76338	     2.29075e-15	
      8688.66433	     2.17097e-15	
      8690.56528	     2.03086e-15	
      8692.46623	     1.90033e-15	
      8694.36718	     1.85590e-15	
      8696.26813	     1.82453e-15	
      8698.16908	     1.87514e-15	
      8700.07004	     1.95496e-15	
      8701.97099	     2.02243e-15	
      8703.87194	     2.09893e-15	
      8705.77289	     2.14004e-15	
      8707.67384	     2.09472e-15	
      8709.57479	     1.99377e-15	
      8711.47574	     1.92045e-15	
      8713.37669	     1.91483e-15	
      8715.27764	     1.92930e-15	
      8717.17859	     1.93161e-15	
      8719.07954	     1.99257e-15	
      8720.98049	     2.08769e-15	
      8722.88144	     2.14191e-15	
      8724.78239	     2.23954e-15	
      8726.68334	     2.36353e-15	
      8728.58429	     2.41227e-15	
      8730.48524	     2.35013e-15	
      8732.38619	     2.26848e-15	
      8734.28714	     2.21247e-15	
      8736.18809	     2.20440e-15	
      8738.08904	     2.26688e-15	
      8739.98999	     2.35385e-15	
      8741.89095	     2.48027e-15	
      8743.79190	     2.56811e-15	
      8745.69285	     2.50015e-15	
      8747.59380	     2.39805e-15	
      8749.49475	     2.34947e-15	
      8751.39570	     2.43057e-15	
      8753.29665	     2.52658e-15	
      8755.19760	     2.55966e-15	
      8757.09855	     2.65056e-15	
      8758.99950	     2.74398e-15	
      8760.90045	     2.71379e-15	
      8762.80140	     2.57246e-15	
      8764.70235	     2.46491e-15	
      8766.60330	     2.41483e-15	
      8768.50425	     2.56584e-15	
      8770.40520	     2.82980e-15	
      8772.30615	     3.04913e-15	
      8774.20710	     3.14300e-15	
      8776.10805	     3.05815e-15	
      8778.00900	     2.83746e-15	
      8779.90995	     2.66913e-15	
      8781.81091	     2.70509e-15	
      8783.71186	     2.78444e-15	
      8785.61281	     2.82442e-15	
      8787.51376	     2.87874e-15	
      8789.41471	     2.91813e-15	
      8791.31566	     2.94347e-15	
      8793.21661	     3.00137e-15	
      8795.11756	     3.05947e-15	
      8797.01851	     3.08169e-15	
      8798.91946	     2.94391e-15	
      8800.82041	     2.65463e-15	
      8802.72136	     2.51031e-15	
      8804.62231	     2.59819e-15	
      8806.52326	     2.67494e-15	
      8808.42421	     2.74435e-15	
      8810.32516	     3.01310e-15	
      8812.22611	     3.25202e-15	
      8814.12706	     3.38409e-15	
      8816.02801	     3.46045e-15	
      8817.92896	     3.45012e-15	
      8819.82991	     3.28916e-15	
      8821.73087	     3.00483e-15	
      8823.63182	     2.80479e-15	
      8825.53277	     2.86601e-15	
      8827.43372	     2.97899e-15	
      8829.33467	     3.14747e-15	
      8831.23562	     3.26218e-15	
      8833.13657	     3.33483e-15	
      8835.03752	     3.39119e-15	
      8836.93847	     3.43206e-15	
      8838.83942	     3.51203e-15	
      8840.74037	     3.50707e-15	
      8842.64132	     3.36146e-15	
      8844.54227	     3.11775e-15	
      8846.44322	     2.93435e-15	
      8848.34417	     2.97902e-15	
      8850.24512	     3.25407e-15	
      8852.14607	     3.65641e-15	
      8854.04702	     3.74423e-15	
      8855.94797	     3.41505e-15	
      8857.84892	     3.03327e-15	
      8859.74987	     2.62954e-15	
      8861.65083	     2.46811e-15	
      8863.55178	     2.58569e-15	
      8865.45273	     2.71129e-15	
      8867.35368	     2.66921e-15	
      8869.25463	     2.31628e-15	
      8871.15558	     2.00956e-15	
      8873.05653	     2.05446e-15	
      8874.95748	     2.23888e-15	
      8876.85843	     2.47613e-15	
      8878.75938	     2.65593e-15	
      8880.66033	     2.64202e-15	
      8882.56128	     2.49318e-15	
      8884.46223	     2.39290e-15	
      8886.36318	     2.47297e-15	
      8888.26413	     2.61948e-15	
      8890.16508	     2.70774e-15	
      8892.06603	     2.63750e-15	
      8893.96698	     2.50505e-15	
      8895.86793	     2.39895e-15	
      8897.76888	     2.43722e-15	
      8899.66983	     2.66975e-15	
      8901.57079	     2.87949e-15	
      8903.47174	     3.01220e-15	
      8905.37269	     3.01086e-15	
      8907.27364	     2.88471e-15	
      8909.17459	     2.79072e-15	
      8911.07554	     2.76344e-15	
      8912.97649	     2.84579e-15	
      8914.87744	     2.96495e-15	
      8916.77839	     3.03115e-15	
      8918.67934	     3.06985e-15	
      8920.58029	     3.07741e-15	
      8922.48124	     3.00234e-15	
      8924.38219	     2.93046e-15	
      8926.28314	     2.94554e-15	
      8928.18409	     3.04911e-15	
      8930.08504	     3.25527e-15	
      8931.98599	     3.47638e-15	
      8933.88694	     3.51797e-15	
      8935.78789	     3.19858e-15	
      8937.68884	     2.86606e-15	
      8939.58979	     2.69557e-15	
      8941.49075	     2.63871e-15	
      8943.39170	     2.60127e-15	
      8945.29265	     2.67685e-15	
      8947.19360	     2.84760e-15	
      8949.09455	     2.86276e-15	
      8950.99550	     2.77350e-15	
      8952.89645	     2.77541e-15	
      8954.79740	     2.91292e-15	
      8956.69835	     3.02694e-15	
      8958.59930	     3.06364e-15	
      8960.50025	     3.01283e-15	
      8962.40120	     2.92794e-15	
      8964.30215	     2.84029e-15	
      8966.20310	     2.79602e-15	
      8968.10405	     2.88477e-15	
      8970.00500	     3.02945e-15	
      8971.90595	     3.12156e-15	
      8973.80690	     3.26227e-15	
      8975.70785	     3.38445e-15	
      8977.60880	     3.34484e-15	
      8979.50975	     3.20271e-15	
      8981.41071	     3.20781e-15	
      8983.31166	     3.40910e-15	
      8985.21261	     3.50803e-15	
      8987.11356	     3.37774e-15	
      8989.01451	     3.19040e-15	
      8990.91546	     3.11580e-15	
      8992.81641	     3.19500e-15	
      8994.71736	     3.27237e-15	
      8996.61831	     3.19329e-15	
      8998.51926	     3.08912e-15	
      9000.42021	     3.15160e-15	
      9002.32116	     3.41387e-15	
      9004.22211	     3.61955e-15	
      9006.12306	     3.64193e-15	
      9008.02401	     3.51917e-15	
      9009.92496	     3.47119e-15	
      9011.82591	     3.49393e-15	
      9013.72686	     3.51823e-15	
      9015.62781	     3.41842e-15	
      9017.52876	     3.25655e-15	
      9019.42971	     3.22255e-15	
      9021.33067	     3.10497e-15	
      9023.23162	     2.97199e-15	
      9025.13257	     2.90526e-15	
      9027.03352	     2.93414e-15	
      9028.93447	     3.09055e-15	
      9030.83542	     3.25278e-15	
      9032.73637	     3.38781e-15	
      9034.63732	     3.53835e-15	
      9036.53827	     3.70472e-15	
      9038.43922	     3.73676e-15	
      9040.34017	     3.63432e-15	
      9042.24112	     3.52760e-15	
      9044.14207	     3.57453e-15	
      9046.04302	     3.75729e-15	
      9047.94397	     3.79827e-15	
      9049.84492	     3.67562e-15	
      9051.74587	     3.48237e-15	
      9053.64682	     3.38559e-15	
      9055.54777	     3.32537e-15	
      9057.44872	     3.25750e-15	
      9059.34967	     3.22497e-15	
      9061.25063	     3.18560e-15	
      9063.15158	     3.20733e-15	
      9065.05253	     3.14884e-15	
      9066.95348	     3.04950e-15	
      9068.85443	     3.01385e-15	
      9070.75538	     3.06842e-15	
      9072.65633	     3.18297e-15	
      9074.55728	     3.30716e-15	
      9076.45823	     3.49180e-15	
      9078.35918	     3.54874e-15	
      9080.26013	     3.50965e-15	
      9082.16108	     3.46366e-15	
      9084.06203	     3.42031e-15	
      9085.96298	     3.41088e-15	
      9087.86393	     3.36259e-15	
      9089.76488	     3.43694e-15	
      9091.66583	     3.56247e-15	
      9093.56678	     3.63763e-15	
      9095.46773	     3.72383e-15	
      9097.36868	     3.75297e-15	
      9099.26963	     3.73788e-15	
      9101.17059	     3.75736e-15	
      9103.07154	     3.69399e-15	
      9104.97249	     3.58826e-15	
      9106.87344	     3.56958e-15	
      9108.77439	     3.71974e-15	
      9110.67534	     3.90628e-15	
      9112.57629	     3.98341e-15	
      9114.47724	     3.91923e-15	
      9116.37819	     3.84009e-15	
      9118.27914	     3.82420e-15	
      9120.18009	     3.88228e-15	
      9122.08104	     3.93251e-15	
      9123.98199	     3.88705e-15	
      9125.88294	     3.87226e-15	
      9127.78389	     3.84232e-15	
      9129.68484	     3.81365e-15	
      9131.58579	     3.89025e-15	
      9133.48674	     3.97012e-15	
      9135.38769	     3.85938e-15	
      9137.28864	     3.68931e-15	
      9139.18959	     3.60786e-15	
      9141.09055	     3.69941e-15	
      9142.99150	     3.88986e-15	
      9144.89245	     4.05190e-15	
      9146.79340	     4.03633e-15	
      9148.69435	     3.87927e-15	
      9150.59530	     3.80257e-15	
      9152.49625	     3.95576e-15	
      9154.39720	     4.12106e-15	
      9156.29815	     4.22175e-15	
      9158.19910	     4.25159e-15	
      9160.10005	     4.17139e-15	
      9162.00100	     4.10828e-15	
      9163.90195	     4.15903e-15	
      9165.80290	     4.20126e-15	
      9167.70385	     4.24936e-15	
      9169.60480	     4.16954e-15	
      9171.50575	     3.99801e-15	
      9173.40670	     3.82502e-15	
      9175.30765	     3.79974e-15	
      9177.20860	     3.91265e-15	
      9179.10955	     4.02525e-15	
      9181.01051	     4.07417e-15	
      9182.91146	     4.03573e-15	
      9184.81241	     4.01655e-15	
      9186.71336	     4.23908e-15	
      9188.61431	     4.49539e-15	
      9190.51526	     4.53156e-15	
      9192.41621	     4.39612e-15	
      9194.31716	     4.27890e-15	
      9196.21811	     4.42381e-15	
      9198.11906	     4.57664e-15	
      9200.02001	     4.62111e-15	
      9201.92096	     4.60596e-15	
      9203.82191	     4.49533e-15	
      9205.72286	     4.25336e-15	
      9207.62381	     3.94911e-15	
      9209.52476	     3.85394e-15	
      9211.42571	     3.93116e-15	
      9213.32666	     4.00241e-15	
      9215.22761	     4.04470e-15	
      9217.12856	     4.05877e-15	
      9219.02951	     4.01560e-15	
      9220.93047	     4.00370e-15	
      9222.83142	     3.94960e-15	
      9224.73237	     3.94894e-15	
      9226.63332	     3.97379e-15	
      9228.53427	     3.91425e-15	
      9230.43522	     3.75320e-15	
      9232.33617	     3.65571e-15	
      9234.23712	     3.68326e-15	
      9236.13807	     3.67306e-15	
      9238.03902	     3.70642e-15	
      9239.93997	     3.78482e-15	
      9241.84092	     3.96715e-15	
      9243.74187	     3.95123e-15	
      9245.64282	     3.75066e-15	
      9247.54377	     3.58157e-15	
      9249.44472	     3.51130e-15	
      9251.34567	     3.54135e-15	
      9253.24662	     3.65875e-15	
      9255.14757	     3.92950e-15	
      9257.04852	     4.02246e-15	
      9258.94947	     3.91077e-15	
      9260.85043	     3.78386e-15	
      9262.75138	     3.78358e-15	
      9264.65233	     3.91392e-15	
      9266.55328	     4.04753e-15	
      9268.45423	     4.04089e-15	
      9270.35518	     3.91451e-15	
      9272.25613	     3.76619e-15	
      9274.15708	     3.60417e-15	
      9276.05803	     3.48543e-15	
      9277.95898	     3.37161e-15	
      9279.85993	     3.49552e-15	
      9281.76088	     3.63660e-15	
      9283.66183	     3.67680e-15	
      9285.56278	     3.66469e-15	
      9287.46373	     3.62790e-15	
      9289.36468	     3.64529e-15	
      9291.26563	     3.66838e-15	
      9293.16658	     3.65636e-15	
      9295.06753	     3.66379e-15	
      9296.96848	     3.51188e-15	
      9298.86943	     3.40128e-15	
      9300.77039	     3.27927e-15	
      9302.67134	     3.32555e-15	
      9304.57229	     3.35425e-15	
      9306.47324	     3.20487e-15	
      9308.37419	     3.16586e-15	
      9310.27514	     3.31346e-15	
      9312.17609	     3.40658e-15	
      9314.07704	     3.21008e-15	
      9315.97799	     3.00748e-15	
      9317.87894	     3.06273e-15	
      9319.77989	     3.26483e-15	
      9321.68084	     3.31700e-15	
      9323.58179	     3.24446e-15	
      9325.48274	     3.21511e-15	
      9327.38369	     3.35819e-15	
      9329.28464	     3.46338e-15	
      9331.18559	     3.35959e-15	
      9333.08654	     3.15981e-15	
      9334.98749	     3.09539e-15	
      9336.88844	     3.16938e-15	
      9338.78939	     3.16358e-15	
      9340.69035	     2.96033e-15	
      9342.59130	     2.66164e-15	
      9344.49225	     2.74724e-15	
      9346.39320	     3.21898e-15	
      9348.29415	     3.40703e-15	
      9350.19510	     3.39003e-15	
      9352.09605	     3.08915e-15	
      9353.99700	     2.81757e-15	
      9355.89795	     2.78760e-15	
      9357.79890	     2.94341e-15	
      9359.69985	     3.26766e-15	
      9361.60080	     3.56705e-15	
      9363.50175	     3.40469e-15	
      9365.40270	     3.16776e-15	
      9367.30365	     3.01444e-15	
      9369.20460	     2.85513e-15	
      9371.10555	     2.86016e-15	
      9373.00650	     3.11126e-15	
      9374.90745	     3.31307e-15	
      9376.80840	     3.23809e-15	
      9378.70935	     3.07912e-15	
      9380.61031	     3.04404e-15	
      9382.51126	     3.13982e-15	
      9384.41221	     3.26357e-15	
      9386.31316	     3.29634e-15	
      9388.21411	     3.42947e-15	
      9390.11506	     3.63603e-15	
      9392.01601	     3.68334e-15	
      9393.91696	     3.61316e-15	
      9395.81791	     3.51875e-15	
      9397.71886	     3.42091e-15	
      9399.61981	     3.42981e-15	
      9401.52076	     3.56386e-15	
      9403.42171	     3.71727e-15	
      9405.32266	     3.84794e-15	
      9407.22361	     3.88617e-15	
      9409.12456	     3.84365e-15	
      9411.02551	     3.84101e-15	
      9412.92646	     3.88104e-15	
      9414.82741	     3.80106e-15	
      9416.72836	     3.74529e-15	
      9418.62931	     3.83601e-15	
      9420.53027	     3.82640e-15	
      9422.43122	     3.77250e-15	
      9424.33217	     3.57360e-15	
      9426.23312	     3.22174e-15	
      9428.13407	     3.19841e-15	
      9430.03502	     3.49587e-15	
      9431.93597	     3.81804e-15	
      9433.83692	     3.94128e-15	
      9435.73787	     3.65918e-15	
      9437.63882	     3.24178e-15	
      9439.53977	     2.92349e-15	
      9441.44072	     2.90431e-15	
      9443.34167	     3.18035e-15	
      9445.24262	     3.40689e-15	
      9447.14357	     3.58824e-15	
      9449.04452	     3.65444e-15	
      9450.94547	     3.65183e-15	
      9452.84642	     3.48551e-15	
      9454.74737	     3.34481e-15	
      9456.64832	     3.35459e-15	
      9458.54927	     3.28388e-15	
      9460.45023	     3.36149e-15	
      9462.35118	     3.67108e-15	
      9464.25213	     3.89246e-15	
      9466.15308	     3.95563e-15	
      9468.05403	     3.96913e-15	
      9469.95498	     4.05553e-15	
      9471.85593	     4.15296e-15	
      9473.75688	     4.21351e-15	
      9475.65783	     4.25343e-15	
      9477.55878	     4.26504e-15	
      9479.45973	     4.03265e-15	
      9481.36068	     3.85646e-15	
      9483.26163	     4.20553e-15	
      9485.16258	     4.38752e-15	
      9487.06353	     4.32215e-15	
      9488.96448	     4.32711e-15	
      9490.86543	     4.14573e-15	
      9492.76638	     3.79619e-15	
      9494.66733	     3.61672e-15	
      9496.56828	     3.66870e-15	
      9498.46923	     3.67495e-15	
      9500.37019	     3.84922e-15	
      9502.27114	     4.20494e-15	
      9504.17209	     4.41508e-15	
      9506.07304	     4.52665e-15	
      9507.97399	     4.61799e-15	
      9509.87494	     4.51290e-15	
      9511.77589	     4.30165e-15	
      9513.67684	     3.92725e-15	
      9515.57779	     3.71590e-15	
      9517.47874	     3.64131e-15	
      9519.37969	     3.68855e-15	
      9521.28064	     3.93502e-15	
      9523.18159	     4.19282e-15	
      9525.08254	     4.38231e-15	
      9526.98349	     4.36455e-15	
      9528.88444	     4.41521e-15	
      9530.78539	     4.40269e-15	
      9532.68634	     4.29869e-15	
      9534.58729	     4.19079e-15	
      9536.48824	     4.11651e-15	
      9538.38919	     4.16050e-15	
      9540.29015	     4.01572e-15	
      9542.19110	     3.91055e-15	
      9544.09205	     3.79465e-15	
      9545.99300	     3.92694e-15	
      9547.89395	     4.09055e-15	
      9549.79490	     4.16265e-15	
      9551.69585	     4.16948e-15	
      9553.59680	     4.14135e-15	
      9555.49775	     4.20534e-15	
      9557.39870	     4.34792e-15	
      9559.29965	     4.40661e-15	
      9561.20060	     4.32004e-15	
      9563.10155	     4.11131e-15	
      9565.00250	     4.04459e-15	
      9566.90345	     4.24195e-15	
      9568.80440	     4.46958e-15	
      9570.70535	     4.58256e-15	
      9572.60630	     4.65448e-15	
      9574.50725	     4.67627e-15	
      9576.40820	     4.63743e-15	
      9578.30915	     4.53771e-15	
      9580.21011	     4.49896e-15	
      9582.11106	     4.48631e-15	
      9584.01201	     4.48751e-15	
      9585.91296	     4.44836e-15	
      9587.81391	     4.19178e-15	
      9589.71486	     4.06463e-15	
      9591.61581	     4.19869e-15	
      9593.51676	     4.35652e-15	
      9595.41771	     4.27749e-15	
      9597.31866	     4.10327e-15	
      9599.21961	     4.11699e-15	
      9601.12056	     4.28451e-15	
      9603.02151	     4.43153e-15	
      9604.92246	     4.45321e-15	
      9606.82341	     4.52726e-15	
      9608.72436	     4.58865e-15	
      9610.62531	     4.52897e-15	
      9612.52626	     4.54164e-15	
      9614.42721	     4.45079e-15	
      9616.32816	     4.48927e-15	
      9618.22911	     4.64566e-15	
      9620.13007	     4.59967e-15	
      9622.03102	     4.54640e-15	
      9623.93197	     4.58432e-15	
      9625.83292	     4.59480e-15	
      9627.73387	     4.61328e-15	
      9629.63482	     4.71277e-15	
      9631.53577	     4.60987e-15	
      9633.43672	     4.55376e-15	
      9635.33767	     4.09432e-15	
      9637.23862	     3.79258e-15	
      9639.13957	     3.94526e-15	
      9641.04052	     4.15992e-15	
      9642.94147	     4.26451e-15	
      9644.84242	     4.21072e-15	
      9646.74337	     4.08591e-15	
      9648.64432	     4.06872e-15	
      9650.54527	     4.07567e-15	
      9652.44622	     4.11079e-15	
      9654.34717	     4.13166e-15	
      9656.24812	     4.13926e-15	
      9658.14907	     4.25125e-15	
      9660.05003	     4.44997e-15	
      9661.95098	     4.53551e-15	
      9663.85193	     4.71405e-15	
      9665.75288	     4.84393e-15	
      9667.65383	     4.95486e-15	
      9669.55478	     4.93250e-15	
      9671.45573	     4.84048e-15	
      9673.35668	     4.82295e-15	
      9675.25763	     4.72531e-15	
      9677.15858	     4.76474e-15	
      9679.05953	     4.91593e-15	
      9680.96048	     4.96916e-15	
      9682.86143	     4.98354e-15	
      9684.76238	     4.90611e-15	
      9686.66333	     4.86469e-15	
      9688.56428	     4.86065e-15	
      9690.46523	     5.05731e-15	
      9692.36618	     5.20749e-15	
      9694.26713	     5.32846e-15	
      9696.16808	     5.09241e-15	
      9698.06903	     5.01260e-15	
      9699.96998	     4.93216e-15	
      9701.87094	     4.70378e-15	
      9703.77189	     4.49883e-15	
      9705.67284	     4.36253e-15	
      9707.57379	     4.45218e-15	
      9709.47474	     4.58122e-15	
      9711.37569	     4.79882e-15	
      9713.27664	     4.84006e-15	
      9715.17759	     4.85546e-15	
      9717.07854	     4.83123e-15	
      9718.97949	     4.71048e-15	
      9720.88044	     4.73177e-15	
      9722.78139	     4.69302e-15	
      9724.68234	     4.59944e-15	
      9726.58329	     4.51148e-15	
      9728.48424	     4.45028e-15	
      9730.38519	     4.43229e-15	
      9732.28614	     4.54859e-15	
      9734.18709	     4.52532e-15	
      9736.08804	     4.46359e-15	
      9737.98899	     4.41836e-15	
      9739.88994	     4.41337e-15	
      9741.79090	     4.26769e-15	
      9743.69185	     4.15204e-15	
      9745.59280	     4.27584e-15	
      9747.49375	     4.31086e-15	
      9749.39470	     4.41382e-15	
      9751.29565	     4.52717e-15	
      9753.19660	     4.52650e-15	
      9755.09755	     4.53754e-15	
      9756.99850	     4.63751e-15	
      9758.89945	     4.68032e-15	
      9760.80040	     4.71253e-15	
      9762.70135	     4.80731e-15	
      9764.60230	     4.87629e-15	
      9766.50325	     4.93270e-15	
      9768.40420	     4.79184e-15	
      9770.30515	     4.72680e-15	
      9772.20610	     4.85955e-15	
      9774.10705	     5.08611e-15	
      9776.00800	     5.19127e-15	
      9777.90895	     5.28028e-15	
      9779.80990	     5.22127e-15	
      9781.71086	     4.94054e-15	
      9783.61181	     4.84347e-15	
      9785.51276	     4.91853e-15	
      9787.41371	     4.96942e-15	
      9789.31466	     5.15294e-15	
      9791.21561	     5.36012e-15	
      9793.11656	     5.44463e-15	
      9795.01751	     5.52040e-15	
      9796.91846	     5.57763e-15	
      9798.81941	     5.59509e-15	
      9800.72036	     5.58530e-15	
      9802.62131	     5.58014e-15	
      9804.52226	     5.60694e-15	
      9806.42321	     5.71086e-15	
      9808.32416	     5.78832e-15	
      9810.22511	     5.78410e-15	
      9812.12606	     5.65997e-15	
      9814.02701	     5.55662e-15	
      9815.92796	     5.53353e-15	
      9817.82891	     5.56649e-15	
      9819.72986	     5.54040e-15	
      9821.63082	     5.58756e-15	
      9823.53177	     5.65007e-15	
      9825.43272	     5.49167e-15	
      9827.33367	     5.51615e-15	
      9829.23462	     5.59243e-15	
      9831.13557	     5.39615e-15	
      9833.03652	     5.33347e-15	
      9834.93747	     5.28007e-15	
      9836.83842	     5.19510e-15	
      9838.73937	     5.23174e-15	
      9840.64032	     5.21129e-15	
      9842.54127	     5.18137e-15	
      9844.44222	     5.18915e-15	
      9846.34317	     5.02659e-15	
      9848.24412	     4.89200e-15	
      9850.14507	     4.79849e-15	
      9852.04602	     4.87395e-15	
      9853.94697	     4.89066e-15	
      9855.84792	     4.94948e-15	
      9857.74887	     4.99424e-15	
      9859.64982	     4.98519e-15	
      9861.55078	     5.11098e-15	
      9863.45173	     5.14357e-15	
      9865.35268	     5.15869e-15	
      9867.25363	     5.11654e-15	
      9869.15458	     5.08544e-15	
      9871.05553	     5.10993e-15	
      9872.95648	     5.19266e-15	
      9874.85743	     5.33069e-15	
      9876.75838	     5.33202e-15	
      9878.65933	     5.23132e-15	
      9880.56028	     5.16303e-15	
      9882.46123	     5.21867e-15	
      9884.36218	     5.35444e-15	
      9886.26313	     5.51196e-15	
      9888.16408	     5.46013e-15	
      9890.06503	     5.40372e-15	
      9891.96598	     5.37462e-15	
      9893.86693	     5.12927e-15	
      9895.76788	     4.55924e-15	
      9897.66883	     4.32330e-15	
      9899.56978	     4.12593e-15	
      9901.47074	     3.79543e-15	
      9903.37169	     3.43627e-15	
      9905.27264	     3.16571e-15	
      9907.17359	     2.90301e-15	
      9909.07454	     2.75954e-15	
      9910.97549	     2.77002e-15	
      9912.87644	     2.68813e-15	
      9914.77739	     2.50692e-15	
      9916.67834	     2.56817e-15	
      9918.57929	     2.72334e-15	
      9920.48024	     2.79090e-15	
      9922.38119	     2.70324e-15	
      9924.28214	     2.71660e-15	
      9926.18309	     2.80548e-15	
      9928.08404	     3.04312e-15	
      9929.98499	     3.13443e-15	
      9931.88594	     3.26895e-15	
      9933.78689	     3.25867e-15	
      9935.68784	     3.38991e-15	
      9937.58879	     3.47236e-15	
      9939.48974	     3.72546e-15	
      9941.39070	     3.81251e-15	
      9943.29165	     3.78779e-15	
      9945.19260	     3.74326e-15	
      9947.09355	     3.79654e-15	
      9948.99450	     3.93824e-15	
      9950.89545	     4.06476e-15	
      9952.79640	     4.16980e-15	
      9954.69735	     4.03246e-15	
      9956.59830	     3.96383e-15	
      9958.49925	     3.87613e-15	
      9960.40020	     3.80697e-15	
      9962.30115	     4.00174e-15	
      9964.20210	     4.02868e-15	
      9966.10305	     4.11686e-15	
      9968.00400	     3.96942e-15	
      9969.90495	     3.62408e-15	
      9971.80590	     3.36947e-15	
      9973.70685	     3.42679e-15	
      9975.60780	     3.59319e-15	
      9977.50875	     3.68626e-15	
      9979.40970	     3.79280e-15	
      9981.31066	     3.71833e-15	
      9983.21161	     3.73085e-15	
      9985.11256	     3.60798e-15	
      9987.01351	     3.49958e-15	
      9988.91446	     3.55498e-15	
      9990.81541	     3.61453e-15	
      9992.71636	     3.58866e-15	
      9994.61731	     3.69737e-15	
      9996.51826	     3.70243e-15	
      9998.41921	     3.72900e-15	
     10000.32016	     4.00836e-15	
     10002.22111	     4.22408e-15	
     10004.12206	     4.31674e-15	
     10006.02301	     4.33670e-15	
     10007.92396	     4.15743e-15	
     10009.82491	     3.98807e-15	
     10011.72586	     3.93962e-15	
     10013.62681	     4.01436e-15	
     10015.52776	     4.28950e-15	
     10017.42871	     4.40558e-15	
     10019.32966	     4.33145e-15	
     10021.23062	     4.32283e-15	
     10023.13157	     4.54215e-15	
     10025.03252	     4.58677e-15	
     10026.93347	     4.55221e-15	
     10028.83442	     4.49617e-15	
     10030.73537	     4.40236e-15	
     10032.63632	     4.44392e-15	
     10034.53727	     4.43985e-15	
     10036.43822	     4.38585e-15	
     10038.33917	     4.61561e-15	
     10040.24012	     4.88720e-15	
     10042.14107	     4.85392e-15	
     10044.04202	     4.88551e-15	
     10045.94297	     4.90249e-15	
     10047.84392	     4.51135e-15	
     10049.74487	     4.28999e-15	
     10051.64582	     4.08839e-15	
     10053.54677	     3.72070e-15	
     10055.44772	     3.59354e-15	
     10057.34867	     3.66226e-15	
     10059.24962	     3.75975e-15	
     10061.15058	     3.67152e-15	
     10063.05153	     3.62678e-15	
     10064.95248	     3.72964e-15	
     10066.85343	     3.93463e-15	
     10068.75438	     4.04369e-15	
     10070.65533	     4.17852e-15	
     10072.55628	     4.11231e-15	
     10074.45723	     4.28157e-15	
     10076.35818	     4.48185e-15	
     10078.25913	     4.70721e-15	
     10080.16008	     4.74268e-15	
     10082.06103	     4.79629e-15	
     10083.96198	     4.82176e-15	
     10085.86293	     4.78210e-15	
     10087.76388	     4.67032e-15	
     10089.66483	     4.52449e-15	
     10091.56578	     4.41395e-15	
     10093.46673	     4.63752e-15	
     10095.36768	     4.96191e-15	
     10097.26863	     5.17454e-15	
     10099.16958	     5.52961e-15	
     10101.07054	     5.84228e-15	
     10102.97149	     5.87725e-15	
     10104.87244	     5.69042e-15	
     10106.77339	     5.53564e-15	
     10108.67434	     5.42171e-15	
     10110.57529	     5.21581e-15	
     10112.47624	     5.08825e-15	
     10114.37719	     4.90866e-15	
     10116.27814	     4.45664e-15	
     10118.17909	     4.51604e-15	
     10120.08004	     4.46336e-15	
     10121.98099	     4.61475e-15	
     10123.88194	     4.82198e-15	
     10125.78289	     4.88860e-15	
     10127.68384	     4.78016e-15	
     10129.58479	     4.84228e-15	
     10131.48574	     4.76170e-15	
     10133.38669	     4.97524e-15	
     10135.28764	     4.58315e-15	
     10137.18859	     4.02888e-15	
     10139.08954	     4.03015e-15	
     10140.99050	     4.31802e-15	
     10142.89145	     4.52840e-15	
     10144.79240	     4.72260e-15	
     10146.69335	     4.69398e-15	
     10148.59430	     4.64647e-15	
     10150.49525	     4.87531e-15	
     10152.39620	     5.32379e-15	
     10154.29715	     5.21969e-15	
     10156.19810	     5.08962e-15	
     10158.09905	     5.03554e-15	
     10160.00000	     4.92834e-15	
#time:0.488930
