# Keck LRIS spectra of late-M, L and T dwarfs
# spty = L2  (Spectral type)
#
#     WAVELENGTH	#           FLUX	
#     (ANGSTROM)	#  (ERG/CM2/S/A)	
################	################	
      6300.00000	     6.60013e-18	
      6301.89845	     1.22412e-18	
      6303.79690	     3.90366e-18	
      6305.69535	     1.03999e-18	
      6307.59380	     9.21453e-19	
      6309.49225	     2.94048e-18	
      6311.39070	     2.25195e-18	
      6313.28914	     2.10876e-18	
      6315.18759	     2.76358e-18	
      6317.08604	     3.31080e-18	
      6318.98449	     3.11141e-18	
      6320.88294	     1.39903e-18	
      6322.78139	     2.17100e-18	
      6324.67984	     1.04403e-18	
      6326.57829	     1.40551e-18	
      6328.47674	     1.67190e-18	
      6330.37519	     3.31884e-18	
      6332.27364	     3.14085e-18	
      6334.17209	     4.23179e-18	
      6336.07054	     3.36179e-18	
      6337.96898	     2.82156e-18	
      6339.86743	     3.31181e-18	
      6341.76588	     3.44652e-18	
      6343.66433	     2.88723e-18	
      6345.56278	     2.58614e-18	
      6347.46123	     2.26943e-18	
      6349.35968	     5.63670e-18	
      6351.25813	     4.70842e-18	
      6353.15658	     3.46902e-18	
      6355.05503	     3.27824e-18	
      6356.95348	     3.12433e-18	
      6358.85193	     2.78211e-18	
      6360.75038	     3.30160e-18	
      6362.64882	     4.29006e-18	
      6364.54727	     2.07681e-18	
      6366.44572	     8.37827e-19	
      6368.34417	     1.83645e-18	
      6370.24262	     1.82399e-18	
      6372.14107	     4.33922e-18	
      6374.03952	     5.65519e-18	
      6375.93797	     3.70928e-18	
      6377.83642	     1.59537e-18	
      6379.73487	     2.21404e-18	
      6381.63332	     3.63529e-18	
      6383.53177	     2.22209e-18	
      6385.43022	     2.13184e-18	
      6387.32866	     1.83688e-18	
      6389.22711	     2.87740e-18	
      6391.12556	     2.86152e-18	
      6393.02401	     2.26610e-18	
      6394.92246	     3.18004e-18	
      6396.82091	     2.90253e-18	
      6398.71936	     3.03492e-18	
      6400.61781	     3.84568e-18	
      6402.51626	     4.72040e-18	
      6404.41471	     2.42068e-18	
      6406.31316	     4.17969e-19	
      6408.21161	     2.76318e-18	
      6410.11006	     4.16328e-18	
      6412.00850	     3.51265e-18	
      6413.90695	     3.94194e-18	
      6415.80540	     1.92953e-18	
      6417.70385	     1.88924e-18	
      6419.60230	     4.10779e-18	
      6421.50075	     3.64842e-18	
      6423.39920	     2.65175e-18	
      6425.29765	     3.82951e-18	
      6427.19610	     3.52210e-18	
      6429.09455	     4.58840e-18	
      6430.99300	     4.38634e-18	
      6432.89145	     3.62701e-18	
      6434.78989	     2.69353e-18	
      6436.68834	     3.86822e-18	
      6438.58679	     4.59941e-18	
      6440.48524	     3.67181e-18	
      6442.38369	     4.75054e-18	
      6444.28214	     4.83816e-18	
      6446.18059	     2.83054e-18	
      6448.07904	     3.58585e-18	
      6449.97749	     3.69526e-18	
      6451.87594	     3.72059e-18	
      6453.77439	     3.21320e-18	
      6455.67284	     4.82996e-18	
      6457.57129	     5.42890e-18	
      6459.46973	     4.15566e-18	
      6461.36818	     3.66481e-18	
      6463.26663	     3.68826e-18	
      6465.16508	     2.12789e-18	
      6467.06353	     1.64243e-18	
      6468.96198	     2.70761e-18	
      6470.86043	     4.39559e-18	
      6472.75888	     6.18604e-18	
      6474.65733	     4.87434e-18	
      6476.55578	     4.43094e-18	
      6478.45423	     3.24107e-18	
      6480.35268	     2.86390e-18	
      6482.25113	     3.02376e-18	
      6484.14957	     3.30708e-18	
      6486.04802	     2.43331e-18	
      6487.94647	     2.33395e-18	
      6489.84492	     5.20088e-18	
      6491.74337	     3.85549e-18	
      6493.64182	     5.63585e-18	
      6495.54027	     5.26661e-18	
      6497.43872	     3.79156e-18	
      6499.33717	     3.19027e-18	
      6501.23562	     5.68523e-18	
      6503.13407	     6.93915e-18	
      6505.03252	     3.73158e-18	
      6506.93097	     3.45787e-18	
      6508.82941	     5.40995e-18	
      6510.72786	     3.33780e-18	
      6512.62631	     3.14480e-18	
      6514.52476	     5.19671e-18	
      6516.42321	     6.95585e-18	
      6518.32166	     5.64395e-18	
      6520.22011	     7.15690e-18	
      6522.11856	     5.19883e-18	
      6524.01701	     4.29302e-18	
      6525.91546	     5.37784e-18	
      6527.81391	     6.52800e-18	
      6529.71236	     7.16130e-18	
      6531.61081	     7.22501e-18	
      6533.50925	     7.46716e-18	
      6535.40770	     7.50836e-18	
      6537.30615	     7.86707e-18	
      6539.20460	     6.34237e-18	
      6541.10305	     5.74437e-18	
      6543.00150	     5.45300e-18	
      6544.89995	     4.75356e-18	
      6546.79840	     5.07037e-18	
      6548.69685	     4.67502e-18	
      6550.59530	     5.40300e-18	
      6552.49375	     6.45851e-18	
      6554.39220	     6.74840e-18	
      6556.29065	     6.78843e-18	
      6558.18909	     6.24643e-18	
      6560.08754	     7.69643e-18	
      6561.98599	     8.24806e-18	
      6563.88444	     8.59073e-18	
      6565.78289	     8.86285e-18	
      6567.68134	     9.00887e-18	
      6569.57979	     5.75921e-18	
      6571.47824	     4.96377e-18	
      6573.37669	     6.70442e-18	
      6575.27514	     5.25475e-18	
      6577.17359	     6.16185e-18	
      6579.07204	     6.54586e-18	
      6580.97049	     5.09835e-18	
      6582.86893	     6.67310e-18	
      6584.76738	     7.26534e-18	
      6586.66583	     5.93580e-18	
      6588.56428	     6.28233e-18	
      6590.46273	     7.82243e-18	
      6592.36118	     7.22558e-18	
      6594.25963	     6.07827e-18	
      6596.15808	     6.71395e-18	
      6598.05653	     5.45235e-18	
      6599.95498	     7.57823e-18	
      6601.85343	     7.31483e-18	
      6603.75188	     4.86519e-18	
      6605.65033	     6.44353e-18	
      6607.54877	     6.47403e-18	
      6609.44722	     5.90154e-18	
      6611.34567	     4.47095e-18	
      6613.24412	     6.98983e-18	
      6615.14257	     7.06980e-18	
      6617.04102	     8.14672e-18	
      6618.93947	     6.77679e-18	
      6620.83792	     6.81346e-18	
      6622.73637	     6.51435e-18	
      6624.63482	     6.16217e-18	
      6626.53327	     5.69168e-18	
      6628.43172	     7.32328e-18	
      6630.33017	     5.62020e-18	
      6632.22861	     6.48531e-18	
      6634.12706	     6.32511e-18	
      6636.02551	     5.98027e-18	
      6637.92396	     6.73545e-18	
      6639.82241	     6.70481e-18	
      6641.72086	     6.15093e-18	
      6643.61931	     7.23261e-18	
      6645.51776	     7.29022e-18	
      6647.41621	     6.99849e-18	
      6649.31466	     7.90677e-18	
      6651.21311	     7.86652e-18	
      6653.11156	     8.06348e-18	
      6655.01001	     7.42098e-18	
      6656.90845	     6.76372e-18	
      6658.80690	     7.28660e-18	
      6660.70535	     6.19438e-18	
      6662.60380	     7.46741e-18	
      6664.50225	     6.96664e-18	
      6666.40070	     7.53053e-18	
      6668.29915	     8.71787e-18	
      6670.19760	     8.45201e-18	
      6672.09605	     8.71673e-18	
      6673.99450	     7.67506e-18	
      6675.89295	     7.55943e-18	
      6677.79140	     7.65621e-18	
      6679.68984	     8.13854e-18	
      6681.58829	     7.05590e-18	
      6683.48674	     6.43210e-18	
      6685.38519	     8.68667e-18	
      6687.28364	     7.80815e-18	
      6689.18209	     7.48561e-18	
      6691.08054	     8.91653e-18	
      6692.97899	     7.35277e-18	
      6694.87744	     7.29869e-18	
      6696.77589	     7.44960e-18	
      6698.67434	     7.41023e-18	
      6700.57279	     8.33664e-18	
      6702.47124	     7.11223e-18	
      6704.36968	     6.55094e-18	
      6706.26813	     8.51426e-18	
      6708.16658	     7.43645e-18	
      6710.06503	     6.68079e-18	
      6711.96348	     8.09581e-18	
      6713.86193	     6.52091e-18	
      6715.76038	     5.79771e-18	
      6717.65883	     8.18483e-18	
      6719.55728	     8.64596e-18	
      6721.45573	     6.75865e-18	
      6723.35418	     6.60829e-18	
      6725.25263	     6.72414e-18	
      6727.15108	     7.39083e-18	
      6729.04952	     7.70103e-18	
      6730.94797	     1.00498e-17	
      6732.84642	     9.10584e-18	
      6734.74487	     7.73506e-18	
      6736.64332	     9.12723e-18	
      6738.54177	     8.10317e-18	
      6740.44022	     9.18232e-18	
      6742.33867	     8.76320e-18	
      6744.23712	     7.89895e-18	
      6746.13557	     7.30158e-18	
      6748.03402	     7.55389e-18	
      6749.93247	     9.37161e-18	
      6751.83092	     8.47476e-18	
      6753.72936	     7.44593e-18	
      6755.62781	     8.96355e-18	
      6757.52626	     9.25599e-18	
      6759.42471	     8.02587e-18	
      6761.32316	     8.84248e-18	
      6763.22161	     8.68976e-18	
      6765.12006	     9.41984e-18	
      6767.01851	     1.05722e-17	
      6768.91696	     9.93442e-18	
      6770.81541	     8.19192e-18	
      6772.71386	     8.34448e-18	
      6774.61231	     1.01824e-17	
      6776.51076	     1.04840e-17	
      6778.40920	     8.32326e-18	
      6780.30765	     8.41876e-18	
      6782.20610	     8.65309e-18	
      6784.10455	     7.48365e-18	
      6786.00300	     7.69064e-18	
      6787.90145	     8.36010e-18	
      6789.79990	     8.55293e-18	
      6791.69835	     9.31666e-18	
      6793.59680	     8.90232e-18	
      6795.49525	     9.18218e-18	
      6797.39370	     8.98131e-18	
      6799.29215	     8.86643e-18	
      6801.19060	     8.04062e-18	
      6803.08904	     8.09801e-18	
      6804.98749	     9.04232e-18	
      6806.88594	     8.28086e-18	
      6808.78439	     8.59409e-18	
      6810.68284	     8.66888e-18	
      6812.58129	     8.66176e-18	
      6814.47974	     7.49282e-18	
      6816.37819	     7.02824e-18	
      6818.27664	     8.21407e-18	
      6820.17509	     7.91446e-18	
      6822.07354	     7.71815e-18	
      6823.97199	     7.96701e-18	
      6825.87044	     8.35305e-18	
      6827.76888	     9.56727e-18	
      6829.66733	     7.38414e-18	
      6831.56578	     7.45888e-18	
      6833.46423	     7.38529e-18	
      6835.36268	     7.29632e-18	
      6837.26113	     7.44656e-18	
      6839.15958	     6.32763e-18	
      6841.05803	     6.36259e-18	
      6842.95648	     8.59077e-18	
      6844.85493	     9.33297e-18	
      6846.75338	     8.29212e-18	
      6848.65183	     7.39048e-18	
      6850.55028	     6.74636e-18	
      6852.44872	     6.88845e-18	
      6854.34717	     7.23017e-18	
      6856.24562	     7.72061e-18	
      6858.14407	     7.69509e-18	
      6860.04252	     5.95539e-18	
      6861.94097	     6.27408e-18	
      6863.83942	     6.56057e-18	
      6865.73787	     7.17711e-18	
      6867.63632	     6.81981e-18	
      6869.53477	     6.94001e-18	
      6871.43322	     5.93769e-18	
      6873.33167	     5.57140e-18	
      6875.23012	     5.76169e-18	
      6877.12856	     5.88588e-18	
      6879.02701	     7.03871e-18	
      6880.92546	     8.48842e-18	
      6882.82391	     8.83126e-18	
      6884.72236	     6.06480e-18	
      6886.62081	     5.09212e-18	
      6888.51926	     7.05391e-18	
      6890.41771	     8.49257e-18	
      6892.31616	     8.96448e-18	
      6894.21461	     7.24982e-18	
      6896.11306	     6.26745e-18	
      6898.01151	     6.48985e-18	
      6899.90995	     4.98153e-18	
      6901.80840	     4.92480e-18	
      6903.70685	     6.49149e-18	
      6905.60530	     7.06709e-18	
      6907.50375	     7.28664e-18	
      6909.40220	     7.29273e-18	
      6911.30065	     5.47137e-18	
      6913.19910	     8.18302e-18	
      6915.09755	     8.03657e-18	
      6916.99600	     6.40830e-18	
      6918.89445	     6.31793e-18	
      6920.79290	     5.93161e-18	
      6922.69135	     8.47890e-18	
      6924.58979	     7.22457e-18	
      6926.48824	     5.87242e-18	
      6928.38669	     6.38938e-18	
      6930.28514	     7.24923e-18	
      6932.18359	     7.19713e-18	
      6934.08204	     9.03821e-18	
      6935.98049	     8.55441e-18	
      6937.87894	     8.64369e-18	
      6939.77739	     8.72255e-18	
      6941.67584	     8.56980e-18	
      6943.57429	     7.05024e-18	
      6945.47274	     8.30021e-18	
      6947.37119	     8.89863e-18	
      6949.26963	     9.64551e-18	
      6951.16808	     8.74469e-18	
      6953.06653	     9.21348e-18	
      6954.96498	     8.64206e-18	
      6956.86343	     7.04531e-18	
      6958.76188	     6.39859e-18	
      6960.66033	     8.00147e-18	
      6962.55878	     9.77383e-18	
      6964.45723	     9.76437e-18	
      6966.35568	     1.01571e-17	
      6968.25413	     8.50272e-18	
      6970.15258	     9.35222e-18	
      6972.05103	     9.32514e-18	
      6973.94947	     7.95465e-18	
      6975.84792	     7.69120e-18	
      6977.74637	     7.62292e-18	
      6979.64482	     7.54885e-18	
      6981.54327	     9.57949e-18	
      6983.44172	     9.88611e-18	
      6985.34017	     8.86149e-18	
      6987.23862	     7.67648e-18	
      6989.13707	     9.80215e-18	
      6991.03552	     6.99472e-18	
      6992.93397	     7.41083e-18	
      6994.83242	     8.35494e-18	
      6996.73087	     8.96609e-18	
      6998.62931	     9.19434e-18	
      7000.52776	     8.73102e-18	
      7002.42621	     9.76085e-18	
      7004.32466	     1.08857e-17	
      7006.22311	     1.05976e-17	
      7008.12156	     1.10749e-17	
      7010.02001	     9.77507e-18	
      7011.91846	     9.58792e-18	
      7013.81691	     1.06308e-17	
      7015.71536	     1.01582e-17	
      7017.61381	     9.38929e-18	
      7019.51226	     1.00798e-17	
      7021.41071	     8.98163e-18	
      7023.30915	     9.71408e-18	
      7025.20760	     1.18323e-17	
      7027.10605	     1.22529e-17	
      7029.00450	     1.08509e-17	
      7030.90295	     1.18562e-17	
      7032.80140	     1.06574e-17	
      7034.69985	     1.03309e-17	
      7036.59830	     1.14797e-17	
      7038.49675	     1.09179e-17	
      7040.39520	     1.28831e-17	
      7042.29365	     1.25052e-17	
      7044.19210	     1.18934e-17	
      7046.09055	     1.29575e-17	
      7047.98899	     1.18926e-17	
      7049.88744	     1.21549e-17	
      7051.78589	     1.21597e-17	
      7053.68434	     1.26124e-17	
      7055.58279	     1.20358e-17	
      7057.48124	     1.06278e-17	
      7059.37969	     1.18566e-17	
      7061.27814	     1.26563e-17	
      7063.17659	     1.13077e-17	
      7065.07504	     1.23796e-17	
      7066.97349	     1.17522e-17	
      7068.87194	     1.25209e-17	
      7070.77039	     1.29334e-17	
      7072.66883	     1.02569e-17	
      7074.56728	     1.12339e-17	
      7076.46573	     1.13113e-17	
      7078.36418	     1.18305e-17	
      7080.26263	     1.19664e-17	
      7082.16108	     1.26191e-17	
      7084.05953	     1.29154e-17	
      7085.95798	     1.17327e-17	
      7087.85643	     1.16150e-17	
      7089.75488	     1.22987e-17	
      7091.65333	     1.19371e-17	
      7093.55178	     1.15186e-17	
      7095.45023	     1.16113e-17	
      7097.34867	     1.15737e-17	
      7099.24712	     1.17307e-17	
      7101.14557	     1.26380e-17	
      7103.04402	     1.32335e-17	
      7104.94247	     1.25026e-17	
      7106.84092	     1.24161e-17	
      7108.73937	     1.19014e-17	
      7110.63782	     1.29921e-17	
      7112.53627	     1.28380e-17	
      7114.43472	     1.28794e-17	
      7116.33317	     1.14732e-17	
      7118.23162	     1.14591e-17	
      7120.13007	     1.17143e-17	
      7122.02851	     1.14134e-17	
      7123.92696	     1.24808e-17	
      7125.82541	     1.30891e-17	
      7127.72386	     1.21325e-17	
      7129.62231	     1.18715e-17	
      7131.52076	     1.22811e-17	
      7133.41921	     1.28406e-17	
      7135.31766	     1.20980e-17	
      7137.21611	     1.11938e-17	
      7139.11456	     1.29738e-17	
      7141.01301	     1.25891e-17	
      7142.91146	     1.20784e-17	
      7144.80990	     1.23703e-17	
      7146.70835	     1.14789e-17	
      7148.60680	     1.39574e-17	
      7150.50525	     1.54545e-17	
      7152.40370	     1.43708e-17	
      7154.30215	     1.27031e-17	
      7156.20060	     1.31242e-17	
      7158.09905	     1.38297e-17	
      7159.99750	     1.33811e-17	
      7161.89595	     1.24846e-17	
      7163.79440	     1.26996e-17	
      7165.69285	     1.35950e-17	
      7167.59130	     1.34694e-17	
      7169.48974	     1.32694e-17	
      7171.38819	     1.39738e-17	
      7173.28664	     1.31435e-17	
      7175.18509	     1.38135e-17	
      7177.08354	     1.32517e-17	
      7178.98199	     1.31722e-17	
      7180.88044	     1.30256e-17	
      7182.77889	     1.34386e-17	
      7184.67734	     1.40020e-17	
      7186.57579	     1.38522e-17	
      7188.47424	     1.39741e-17	
      7190.37269	     1.50918e-17	
      7192.27114	     1.40426e-17	
      7194.16958	     1.44620e-17	
      7196.06803	     1.46572e-17	
      7197.96648	     1.55856e-17	
      7199.86493	     1.50824e-17	
      7201.76338	     1.50870e-17	
      7203.66183	     1.58288e-17	
      7205.56028	     1.48391e-17	
      7207.45873	     1.45062e-17	
      7209.35718	     1.61952e-17	
      7211.25563	     1.60087e-17	
      7213.15408	     1.61540e-17	
      7215.05253	     1.46939e-17	
      7216.95098	     1.42668e-17	
      7218.84942	     1.57229e-17	
      7220.74787	     1.55699e-17	
      7222.64632	     1.44976e-17	
      7224.54477	     1.56127e-17	
      7226.44322	     1.54774e-17	
      7228.34167	     1.59031e-17	
      7230.24012	     1.46978e-17	
      7232.13857	     1.42813e-17	
      7234.03702	     1.63269e-17	
      7235.93547	     1.53844e-17	
      7237.83392	     1.64537e-17	
      7239.73237	     1.51641e-17	
      7241.63082	     1.59731e-17	
      7243.52926	     1.79415e-17	
      7245.42771	     1.57683e-17	
      7247.32616	     1.66951e-17	
      7249.22461	     1.51900e-17	
      7251.12306	     1.64465e-17	
      7253.02151	     1.78245e-17	
      7254.91996	     1.68573e-17	
      7256.81841	     1.61423e-17	
      7258.71686	     1.78535e-17	
      7260.61531	     1.69757e-17	
      7262.51376	     1.58937e-17	
      7264.41221	     1.64579e-17	
      7266.31066	     1.78054e-17	
      7268.20910	     1.78643e-17	
      7270.10755	     1.79215e-17	
      7272.00600	     1.79508e-17	
      7273.90445	     1.87122e-17	
      7275.80290	     1.71357e-17	
      7277.70135	     1.93652e-17	
      7279.59980	     2.05291e-17	
      7281.49825	     1.73265e-17	
      7283.39670	     1.71387e-17	
      7285.29515	     1.94308e-17	
      7287.19360	     1.84387e-17	
      7289.09205	     1.71696e-17	
      7290.99050	     1.78193e-17	
      7292.88894	     1.85400e-17	
      7294.78739	     1.83863e-17	
      7296.68584	     1.88161e-17	
      7298.58429	     1.92473e-17	
      7300.48274	     1.82003e-17	
      7302.38119	     1.76765e-17	
      7304.27964	     1.87815e-17	
      7306.17809	     1.99573e-17	
      7308.07654	     2.03972e-17	
      7309.97499	     1.91378e-17	
      7311.87344	     1.85495e-17	
      7313.77189	     1.97909e-17	
      7315.67034	     1.84287e-17	
      7317.56878	     2.01314e-17	
      7319.46723	     1.97507e-17	
      7321.36568	     1.94006e-17	
      7323.26413	     1.85624e-17	
      7325.16258	     2.16020e-17	
      7327.06103	     2.11038e-17	
      7328.95948	     1.71617e-17	
      7330.85793	     1.85216e-17	
      7332.75638	     1.90791e-17	
      7334.65483	     2.11729e-17	
      7336.55328	     2.06925e-17	
      7338.45173	     2.20824e-17	
      7340.35018	     2.13890e-17	
      7342.24862	     2.07820e-17	
      7344.14707	     1.82520e-17	
      7346.04552	     2.21396e-17	
      7347.94397	     1.99177e-17	
      7349.84242	     1.83226e-17	
      7351.74087	     2.05191e-17	
      7353.63932	     1.96989e-17	
      7355.53777	     1.96674e-17	
      7357.43622	     1.94052e-17	
      7359.33467	     1.96729e-17	
      7361.23312	     2.14685e-17	
      7363.13157	     2.04059e-17	
      7365.03002	     1.98704e-17	
      7366.92846	     2.11009e-17	
      7368.82691	     2.14204e-17	
      7370.72536	     2.09314e-17	
      7372.62381	     1.91034e-17	
      7374.52226	     1.97181e-17	
      7376.42071	     1.97296e-17	
      7378.31916	     1.96316e-17	
      7380.21761	     1.95919e-17	
      7382.11606	     1.89950e-17	
      7384.01451	     1.92776e-17	
      7385.91296	     2.01185e-17	
      7387.81141	     2.11241e-17	
      7389.70985	     1.89446e-17	
      7391.60830	     1.82397e-17	
      7393.50675	     1.97323e-17	
      7395.40520	     2.06211e-17	
      7397.30365	     1.96305e-17	
      7399.20210	     2.01969e-17	
      7401.10055	     2.07809e-17	
      7402.99900	     2.04307e-17	
      7404.89745	     1.62182e-17	
      7406.79590	     1.92670e-17	
      7408.69435	     2.03553e-17	
      7410.59280	     2.25123e-17	
      7412.49125	     2.05731e-17	
      7414.38969	     1.95263e-17	
      7416.28814	     1.93523e-17	
      7418.18659	     1.92299e-17	
      7420.08504	     1.87800e-17	
      7421.98349	     1.90400e-17	
      7423.88194	     1.84995e-17	
      7425.78039	     1.74985e-17	
      7427.67884	     1.74993e-17	
      7429.57729	     1.88566e-17	
      7431.47574	     1.70750e-17	
      7433.37419	     1.75835e-17	
      7435.27264	     1.94473e-17	
      7437.17109	     1.82960e-17	
      7439.06953	     1.84388e-17	
      7440.96798	     1.92400e-17	
      7442.86643	     1.89151e-17	
      7444.76488	     1.85428e-17	
      7446.66333	     1.76309e-17	
      7448.56178	     1.81981e-17	
      7450.46023	     1.90996e-17	
      7452.35868	     1.82917e-17	
      7454.25713	     1.87670e-17	
      7456.15558	     1.86795e-17	
      7458.05403	     1.94151e-17	
      7459.95248	     1.94928e-17	
      7461.85093	     1.92673e-17	
      7463.74937	     1.85348e-17	
      7465.64782	     1.73211e-17	
      7467.54627	     1.79708e-17	
      7469.44472	     1.85602e-17	
      7471.34317	     1.86866e-17	
      7473.24162	     1.80691e-17	
      7475.14007	     1.64031e-17	
      7477.03852	     1.77922e-17	
      7478.93697	     1.83220e-17	
      7480.83542	     1.75428e-17	
      7482.73387	     1.99429e-17	
      7484.63232	     1.94312e-17	
      7486.53077	     1.97307e-17	
      7488.42921	     1.96454e-17	
      7490.32766	     1.88840e-17	
      7492.22611	     1.75330e-17	
      7494.12456	     1.77902e-17	
      7496.02301	     1.77473e-17	
      7497.92146	     1.74987e-17	
      7499.81991	     1.82193e-17	
      7501.71836	     1.90728e-17	
      7503.61681	     1.99541e-17	
      7505.51526	     1.96977e-17	
      7507.41371	     1.80211e-17	
      7509.31216	     1.89377e-17	
      7511.21061	     1.90633e-17	
      7513.10905	     1.71531e-17	
      7515.00750	     1.80691e-17	
      7516.90595	     1.91528e-17	
      7518.80440	     1.74717e-17	
      7520.70285	     1.74881e-17	
      7522.60130	     1.84735e-17	
      7524.49975	     1.78479e-17	
      7526.39820	     1.96195e-17	
      7528.29665	     1.92943e-17	
      7530.19510	     1.90870e-17	
      7532.09355	     1.94319e-17	
      7533.99200	     2.08973e-17	
      7535.89045	     2.08092e-17	
      7537.78889	     2.11852e-17	
      7539.68734	     2.08742e-17	
      7541.58579	     1.99410e-17	
      7543.48424	     1.97574e-17	
      7545.38269	     2.09187e-17	
      7547.28114	     2.07462e-17	
      7549.17959	     1.97965e-17	
      7551.07804	     1.85849e-17	
      7552.97649	     1.87203e-17	
      7554.87494	     1.83604e-17	
      7556.77339	     1.99311e-17	
      7558.67184	     2.04003e-17	
      7560.57029	     1.98377e-17	
      7562.46873	     1.83240e-17	
      7564.36718	     1.81292e-17	
      7566.26563	     1.87034e-17	
      7568.16408	     1.65543e-17	
      7570.06253	     1.73150e-17	
      7571.96098	     1.85147e-17	
      7573.85943	     1.68573e-17	
      7575.75788	     1.73557e-17	
      7577.65633	     1.81824e-17	
      7579.55478	     1.72246e-17	
      7581.45323	     1.92849e-17	
      7583.35168	     1.90019e-17	
      7585.25013	     1.68782e-17	
      7587.14857	     1.70162e-17	
      7589.04702	     1.52399e-17	
      7590.94547	     1.54431e-17	
      7592.84392	     1.34232e-17	
      7594.74237	     1.19342e-17	
      7596.64082	     9.26623e-18	
      7598.53927	     7.63729e-18	
      7600.43772	     8.42730e-18	
      7602.33617	     4.33666e-18	
      7604.23462	     5.00887e-18	
      7606.13307	     5.47282e-18	
      7608.03152	     5.71142e-18	
      7609.92996	     6.58457e-18	
      7611.82841	     8.17748e-18	
      7613.72686	     9.10186e-18	
      7615.62531	     1.06807e-17	
      7617.52376	     1.14855e-17	
      7619.42221	     1.16031e-17	
      7621.32066	     1.06701e-17	
      7623.21911	     8.05313e-18	
      7625.11756	     6.85860e-18	
      7627.01601	     5.92278e-18	
      7628.91446	     6.72627e-18	
      7630.81291	     6.79408e-18	
      7632.71136	     5.23457e-18	
      7634.60980	     5.42062e-18	
      7636.50825	     6.56959e-18	
      7638.40670	     6.29558e-18	
      7640.30515	     6.80705e-18	
      7642.20360	     6.08878e-18	
      7644.10205	     4.24895e-18	
      7646.00050	     5.48829e-18	
      7647.89895	     4.82608e-18	
      7649.79740	     5.13132e-18	
      7651.69585	     5.03634e-18	
      7653.59430	     2.59054e-18	
      7655.49275	     3.01877e-18	
      7657.39120	     2.32277e-18	
      7659.28964	     2.47730e-18	
      7661.18809	     1.13382e-18	
      7663.08654	     1.18768e-18	
      7664.98499	     4.28929e-19	
      7666.88344	     2.53503e-18	
      7668.78189	     2.12245e-18	
      7670.68034	     1.21863e-18	
      7672.57879	     1.35019e-18	
      7674.47724	     2.86417e-18	
      7676.37569	     3.77980e-18	
      7678.27414	     3.94556e-18	
      7680.17259	     4.09571e-18	
      7682.07104	     5.47809e-18	
      7683.96948	     6.71255e-18	
      7685.86793	     5.58499e-18	
      7687.76638	     5.42718e-18	
      7689.66483	     6.10298e-18	
      7691.56328	     6.08640e-18	
      7693.46173	     2.57424e-18	
      7695.36018	     2.93805e-18	
      7697.25863	     3.06158e-18	
      7699.15708	     1.38820e-18	
      7701.05553	     1.78165e-19	
      7702.95398	     1.02177e-18	
      7704.85243	     2.06250e-18	
      7706.75088	     3.96962e-18	
      7708.64932	     5.01448e-18	
      7710.54777	     6.78479e-18	
      7712.44622	     5.96804e-18	
      7714.34467	     3.39950e-18	
      7716.24312	     8.38288e-18	
      7718.14157	     9.94703e-18	
      7720.04002	     8.76005e-18	
      7721.93847	     1.20674e-17	
      7723.83692	     1.28731e-17	
      7725.73537	     1.26474e-17	
      7727.63382	     1.41818e-17	
      7729.53227	     1.27330e-17	
      7731.43072	     1.34865e-17	
      7733.32916	     1.44815e-17	
      7735.22761	     1.53845e-17	
      7737.12606	     1.54276e-17	
      7739.02451	     1.58228e-17	
      7740.92296	     1.60141e-17	
      7742.82141	     1.57589e-17	
      7744.71986	     1.67029e-17	
      7746.61831	     1.40628e-17	
      7748.51676	     1.33934e-17	
      7750.41521	     1.47457e-17	
      7752.31366	     1.23664e-17	
      7754.21211	     1.40846e-17	
      7756.11056	     1.49914e-17	
      7758.00900	     1.39160e-17	
      7759.90745	     1.55054e-17	
      7761.80590	     1.94609e-17	
      7763.70435	     1.73727e-17	
      7765.60280	     1.62328e-17	
      7767.50125	     1.79106e-17	
      7769.39970	     1.65082e-17	
      7771.29815	     1.76057e-17	
      7773.19660	     1.76530e-17	
      7775.09505	     1.79142e-17	
      7776.99350	     1.87487e-17	
      7778.89195	     1.70730e-17	
      7780.79040	     1.82118e-17	
      7782.68884	     1.78666e-17	
      7784.58729	     1.92144e-17	
      7786.48574	     1.89371e-17	
      7788.38419	     1.88804e-17	
      7790.28264	     1.81856e-17	
      7792.18109	     1.88373e-17	
      7794.07954	     1.87089e-17	
      7795.97799	     1.44948e-17	
      7797.87644	     1.31823e-17	
      7799.77489	     1.34558e-17	
      7801.67334	     1.41708e-17	
      7803.57179	     1.72996e-17	
      7805.47024	     1.89843e-17	
      7807.36868	     2.10019e-17	
      7809.26713	     2.02944e-17	
      7811.16558	     1.79706e-17	
      7813.06403	     1.93533e-17	
      7814.96248	     2.13416e-17	
      7816.86093	     2.11306e-17	
      7818.75938	     1.91729e-17	
      7820.65783	     2.07704e-17	
      7822.55628	     2.03032e-17	
      7824.45473	     1.91377e-17	
      7826.35318	     1.94778e-17	
      7828.25163	     2.05993e-17	
      7830.15008	     2.00052e-17	
      7832.04852	     2.08414e-17	
      7833.94697	     2.22154e-17	
      7835.84542	     2.10510e-17	
      7837.74387	     2.07363e-17	
      7839.64232	     2.10628e-17	
      7841.54077	     2.16095e-17	
      7843.43922	     2.18939e-17	
      7845.33767	     2.26143e-17	
      7847.23612	     2.28797e-17	
      7849.13457	     2.29402e-17	
      7851.03302	     2.62452e-17	
      7852.93147	     2.55561e-17	
      7854.82991	     2.46728e-17	
      7856.72836	     2.15775e-17	
      7858.62681	     2.34831e-17	
      7860.52526	     2.44232e-17	
      7862.42371	     2.39742e-17	
      7864.32216	     2.54666e-17	
      7866.22061	     2.26437e-17	
      7868.11906	     2.19621e-17	
      7870.01751	     2.12351e-17	
      7871.91596	     2.36653e-17	
      7873.81441	     2.42355e-17	
      7875.71286	     2.36531e-17	
      7877.61131	     2.36973e-17	
      7879.50975	     2.48192e-17	
      7881.40820	     2.56221e-17	
      7883.30665	     2.33692e-17	
      7885.20510	     2.17059e-17	
      7887.10355	     2.40482e-17	
      7889.00200	     2.42296e-17	
      7890.90045	     2.44976e-17	
      7892.79890	     2.48335e-17	
      7894.69735	     2.41784e-17	
      7896.59580	     2.49643e-17	
      7898.49425	     2.50660e-17	
      7900.39270	     2.40232e-17	
      7902.29115	     2.55396e-17	
      7904.18959	     2.35647e-17	
      7906.08804	     2.13028e-17	
      7907.98649	     2.21730e-17	
      7909.88494	     2.08567e-17	
      7911.78339	     1.89376e-17	
      7913.68184	     2.23804e-17	
      7915.58029	     2.37793e-17	
      7917.47874	     2.55914e-17	
      7919.37719	     2.60455e-17	
      7921.27564	     2.63917e-17	
      7923.17409	     2.35132e-17	
      7925.07254	     2.37687e-17	
      7926.97099	     2.35726e-17	
      7928.86943	     2.36929e-17	
      7930.76788	     2.69864e-17	
      7932.66633	     2.52830e-17	
      7934.56478	     2.45655e-17	
      7936.46323	     2.60909e-17	
      7938.36168	     2.54385e-17	
      7940.26013	     2.30672e-17	
      7942.15858	     2.25678e-17	
      7944.05703	     2.08266e-17	
      7945.95548	     1.87573e-17	
      7947.85393	     1.80595e-17	
      7949.75238	     1.93165e-17	
      7951.65083	     2.30515e-17	
      7953.54927	     2.58696e-17	
      7955.44772	     2.68545e-17	
      7957.34617	     2.82154e-17	
      7959.24462	     2.48384e-17	
      7961.14307	     2.18815e-17	
      7963.04152	     2.36623e-17	
      7964.93997	     2.54627e-17	
      7966.83842	     2.57653e-17	
      7968.73687	     2.55129e-17	
      7970.63532	     2.80781e-17	
      7972.53377	     2.80916e-17	
      7974.43222	     2.67186e-17	
      7976.33067	     2.58257e-17	
      7978.22911	     2.53183e-17	
      7980.12756	     2.58999e-17	
      7982.02601	     2.77876e-17	
      7983.92446	     2.78594e-17	
      7985.82291	     2.67349e-17	
      7987.72136	     2.78014e-17	
      7989.61981	     2.47791e-17	
      7991.51826	     2.54901e-17	
      7993.41671	     2.56259e-17	
      7995.31516	     2.53252e-17	
      7997.21361	     2.59173e-17	
      7999.11206	     2.77274e-17	
      8001.01051	     2.78569e-17	
      8002.90895	     3.08826e-17	
      8004.80740	     3.07236e-17	
      8006.70585	     2.99281e-17	
      8008.60430	     2.97021e-17	
      8010.50275	     3.14337e-17	
      8012.40120	     3.00798e-17	
      8014.29965	     3.01738e-17	
      8016.19810	     3.09548e-17	
      8018.09655	     3.20189e-17	
      8019.99500	     3.14719e-17	
      8021.89345	     3.03026e-17	
      8023.79190	     3.03052e-17	
      8025.69035	     3.00106e-17	
      8027.58879	     3.21907e-17	
      8029.48724	     3.16639e-17	
      8031.38569	     3.34833e-17	
      8033.28414	     3.44937e-17	
      8035.18259	     3.38117e-17	
      8037.08104	     3.20899e-17	
      8038.97949	     3.39961e-17	
      8040.87794	     3.48103e-17	
      8042.77639	     3.39775e-17	
      8044.67484	     3.28608e-17	
      8046.57329	     3.32505e-17	
      8048.47174	     3.38754e-17	
      8050.37019	     3.41829e-17	
      8052.26863	     3.80789e-17	
      8054.16708	     3.79849e-17	
      8056.06553	     3.79520e-17	
      8057.96398	     3.75801e-17	
      8059.86243	     3.56766e-17	
      8061.76088	     3.57974e-17	
      8063.65933	     3.63768e-17	
      8065.55778	     3.78863e-17	
      8067.45623	     3.80218e-17	
      8069.35468	     3.63936e-17	
      8071.25313	     3.69335e-17	
      8073.15158	     3.87514e-17	
      8075.05003	     3.85273e-17	
      8076.94847	     3.94624e-17	
      8078.84692	     3.99091e-17	
      8080.74537	     4.05495e-17	
      8082.64382	     4.17454e-17	
      8084.54227	     4.17052e-17	
      8086.44072	     4.13079e-17	
      8088.33917	     4.20758e-17	
      8090.23762	     4.12326e-17	
      8092.13607	     4.18348e-17	
      8094.03452	     4.19483e-17	
      8095.93297	     4.11732e-17	
      8097.83142	     4.12280e-17	
      8099.72986	     4.13786e-17	
      8101.62831	     4.13573e-17	
      8103.52676	     4.19333e-17	
      8105.42521	     4.35711e-17	
      8107.32366	     4.43653e-17	
      8109.22211	     4.69432e-17	
      8111.12056	     4.73269e-17	
      8113.01901	     4.54145e-17	
      8114.91746	     4.41350e-17	
      8116.81591	     4.50832e-17	
      8118.71436	     4.66806e-17	
      8120.61281	     4.59322e-17	
      8122.51126	     4.50104e-17	
      8124.40970	     4.82150e-17	
      8126.30815	     4.91699e-17	
      8128.20660	     4.78410e-17	
      8130.10505	     4.88669e-17	
      8132.00350	     4.90792e-17	
      8133.90195	     4.71324e-17	
      8135.80040	     4.97281e-17	
      8137.69885	     4.92061e-17	
      8139.59730	     4.83065e-17	
      8141.49575	     4.67431e-17	
      8143.39420	     4.48500e-17	
      8145.29265	     4.62491e-17	
      8147.19110	     4.65801e-17	
      8149.08954	     4.71425e-17	
      8150.98799	     4.78770e-17	
      8152.88644	     5.16735e-17	
      8154.78489	     4.85951e-17	
      8156.68334	     4.85365e-17	
      8158.58179	     5.12736e-17	
      8160.48024	     5.14943e-17	
      8162.37869	     5.16951e-17	
      8164.27714	     5.13929e-17	
      8166.17559	     5.51028e-17	
      8168.07404	     5.33512e-17	
      8169.97249	     5.40149e-17	
      8171.87094	     5.22780e-17	
      8173.76938	     5.26796e-17	
      8175.66783	     4.95312e-17	
      8177.56628	     4.83794e-17	
      8179.46473	     4.45034e-17	
      8181.36318	     4.25715e-17	
      8183.26163	     4.11386e-17	
      8185.16008	     4.42470e-17	
      8187.05853	     4.63933e-17	
      8188.95698	     4.49400e-17	
      8190.85543	     4.33797e-17	
      8192.75388	     3.84042e-17	
      8194.65233	     3.77720e-17	
      8196.55078	     3.81445e-17	
      8198.44922	     4.09196e-17	
      8200.34767	     4.70389e-17	
      8202.24612	     4.97074e-17	
      8204.14457	     5.06850e-17	
      8206.04302	     4.90095e-17	
      8207.94147	     5.09198e-17	
      8209.83992	     5.08406e-17	
      8211.73837	     5.13793e-17	
      8213.63682	     4.91815e-17	
      8215.53527	     4.94715e-17	
      8217.43372	     5.12247e-17	
      8219.33217	     5.20804e-17	
      8221.23062	     5.15454e-17	
      8223.12906	     5.20104e-17	
      8225.02751	     5.50412e-17	
      8226.92596	     5.60009e-17	
      8228.82441	     5.51180e-17	
      8230.72286	     5.52320e-17	
      8232.62131	     5.50815e-17	
      8234.51976	     5.60016e-17	
      8236.41821	     5.64183e-17	
      8238.31666	     5.59687e-17	
      8240.21511	     5.62571e-17	
      8242.11356	     5.95297e-17	
      8244.01201	     5.85688e-17	
      8245.91046	     5.77211e-17	
      8247.80890	     5.85038e-17	
      8249.70735	     5.77691e-17	
      8251.60580	     5.53918e-17	
      8253.50425	     5.16753e-17	
      8255.40270	     5.38888e-17	
      8257.30115	     5.53057e-17	
      8259.19960	     5.61801e-17	
      8261.09805	     5.87351e-17	
      8262.99650	     5.74163e-17	
      8264.89495	     5.79183e-17	
      8266.79340	     5.89046e-17	
      8268.69185	     5.76416e-17	
      8270.59030	     5.58255e-17	
      8272.48874	     5.59683e-17	
      8274.38719	     5.83934e-17	
      8276.28564	     5.93038e-17	
      8278.18409	     6.05616e-17	
      8280.08254	     5.88550e-17	
      8281.98099	     5.68446e-17	
      8283.87944	     5.28424e-17	
      8285.77789	     5.20072e-17	
      8287.67634	     5.05921e-17	
      8289.57479	     4.98684e-17	
      8291.47324	     5.35216e-17	
      8293.37169	     5.37551e-17	
      8295.27014	     5.44797e-17	
      8297.16858	     4.87210e-17	
      8299.06703	     5.16035e-17	
      8300.96548	     5.34745e-17	
      8302.86393	     5.30574e-17	
      8304.76238	     5.26102e-17	
      8306.66083	     5.23560e-17	
      8308.55928	     5.47285e-17	
      8310.45773	     5.44732e-17	
      8312.35618	     5.53491e-17	
      8314.25463	     5.63744e-17	
      8316.15308	     5.70968e-17	
      8318.05153	     5.68262e-17	
      8319.94997	     5.93623e-17	
      8321.84842	     5.88987e-17	
      8323.74687	     5.87262e-17	
      8325.64532	     5.67444e-17	
      8327.54377	     5.80522e-17	
      8329.44222	     5.79596e-17	
      8331.34067	     5.66351e-17	
      8333.23912	     5.72630e-17	
      8335.13757	     5.71568e-17	
      8337.03602	     5.60529e-17	
      8338.93447	     5.66985e-17	
      8340.83292	     6.12861e-17	
      8342.73137	     5.73557e-17	
      8344.62981	     5.70716e-17	
      8346.52826	     6.18848e-17	
      8348.42671	     6.14616e-17	
      8350.32516	     6.16765e-17	
      8352.22361	     5.92962e-17	
      8354.12206	     6.06963e-17	
      8356.02051	     6.04780e-17	
      8357.91896	     5.84344e-17	
      8359.81741	     5.92478e-17	
      8361.71586	     5.86044e-17	
      8363.61431	     5.90068e-17	
      8365.51276	     6.08882e-17	
      8367.41121	     6.44492e-17	
      8369.30965	     6.41570e-17	
      8371.20810	     6.08111e-17	
      8373.10655	     5.87270e-17	
      8375.00500	     5.93610e-17	
      8376.90345	     5.97968e-17	
      8378.80190	     6.11019e-17	
      8380.70035	     5.94569e-17	
      8382.59880	     5.99949e-17	
      8384.49725	     5.99063e-17	
      8386.39570	     5.80211e-17	
      8388.29415	     5.73821e-17	
      8390.19260	     5.80095e-17	
      8392.09105	     5.84330e-17	
      8393.98949	     6.06575e-17	
      8395.88794	     5.83603e-17	
      8397.78639	     5.79495e-17	
      8399.68484	     6.07161e-17	
      8401.58329	     6.27943e-17	
      8403.48174	     6.32876e-17	
      8405.38019	     6.37322e-17	
      8407.27864	     6.72060e-17	
      8409.17709	     6.14359e-17	
      8411.07554	     6.11296e-17	
      8412.97399	     6.33398e-17	
      8414.87244	     6.52004e-17	
      8416.77089	     6.62172e-17	
      8418.66933	     6.41851e-17	
      8420.56778	     6.35463e-17	
      8422.46623	     6.25762e-17	
      8424.36468	     6.29531e-17	
      8426.26313	     6.30756e-17	
      8428.16158	     6.40608e-17	
      8430.06003	     6.75210e-17	
      8431.95848	     6.26934e-17	
      8433.85693	     5.51277e-17	
      8435.75538	     5.52843e-17	
      8437.65383	     5.39153e-17	
      8439.55228	     5.29223e-17	
      8441.45073	     5.48979e-17	
      8443.34917	     5.28758e-17	
      8445.24762	     5.16920e-17	
      8447.14607	     5.11733e-17	
      8449.04452	     5.22621e-17	
      8450.94297	     5.16155e-17	
      8452.84142	     5.27684e-17	
      8454.73987	     5.10124e-17	
      8456.63832	     4.85521e-17	
      8458.53677	     4.94385e-17	
      8460.43522	     5.07599e-17	
      8462.33367	     5.31790e-17	
      8464.23212	     5.09366e-17	
      8466.13057	     5.49310e-17	
      8468.02901	     5.25839e-17	
      8469.92746	     4.93657e-17	
      8471.82591	     5.10450e-17	
      8473.72436	     4.88746e-17	
      8475.62281	     4.77927e-17	
      8477.52126	     5.05682e-17	
      8479.41971	     4.82473e-17	
      8481.31816	     4.70173e-17	
      8483.21661	     4.69522e-17	
      8485.11506	     5.24018e-17	
      8487.01351	     4.94836e-17	
      8488.91196	     4.81771e-17	
      8490.81041	     5.06857e-17	
      8492.70885	     5.14345e-17	
      8494.60730	     5.18896e-17	
      8496.50575	     5.01278e-17	
      8498.40420	     5.15079e-17	
      8500.30265	     5.31080e-17	
      8502.20110	     5.26241e-17	
      8504.09955	     4.90414e-17	
      8505.99800	     5.39278e-17	
      8507.89645	     5.15442e-17	
      8509.79490	     5.06922e-17	
      8511.69335	     5.09335e-17	
      8513.59180	     5.04187e-17	
      8515.49025	     4.78363e-17	
      8517.38869	     4.48305e-17	
      8519.28714	     4.28111e-17	
      8521.18559	     4.25141e-17	
      8523.08404	     4.64626e-17	
      8524.98249	     4.73709e-17	
      8526.88094	     5.26980e-17	
      8528.77939	     5.51512e-17	
      8530.67784	     5.50875e-17	
      8532.57629	     5.35624e-17	
      8534.47474	     5.41798e-17	
      8536.37319	     5.44168e-17	
      8538.27164	     5.59193e-17	
      8540.17009	     5.48216e-17	
      8542.06853	     5.28102e-17	
      8543.96698	     5.52531e-17	
      8545.86543	     5.63865e-17	
      8547.76388	     5.86989e-17	
      8549.66233	     5.98288e-17	
      8551.56078	     6.16586e-17	
      8553.45923	     6.11371e-17	
      8555.35768	     6.00953e-17	
      8557.25613	     6.01138e-17	
      8559.15458	     5.78965e-17	
      8561.05303	     6.04819e-17	
      8562.95148	     6.01137e-17	
      8564.84992	     6.02510e-17	
      8566.74837	     6.26555e-17	
      8568.64682	     6.15120e-17	
      8570.54527	     5.85460e-17	
      8572.44372	     5.87701e-17	
      8574.34217	     6.01901e-17	
      8576.24062	     6.12405e-17	
      8578.13907	     6.12318e-17	
      8580.03752	     5.88765e-17	
      8581.93597	     5.89096e-17	
      8583.83442	     6.09657e-17	
      8585.73287	     5.96290e-17	
      8587.63132	     6.11455e-17	
      8589.52976	     6.00949e-17	
      8591.42821	     6.14267e-17	
      8593.32666	     6.22539e-17	
      8595.22511	     6.06112e-17	
      8597.12356	     5.90079e-17	
      8599.02201	     6.39064e-17	
      8600.92046	     6.00892e-17	
      8602.81891	     6.16801e-17	
      8604.71736	     6.32430e-17	
      8606.61581	     5.95031e-17	
      8608.51426	     5.40692e-17	
      8610.41271	     5.08443e-17	
      8612.31116	     4.69633e-17	
      8614.20960	     4.19669e-17	
      8616.10805	     4.22677e-17	
      8618.00650	     4.21397e-17	
      8619.90495	     4.15323e-17	
      8621.80340	     4.01588e-17	
      8623.70185	     4.03170e-17	
      8625.60030	     3.97840e-17	
      8627.49875	     3.89131e-17	
      8629.39720	     3.95043e-17	
      8631.29565	     3.90587e-17	
      8633.19410	     3.89595e-17	
      8635.09255	     4.06755e-17	
      8636.99100	     4.13590e-17	
      8638.88944	     4.29556e-17	
      8640.78789	     4.37965e-17	
      8642.68634	     4.39594e-17	
      8644.58479	     4.46406e-17	
      8646.48324	     4.59567e-17	
      8648.38169	     4.90868e-17	
      8650.28014	     5.18070e-17	
      8652.17859	     4.98619e-17	
      8654.07704	     5.01074e-17	
      8655.97549	     5.10318e-17	
      8657.87394	     4.68373e-17	
      8659.77239	     5.02186e-17	
      8661.67084	     5.21585e-17	
      8663.56928	     5.29016e-17	
      8665.46773	     5.09143e-17	
      8667.36618	     4.94959e-17	
      8669.26463	     4.80978e-17	
      8671.16308	     5.05636e-17	
      8673.06153	     5.19824e-17	
      8674.95998	     5.19749e-17	
      8676.85843	     5.41213e-17	
      8678.75688	     5.12300e-17	
      8680.65533	     5.11068e-17	
      8682.55378	     5.12798e-17	
      8684.45223	     4.74966e-17	
      8686.35068	     4.84165e-17	
      8688.24912	     4.65078e-17	
      8690.14757	     4.28203e-17	
      8692.04602	     3.87293e-17	
      8693.94447	     3.59024e-17	
      8695.84292	     3.61054e-17	
      8697.74137	     3.80238e-17	
      8699.63982	     3.75525e-17	
      8701.53827	     3.72421e-17	
      8703.43672	     4.02385e-17	
      8705.33517	     4.03489e-17	
      8707.23362	     3.89581e-17	
      8709.13207	     3.77862e-17	
      8711.03052	     3.78512e-17	
      8712.92896	     3.70889e-17	
      8714.82741	     3.65767e-17	
      8716.72586	     3.73885e-17	
      8718.62431	     3.86235e-17	
      8720.52276	     3.75036e-17	
      8722.42121	     4.00783e-17	
      8724.31966	     4.11534e-17	
      8726.21811	     4.51500e-17	
      8728.11656	     4.33107e-17	
      8730.01501	     4.25871e-17	
      8731.91346	     4.53720e-17	
      8733.81191	     4.10783e-17	
      8735.71036	     4.22471e-17	
      8737.60880	     4.43810e-17	
      8739.50725	     4.24382e-17	
      8741.40570	     4.53710e-17	
      8743.30415	     4.52250e-17	
      8745.20260	     4.37850e-17	
      8747.10105	     4.32393e-17	
      8748.99950	     4.40898e-17	
      8750.89795	     4.68317e-17	
      8752.79640	     4.70436e-17	
      8754.69485	     4.56405e-17	
      8756.59330	     4.73743e-17	
      8758.49175	     4.75898e-17	
      8760.39020	     4.85883e-17	
      8762.28864	     4.74755e-17	
      8764.18709	     4.39019e-17	
      8766.08554	     4.44786e-17	
      8767.98399	     4.48520e-17	
      8769.88244	     5.10906e-17	
      8771.78089	     5.72891e-17	
      8773.67934	     5.73180e-17	
      8775.57779	     5.50350e-17	
      8777.47624	     4.68207e-17	
      8779.37469	     5.09548e-17	
      8781.27314	     5.21998e-17	
      8783.17159	     5.13890e-17	
      8785.07004	     5.04654e-17	
      8786.96848	     5.33884e-17	
      8788.86693	     5.45647e-17	
      8790.76538	     5.62661e-17	
      8792.66383	     5.41547e-17	
      8794.56228	     5.63375e-17	
      8796.46073	     5.45994e-17	
      8798.35918	     5.18271e-17	
      8800.25763	     4.92051e-17	
      8802.15608	     4.92658e-17	
      8804.05453	     5.02181e-17	
      8805.95298	     5.10860e-17	
      8807.85143	     5.35375e-17	
      8809.74987	     5.74183e-17	
      8811.64832	     6.44779e-17	
      8813.54677	     6.67652e-17	
      8815.44522	     6.97578e-17	
      8817.34367	     6.77182e-17	
      8819.24212	     6.55945e-17	
      8821.14057	     6.29102e-17	
      8823.03902	     6.00070e-17	
      8824.93747	     5.77845e-17	
      8826.83592	     5.91690e-17	
      8828.73437	     5.79922e-17	
      8830.63282	     6.13431e-17	
      8832.53127	     6.01860e-17	
      8834.42971	     6.20263e-17	
      8836.32816	     6.47034e-17	
      8838.22661	     6.60343e-17	
      8840.12506	     6.58570e-17	
      8842.02351	     6.27071e-17	
      8843.92196	     5.78014e-17	
      8845.82041	     5.37428e-17	
      8847.71886	     5.65322e-17	
      8849.61731	     6.28634e-17	
      8851.51576	     6.79386e-17	
      8853.41421	     6.81108e-17	
      8855.31266	     6.38975e-17	
      8857.21111	     6.20017e-17	
      8859.10955	     6.04012e-17	
      8861.00800	     5.80590e-17	
      8862.90645	     6.05746e-17	
      8864.80490	     6.05818e-17	
      8866.70335	     5.36756e-17	
      8868.60180	     5.32141e-17	
      8870.50025	     4.96572e-17	
      8872.39870	     5.01422e-17	
      8874.29715	     5.79719e-17	
      8876.19560	     6.21600e-17	
      8878.09405	     5.97865e-17	
      8879.99250	     6.13207e-17	
      8881.89095	     5.99648e-17	
      8883.78939	     5.80938e-17	
      8885.68784	     5.64463e-17	
      8887.58629	     5.95447e-17	
      8889.48474	     6.21546e-17	
      8891.38319	     5.73934e-17	
      8893.28164	     5.46455e-17	
      8895.18009	     5.33471e-17	
      8897.07854	     5.49061e-17	
      8898.97699	     6.15673e-17	
      8900.87544	     6.50380e-17	
      8902.77389	     6.51600e-17	
      8904.67234	     6.67854e-17	
      8906.57079	     6.70697e-17	
      8908.46923	     6.08006e-17	
      8910.36768	     5.86393e-17	
      8912.26613	     6.42411e-17	
      8914.16458	     6.37378e-17	
      8916.06303	     6.33136e-17	
      8917.96148	     6.99893e-17	
      8919.85993	     6.50707e-17	
      8921.75838	     6.20393e-17	
      8923.65683	     6.18829e-17	
      8925.55528	     5.76676e-17	
      8927.45373	     6.10125e-17	
      8929.35218	     6.73464e-17	
      8931.25063	     7.26319e-17	
      8933.14907	     7.31471e-17	
      8935.04752	     6.69182e-17	
      8936.94597	     6.07595e-17	
      8938.84442	     5.69570e-17	
      8940.74287	     5.18060e-17	
      8942.64132	     5.07122e-17	
      8944.53977	     5.48328e-17	
      8946.43822	     6.22208e-17	
      8948.33667	     6.18182e-17	
      8950.23512	     6.29673e-17	
      8952.13357	     6.39561e-17	
      8954.03202	     7.22153e-17	
      8955.93047	     7.26450e-17	
      8957.82891	     7.32982e-17	
      8959.72736	     7.37018e-17	
      8961.62581	     6.56237e-17	
      8963.52426	     5.96862e-17	
      8965.42271	     6.35050e-17	
      8967.32116	     6.61955e-17	
      8969.21961	     6.62540e-17	
      8971.11806	     6.52468e-17	
      8973.01651	     6.67324e-17	
      8974.91496	     7.15367e-17	
      8976.81341	     7.21834e-17	
      8978.71186	     7.15322e-17	
      8980.61031	     7.20128e-17	
      8982.50875	     7.28380e-17	
      8984.40720	     7.85823e-17	
      8986.30565	     7.66978e-17	
      8988.20410	     7.03800e-17	
      8990.10255	     6.89170e-17	
      8992.00100	     7.08910e-17	
      8993.89945	     6.90909e-17	
      8995.79790	     6.75910e-17	
      8997.69635	     6.71517e-17	
      8999.59480	     6.84816e-17	
      9001.49325	     7.83011e-17	
      9003.39170	     8.39897e-17	
      9005.29015	     7.82410e-17	
      9007.18859	     7.32103e-17	
      9009.08704	     7.60377e-17	
      9010.98549	     7.67242e-17	
      9012.88394	     7.36081e-17	
      9014.78239	     7.40332e-17	
      9016.68084	     6.93319e-17	
      9018.57929	     6.87140e-17	
      9020.47774	     6.72966e-17	
      9022.37619	     6.16813e-17	
      9024.27464	     5.98189e-17	
      9026.17309	     6.41046e-17	
      9028.07154	     6.66914e-17	
      9029.96998	     6.91243e-17	
      9031.86843	     7.23452e-17	
      9033.76688	     7.49750e-17	
      9035.66533	     8.11890e-17	
      9037.56378	     8.18318e-17	
      9039.46223	     8.01631e-17	
      9041.36068	     7.81676e-17	
      9043.25913	     7.81136e-17	
      9045.15758	     8.04360e-17	
      9047.05603	     7.96692e-17	
      9048.95448	     7.45450e-17	
      9050.85293	     7.16887e-17	
      9052.75138	     7.27511e-17	
      9054.64982	     7.04986e-17	
      9056.54827	     6.69543e-17	
      9058.44672	     6.50177e-17	
      9060.34517	     6.36188e-17	
      9062.24362	     6.39713e-17	
      9064.14207	     6.67170e-17	
      9066.04052	     6.62001e-17	
      9067.93897	     6.62415e-17	
      9069.83742	     6.60141e-17	
      9071.73587	     6.71081e-17	
      9073.63432	     7.07416e-17	
      9075.53277	     7.45473e-17	
      9077.43122	     7.38150e-17	
      9079.32966	     7.44259e-17	
      9081.22811	     7.32434e-17	
      9083.12656	     7.38646e-17	
      9085.02501	     7.62296e-17	
      9086.92346	     7.77207e-17	
      9088.82191	     7.45547e-17	
      9090.72036	     7.55748e-17	
      9092.61881	     7.75461e-17	
      9094.51726	     8.24975e-17	
      9096.41571	     8.08896e-17	
      9098.31416	     8.23209e-17	
      9100.21261	     8.30881e-17	
      9102.11106	     8.22374e-17	
      9104.00950	     7.74091e-17	
      9105.90795	     8.06849e-17	
      9107.80640	     8.06602e-17	
      9109.70485	     8.43367e-17	
      9111.60330	     8.49388e-17	
      9113.50175	     8.07984e-17	
      9115.40020	     8.53650e-17	
      9117.29865	     8.92991e-17	
      9119.19710	     8.49446e-17	
      9121.09555	     8.46421e-17	
      9122.99400	     8.40679e-17	
      9124.89245	     8.64824e-17	
      9126.79090	     8.75200e-17	
      9128.68934	     8.67430e-17	
      9130.58779	     8.68425e-17	
      9132.48624	     8.88777e-17	
      9134.38469	     8.89916e-17	
      9136.28314	     8.29033e-17	
      9138.18159	     7.94591e-17	
      9140.08004	     8.10294e-17	
      9141.97849	     8.54991e-17	
      9143.87694	     8.81829e-17	
      9145.77539	     8.65176e-17	
      9147.67384	     8.47901e-17	
      9149.57229	     8.32836e-17	
      9151.47074	     8.87483e-17	
      9153.36918	     9.63003e-17	
      9155.26763	     9.90084e-17	
      9157.16608	     9.96430e-17	
      9159.06453	     9.62438e-17	
      9160.96298	     9.08054e-17	
      9162.86143	     8.80762e-17	
      9164.75988	     9.10847e-17	
      9166.65833	     9.37850e-17	
      9168.55678	     8.91375e-17	
      9170.45523	     8.69958e-17	
      9172.35368	     8.71445e-17	
      9174.25213	     8.55169e-17	
      9176.15058	     8.79026e-17	
      9178.04902	     9.10628e-17	
      9179.94747	     9.06434e-17	
      9181.84592	     8.94132e-17	
      9183.74437	     9.11185e-17	
      9185.64282	     9.49824e-17	
      9187.54127	     9.59096e-17	
      9189.43972	     9.84328e-17	
      9191.33817	     9.81099e-17	
      9193.23662	     9.77388e-17	
      9195.13507	     9.87615e-17	
      9197.03352	     1.03523e-16	
      9198.93197	     1.03119e-16	
      9200.83042	     9.88834e-17	
      9202.72886	     1.01363e-16	
      9204.62731	     9.50120e-17	
      9206.52576	     8.84938e-17	
      9208.42421	     8.59613e-17	
      9210.32266	     8.97791e-17	
      9212.22111	     9.17447e-17	
      9214.11956	     9.15212e-17	
      9216.01801	     9.15869e-17	
      9217.91646	     9.26330e-17	
      9219.81491	     9.47561e-17	
      9221.71336	     9.41133e-17	
      9223.61181	     9.16439e-17	
      9225.51026	     8.93537e-17	
      9227.40870	     8.71575e-17	
      9229.30715	     8.55935e-17	
      9231.20560	     8.77470e-17	
      9233.10405	     8.54226e-17	
      9235.00250	     8.61091e-17	
      9236.90095	     8.91685e-17	
      9238.79940	     9.10051e-17	
      9240.69785	     9.56734e-17	
      9242.59630	     9.21777e-17	
      9244.49475	     9.06822e-17	
      9246.39320	     8.56799e-17	
      9248.29165	     8.42552e-17	
      9250.19010	     8.33568e-17	
      9252.08854	     8.90023e-17	
      9253.98699	     9.56094e-17	
      9255.88544	     9.78111e-17	
      9257.78389	     9.53485e-17	
      9259.68234	     8.95611e-17	
      9261.58079	     9.10813e-17	
      9263.47924	     9.26050e-17	
      9265.37769	     9.82177e-17	
      9267.27614	     9.61821e-17	
      9269.17459	     9.69620e-17	
      9271.07304	     9.35125e-17	
      9272.97149	     8.40854e-17	
      9274.86993	     7.97439e-17	
      9276.76838	     7.93042e-17	
      9278.66683	     8.48755e-17	
      9280.56528	     8.59661e-17	
      9282.46373	     8.64952e-17	
      9284.36218	     9.14859e-17	
      9286.26063	     8.84161e-17	
      9288.15908	     8.64938e-17	
      9290.05753	     8.85110e-17	
      9291.95598	     9.15436e-17	
      9293.85443	     8.73226e-17	
      9295.75288	     8.04217e-17	
      9297.65133	     7.73584e-17	
      9299.54977	     7.74069e-17	
      9301.44822	     7.87293e-17	
      9303.34667	     7.59695e-17	
      9305.24512	     7.88389e-17	
      9307.14357	     8.23824e-17	
      9309.04202	     9.25417e-17	
      9310.94047	     8.91297e-17	
      9312.83892	     8.40498e-17	
      9314.73737	     8.85021e-17	
      9316.63582	     8.52723e-17	
      9318.53427	     7.95705e-17	
      9320.43272	     7.80214e-17	
      9322.33117	     8.08642e-17	
      9324.22961	     8.06705e-17	
      9326.12806	     8.16674e-17	
      9328.02651	     8.85629e-17	
      9329.92496	     8.03541e-17	
      9331.82341	     7.13276e-17	
      9333.72186	     7.79105e-17	
      9335.62031	     8.45289e-17	
      9337.51876	     7.91019e-17	
      9339.41721	     7.11239e-17	
      9341.31566	     7.18572e-17	
      9343.21411	     8.24568e-17	
      9345.11256	     8.34175e-17	
      9347.01101	     8.67552e-17	
      9348.90945	     8.62076e-17	
      9350.80790	     7.92214e-17	
      9352.70635	     7.88891e-17	
      9354.60480	     7.65884e-17	
      9356.50325	     8.25148e-17	
      9358.40170	     8.77731e-17	
      9360.30015	     9.10460e-17	
      9362.19860	     8.87828e-17	
      9364.09705	     8.52874e-17	
      9365.99550	     7.73126e-17	
      9367.89395	     7.32023e-17	
      9369.79240	     7.38875e-17	
      9371.69085	     8.58999e-17	
      9373.58929	     8.62747e-17	
      9375.48774	     7.44847e-17	
      9377.38619	     7.99117e-17	
      9379.28464	     8.64165e-17	
      9381.18309	     8.41807e-17	
      9383.08154	     8.16699e-17	
      9384.97999	     8.44185e-17	
      9386.87844	     8.93015e-17	
      9388.77689	     9.21668e-17	
      9390.67534	     9.77347e-17	
      9392.57379	     9.82039e-17	
      9394.47224	     9.10213e-17	
      9396.37069	     8.98360e-17	
      9398.26913	     9.57851e-17	
      9400.16758	     9.90318e-17	
      9402.06603	     9.76607e-17	
      9403.96448	     9.97222e-17	
      9405.86293	     1.02202e-16	
      9407.76138	     1.03555e-16	
      9409.65983	     1.01441e-16	
      9411.55828	     9.77322e-17	
      9413.45673	     9.10350e-17	
      9415.35518	     8.91977e-17	
      9417.25363	     8.95685e-17	
      9419.15208	     8.72815e-17	
      9421.05053	     8.97683e-17	
      9422.94897	     8.56023e-17	
      9424.84742	     8.44052e-17	
      9426.74587	     8.52924e-17	
      9428.64432	     8.98997e-17	
      9430.54277	     9.71640e-17	
      9432.44122	     1.08187e-16	
      9434.33967	     9.88820e-17	
      9436.23812	     9.47179e-17	
      9438.13657	     9.96345e-17	
      9440.03502	     1.00811e-16	
      9441.93347	     9.49424e-17	
      9443.83192	     9.49548e-17	
      9445.73037	     9.82182e-17	
      9447.62881	     9.72749e-17	
      9449.52726	     9.88609e-17	
      9451.42571	     9.54932e-17	
      9453.32416	     9.18799e-17	
      9455.22261	     9.16736e-17	
      9457.12106	     8.39245e-17	
      9459.01951	     9.46237e-17	
      9460.91796	     9.62033e-17	
      9462.81641	     9.34596e-17	
      9464.71486	     1.01961e-16	
      9466.61331	     1.07097e-16	
      9468.51176	     1.01824e-16	
      9470.41021	     1.05289e-16	
      9472.30865	     1.17144e-16	
      9474.20710	     1.15139e-16	
      9476.10555	     1.08730e-16	
      9478.00400	     1.04212e-16	
      9479.90245	     1.00859e-16	
      9481.80090	     1.00556e-16	
      9483.69935	     1.02108e-16	
      9485.59780	     1.11827e-16	
      9487.49625	     1.15700e-16	
      9489.39470	     1.10799e-16	
      9491.29315	     1.06200e-16	
      9493.19160	     1.02175e-16	
      9495.09005	     1.02762e-16	
      9496.98849	     1.06730e-16	
      9498.88694	     1.02397e-16	
      9500.78539	     1.07831e-16	
      9502.68384	     1.18516e-16	
      9504.58229	     1.20183e-16	
      9506.48074	     1.19754e-16	
      9508.37919	     1.16463e-16	
      9510.27764	     1.12592e-16	
      9512.17609	     1.02519e-16	
      9514.07454	     9.74280e-17	
      9515.97299	     1.02512e-16	
      9517.87144	     1.03119e-16	
      9519.76988	     1.03614e-16	
      9521.66833	     1.09357e-16	
      9523.56678	     1.09200e-16	
      9525.46523	     1.11466e-16	
      9527.36368	     1.15108e-16	
      9529.26213	     1.14514e-16	
      9531.16058	     1.16499e-16	
      9533.05903	     1.10215e-16	
      9534.95748	     1.05474e-16	
      9536.85593	     1.10442e-16	
      9538.75438	     1.11798e-16	
      9540.65283	     1.04545e-16	
      9542.55128	     1.09401e-16	
      9544.44972	     1.11556e-16	
      9546.34817	     1.16038e-16	
      9548.24662	     1.15313e-16	
      9550.14507	     1.10745e-16	
      9552.04352	     1.03518e-16	
      9553.94197	     1.10679e-16	
      9555.84042	     1.19132e-16	
      9557.73887	     1.20530e-16	
      9559.63732	     1.19801e-16	
      9561.53577	     1.19641e-16	
      9563.43422	     1.21689e-16	
      9565.33267	     1.24878e-16	
      9567.23112	     1.29486e-16	
      9569.12956	     1.28130e-16	
      9571.02801	     1.21296e-16	
      9572.92646	     1.18738e-16	
      9574.82491	     1.18232e-16	
      9576.72336	     1.14734e-16	
      9578.62181	     1.12638e-16	
      9580.52026	     1.15057e-16	
      9582.41871	     1.12222e-16	
      9584.31716	     1.09499e-16	
      9586.21561	     1.05088e-16	
      9588.11406	     1.00174e-16	
      9590.01251	     1.03939e-16	
      9591.91096	     1.08971e-16	
      9593.80940	     1.06926e-16	
      9595.70785	     1.04900e-16	
      9597.60630	     1.06020e-16	
      9599.50475	     1.07549e-16	
      9601.40320	     1.06284e-16	
      9603.30165	     1.08630e-16	
      9605.20010	     1.18279e-16	
      9607.09855	     1.20415e-16	
      9608.99700	     1.20287e-16	
      9610.89545	     1.11666e-16	
      9612.79390	     1.14104e-16	
      9614.69235	     1.14761e-16	
      9616.59080	     1.10782e-16	
      9618.48924	     1.16492e-16	
      9620.38769	     1.13902e-16	
      9622.28614	     1.13230e-16	
      9624.18459	     1.16123e-16	
      9626.08304	     1.15146e-16	
      9627.98149	     1.11665e-16	
      9629.87994	     1.11054e-16	
      9631.77839	     1.12291e-16	
      9633.67684	     1.02807e-16	
      9635.57529	     9.23400e-17	
      9637.47374	     8.94187e-17	
      9639.37219	     9.46846e-17	
      9641.27064	     1.00593e-16	
      9643.16908	     1.04552e-16	
      9645.06753	     1.10549e-16	
      9646.96598	     1.03508e-16	
      9648.86443	     1.04334e-16	
      9650.76288	     1.11818e-16	
      9652.66133	     1.12615e-16	
      9654.55978	     1.11518e-16	
      9656.45823	     1.10288e-16	
      9658.35668	     1.13358e-16	
      9660.25513	     1.22644e-16	
      9662.15358	     1.15107e-16	
      9664.05203	     1.13425e-16	
      9665.95048	     1.21085e-16	
      9667.84892	     1.21932e-16	
      9669.74737	     1.15553e-16	
      9671.64582	     1.18010e-16	
      9673.54427	     1.16528e-16	
      9675.44272	     1.20198e-16	
      9677.34117	     1.17787e-16	
      9679.23962	     1.18375e-16	
      9681.13807	     1.23991e-16	
      9683.03652	     1.19101e-16	
      9684.93497	     1.21514e-16	
      9686.83342	     1.25652e-16	
      9688.73187	     1.25721e-16	
      9690.63032	     1.25082e-16	
      9692.52876	     1.33913e-16	
      9694.42721	     1.41989e-16	
      9696.32566	     1.32990e-16	
      9698.22411	     1.33207e-16	
      9700.12256	     1.45222e-16	
      9702.02101	     1.36091e-16	
      9703.91946	     1.25954e-16	
      9705.81791	     1.18121e-16	
      9707.71636	     1.34530e-16	
      9709.61481	     1.34549e-16	
      9711.51326	     1.38445e-16	
      9713.41171	     1.43147e-16	
      9715.31016	     1.45115e-16	
      9717.20860	     1.32248e-16	
      9719.10705	     1.28527e-16	
      9721.00550	     1.30823e-16	
      9722.90395	     1.37885e-16	
      9724.80240	     1.30877e-16	
      9726.70085	     1.28640e-16	
      9728.59930	     1.33361e-16	
      9730.49775	     1.25742e-16	
      9732.39620	     1.32263e-16	
      9734.29465	     1.37900e-16	
      9736.19310	     1.41900e-16	
      9738.09155	     1.28320e-16	
      9739.98999	     1.36048e-16	
      9741.88844	     1.34834e-16	
      9743.78689	     1.24855e-16	
      9745.68534	     1.31973e-16	
      9747.58379	     1.28276e-16	
      9749.48224	     1.24715e-16	
      9751.38069	     1.34949e-16	
      9753.27914	     1.38422e-16	
      9755.17759	     1.36630e-16	
      9757.07604	     1.39185e-16	
      9758.97449	     1.33785e-16	
      9760.87294	     1.28916e-16	
      9762.77139	     1.34142e-16	
      9764.66983	     1.46419e-16	
      9766.56828	     1.42079e-16	
      9768.46673	     1.36804e-16	
      9770.36518	     1.47215e-16	
      9772.26363	     1.38449e-16	
      9774.16208	     1.32111e-16	
      9776.06053	     1.33771e-16	
      9777.95898	     1.32106e-16	
      9779.85743	     1.36746e-16	
      9781.75588	     1.29077e-16	
      9783.65433	     1.34659e-16	
      9785.55278	     1.41905e-16	
      9787.45123	     1.52269e-16	
      9789.34967	     1.76584e-16	
      9791.24812	     1.90460e-16	
      9793.14657	     1.63196e-16	
      9795.04502	     1.68898e-16	
      9796.94347	     1.55447e-16	
      9798.84192	     1.51570e-16	
      9800.74037	     1.50192e-16	
      9802.63882	     1.36635e-16	
      9804.53727	     1.40730e-16	
      9806.43572	     1.54344e-16	
      9808.33417	     1.54042e-16	
      9810.23262	     1.43984e-16	
      9812.13107	     1.44079e-16	
      9814.02951	     1.47165e-16	
      9815.92796	     1.40749e-16	
      9817.82641	     1.30575e-16	
      9819.72486	     1.32885e-16	
      9821.62331	     1.36222e-16	
      9823.52176	     1.35929e-16	
      9825.42021	     1.36020e-16	
      9827.31866	     1.36832e-16	
      9829.21711	     1.43681e-16	
      9831.11556	     1.41386e-16	
      9833.01401	     1.43766e-16	
      9834.91246	     1.41045e-16	
      9836.81091	     1.43146e-16	
      9838.70935	     1.51732e-16	
      9840.60780	     1.49793e-16	
      9842.50625	     1.45503e-16	
      9844.40470	     1.51671e-16	
      9846.30315	     1.50297e-16	
      9848.20160	     1.39261e-16	
      9850.10005	     1.43937e-16	
      9851.99850	     1.54870e-16	
      9853.89695	     1.51100e-16	
      9855.79540	     1.46014e-16	
      9857.69385	     1.45300e-16	
      9859.59230	     1.50860e-16	
      9861.49075	     1.46200e-16	
      9863.38919	     1.53197e-16	
      9865.28764	     1.63255e-16	
      9867.18609	     1.55845e-16	
      9869.08454	     1.47721e-16	
      9870.98299	     1.50077e-16	
      9872.88144	     1.48054e-16	
      9874.77989	     1.52219e-16	
      9876.67834	     1.54508e-16	
      9878.57679	     1.57531e-16	
      9880.47524	     1.60814e-16	
      9882.37369	     1.60931e-16	
      9884.27214	     1.68841e-16	
      9886.17059	     1.72993e-16	
      9888.06903	     1.62514e-16	
      9889.96748	     1.49769e-16	
      9891.86593	     1.36692e-16	
      9893.76438	     1.34937e-16	
      9895.66283	     1.16789e-16	
      9897.56128	     1.13623e-16	
      9899.45973	     1.08712e-16	
      9901.35818	     8.41746e-17	
      9903.25663	     8.13960e-17	
      9905.15508	     7.41526e-17	
      9907.05353	     7.42733e-17	
      9908.95198	     8.51673e-17	
      9910.85043	     8.36197e-17	
      9912.74887	     8.41495e-17	
      9914.64732	     8.17526e-17	
      9916.54577	     9.01196e-17	
      9918.44422	     8.78907e-17	
      9920.34267	     6.58068e-17	
      9922.24112	     7.00556e-17	
      9924.13957	     7.37991e-17	
      9926.03802	     6.99487e-17	
      9927.93647	     8.05848e-17	
      9929.83492	     9.03214e-17	
      9931.73337	     8.00538e-17	
      9933.63182	     8.09668e-17	
      9935.53027	     9.49393e-17	
      9937.42871	     1.05059e-16	
      9939.32716	     1.13413e-16	
      9941.22561	     9.54095e-17	
      9943.12406	     7.12028e-17	
      9945.02251	     7.58857e-17	
      9946.92096	     8.83916e-17	
      9948.81941	     9.02331e-17	
      9950.71786	     8.79807e-17	
      9952.61631	     9.65134e-17	
      9954.51476	     1.03049e-16	
      9956.41321	     1.07257e-16	
      9958.31166	     1.03027e-16	
      9960.21011	     1.00055e-16	
      9962.10855	     9.36921e-17	
      9964.00700	     1.08675e-16	
      9965.90545	     1.24218e-16	
      9967.80390	     1.10976e-16	
      9969.70235	     9.93884e-17	
      9971.60080	     8.93194e-17	
      9973.49925	     8.68302e-17	
      9975.39770	     9.05025e-17	
      9977.29615	     9.99440e-17	
      9979.19460	     1.01754e-16	
      9981.09305	     9.79840e-17	
      9982.99150	     9.82804e-17	
      9984.88994	     1.03651e-16	
      9986.78839	     1.01158e-16	
      9988.68684	     9.34143e-17	
      9990.58529	     1.02587e-16	
      9992.48374	     1.02649e-16	
      9994.38219	     1.02138e-16	
      9996.28064	     1.01353e-16	
      9998.17909	     1.12598e-16	
     10000.07754	     1.22132e-16	
     10001.97599	     1.29606e-16	
     10003.87444	     1.29532e-16	
     10005.77289	     1.21982e-16	
     10007.67134	     1.04683e-16	
     10009.56978	     9.35762e-17	
     10011.46823	     1.17029e-16	
     10013.36668	     1.19736e-16	
     10015.26513	     1.26712e-16	
     10017.16358	     1.27930e-16	
     10019.06203	     1.14989e-16	
     10020.96048	     1.16115e-16	
     10022.85893	     1.32663e-16	
     10024.75738	     1.33898e-16	
     10026.65583	     1.14834e-16	
     10028.55428	     1.17091e-16	
     10030.45273	     1.18833e-16	
     10032.35118	     1.27289e-16	
     10034.24962	     1.28779e-16	
     10036.14807	     1.25693e-16	
     10038.04652	     1.12495e-16	
     10039.94497	     1.09626e-16	
     10041.84342	     1.17821e-16	
     10043.74187	     1.26520e-16	
     10045.64032	     1.13704e-16	
     10047.53877	     1.05188e-16	
     10049.43722	     1.15701e-16	
     10051.33567	     1.07447e-16	
     10053.23412	     1.04293e-16	
     10055.13257	     1.03573e-16	
     10057.03102	     1.03276e-16	
     10058.92946	     1.09387e-16	
     10060.82791	     1.12407e-16	
     10062.72636	     1.19451e-16	
     10064.62481	     1.17862e-16	
     10066.52326	     1.20596e-16	
     10068.42171	     1.33407e-16	
     10070.32016	     1.39482e-16	
     10072.21861	     1.36669e-16	
     10074.11706	     1.34664e-16	
     10076.01551	     1.29955e-16	
     10077.91396	     1.31507e-16	
     10079.81241	     1.44737e-16	
     10081.71086	     1.38772e-16	
     10083.60930	     1.31803e-16	
     10085.50775	     1.27642e-16	
     10087.40620	     1.22404e-16	
     10089.30465	     1.29550e-16	
     10091.20310	     1.29786e-16	
     10093.10155	     1.17551e-16	
     10095.00000	     1.34458e-16	
#time:0.025541
