# Keck LRIS spectra of late-M, L and T dwarfs
# spty = L6  (Spectral type)
#
#     WAVELENGTH	#            FLUX	
#     (ANGSTROM)	#   (ERG/CM2/S/A)	
################	#################	
      6360.00000	      3.95670e-19	
      6361.90095	      1.86996e-18	
      6363.80190	      2.40925e-18	
      6365.70285	      1.14684e-18	
      6367.60380	      2.87109e-18	
      6369.50475	      1.83838e-18	
      6371.40570	      1.07919e-18	
      6373.30665	      2.81455e-19	
      6375.20760	      9.30356e-19	
      6377.10855	      1.29702e-18	
      6379.00950	      7.96160e-19	
      6380.91045	      7.78121e-19	
      6382.81141	      8.67479e-19	
      6384.71236	      1.15955e-18	
      6386.61331	      1.26032e-18	
      6388.51426	      1.57779e-18	
      6390.41521	      9.51777e-19	
      6392.31616	      1.18658e-18	
      6394.21711	      1.55822e-18	
      6396.11806	      9.76797e-19	
      6398.01901	      1.07658e-18	
      6399.91996	      8.54420e-19	
      6401.82091	      4.96417e-19	
      6403.72186	      9.62800e-19	
      6405.62281	      1.26894e-18	
      6407.52376	      1.01535e-18	
      6409.42471	      1.66632e-18	
      6411.32566	      1.79892e-18	
      6413.22661	      6.12394e-19	
      6415.12756	      1.08074e-18	
      6417.02851	      1.45479e-18	
      6418.92946	      1.18524e-18	
      6420.83041	      9.43860e-19	
      6422.73136	      9.54048e-19	
      6424.63231	      1.36415e-18	
      6426.53327	      1.16997e-18	
      6428.43422	      4.69345e-19	
      6430.33517	      8.25196e-19	
      6432.23612	      1.77201e-18	
      6434.13707	      1.32421e-18	
      6436.03802	      6.09818e-19	
      6437.93897	      6.10015e-19	
      6439.83992	      8.40847e-19	
      6441.74087	      6.20206e-19	
      6443.64182	      1.54211e-19	
      6445.54277	      1.50856e-18	
      6447.44372	      1.82625e-18	
      6449.34467	      1.31394e-18	
      6451.24562	      1.34792e-18	
      6453.14657	      5.70304e-19	
      6455.04752	      8.26233e-19	
      6456.94847	      7.75993e-19	
      6458.84942	      8.35185e-19	
      6460.75037	      5.32136e-19	
      6462.65132	      1.80155e-18	
      6464.55227	      2.41175e-18	
      6466.45322	      1.10058e-18	
      6468.35417	      2.06111e-18	
      6470.25513	      1.52682e-18	
      6472.15608	      9.84386e-19	
      6474.05703	      3.20810e-19	
      6475.95798	      3.75862e-19	
      6477.85893	      1.23596e-18	
      6479.75988	      1.92312e-18	
      6481.66083	      2.28507e-18	
      6483.56178	      1.13014e-18	
      6485.46273	      1.76172e-18	
      6487.36368	      1.14358e-18	
      6489.26463	      1.90670e-18	
      6491.16558	      2.03394e-18	
      6493.06653	      2.02552e-18	
      6494.96748	      1.29382e-18	
      6496.86843	      7.44021e-19	
      6498.76938	      1.00069e-18	
      6500.67033	      1.50137e-18	
      6502.57128	      1.80547e-18	
      6504.47223	      1.50304e-18	
      6506.37318	      1.13992e-18	
      6508.27413	      1.71604e-18	
      6510.17508	      1.95064e-18	
      6512.07603	      1.41059e-18	
      6513.97698	      3.25755e-19	
      6515.87794	      1.01066e-18	
      6517.77889	      1.37401e-18	
      6519.67984	      1.30171e-18	
      6521.58079	      9.48271e-19	
      6523.48174	      8.56905e-19	
      6525.38269	      1.73623e-18	
      6527.28364	      1.43304e-18	
      6529.18459	      1.08311e-18	
      6531.08554	     -3.41029e-19	
      6532.98649	      1.26638e-18	
      6534.88744	      1.48261e-18	
      6536.78839	      1.83436e-18	
      6538.68934	      2.33851e-18	
      6540.59029	      1.25179e-18	
      6542.49124	      1.99242e-18	
      6544.39219	      1.60790e-18	
      6546.29314	      1.68926e-18	
      6548.19409	      1.63910e-18	
      6550.09504	      3.06945e-18	
      6551.99599	      2.24195e-18	
      6553.89694	      1.43724e-18	
      6555.79789	      1.83663e-18	
      6557.69884	      1.73459e-18	
      6559.59980	      1.54403e-18	
      6561.50075	      1.74976e-18	
      6563.40170	      1.89435e-18	
      6565.30265	      1.60780e-18	
      6567.20360	      1.81708e-18	
      6569.10455	      1.48389e-18	
      6571.00550	      1.66020e-18	
      6572.90645	      2.20878e-18	
      6574.80740	      1.99763e-18	
      6576.70835	      7.67344e-19	
      6578.60930	      1.53845e-18	
      6580.51025	      1.85052e-18	
      6582.41120	      1.10076e-18	
      6584.31215	      1.43347e-18	
      6586.21310	      1.44047e-18	
      6588.11405	      1.59267e-18	
      6590.01500	      1.44807e-18	
      6591.91595	      1.88880e-18	
      6593.81690	      1.98685e-18	
      6595.71785	      1.84025e-18	
      6597.61880	      1.45859e-18	
      6599.51975	      1.43367e-18	
      6601.42070	      2.75663e-18	
      6603.32166	      2.20668e-18	
      6605.22261	      2.27878e-18	
      6607.12356	      1.50045e-18	
      6609.02451	      1.49537e-18	
      6610.92546	      2.64692e-18	
      6612.82641	      1.71584e-18	
      6614.72736	      1.68978e-18	
      6616.62831	      2.33195e-18	
      6618.52926	      1.50999e-18	
      6620.43021	      2.00188e-18	
      6622.33116	      1.55341e-18	
      6624.23211	      1.94069e-18	
      6626.13306	      1.59821e-18	
      6628.03401	      2.52176e-18	
      6629.93496	      3.07718e-18	
      6631.83591	      2.45242e-18	
      6633.73686	      2.41832e-18	
      6635.63781	      1.38927e-18	
      6637.53876	      1.18955e-18	
      6639.43971	      1.78875e-18	
      6641.34066	      2.26271e-18	
      6643.24161	      3.15800e-18	
      6645.14256	      2.31664e-18	
      6647.04352	      1.85519e-18	
      6648.94447	      2.36260e-18	
      6650.84542	      1.66128e-18	
      6652.74637	      1.42476e-18	
      6654.64732	      2.26667e-18	
      6656.54827	      2.88813e-18	
      6658.44922	      3.03955e-18	
      6660.35017	      2.06661e-18	
      6662.25112	      2.15537e-18	
      6664.15207	      2.50665e-18	
      6666.05302	      2.31728e-18	
      6667.95397	      2.28228e-18	
      6669.85492	      2.33553e-18	
      6671.75587	      1.93205e-18	
      6673.65682	      2.38982e-18	
      6675.55777	      2.01537e-18	
      6677.45872	      1.67726e-18	
      6679.35967	      2.26775e-18	
      6681.26062	      2.30351e-18	
      6683.16157	      2.29637e-18	
      6685.06252	      3.08397e-18	
      6686.96347	      2.35605e-18	
      6688.86442	      1.91122e-18	
      6690.76538	      2.01458e-18	
      6692.66633	      2.27560e-18	
      6694.56728	      1.65293e-18	
      6696.46823	      1.71809e-18	
      6698.36918	      1.95798e-18	
      6700.27013	      1.91905e-18	
      6702.17108	      2.04148e-18	
      6704.07203	      2.16646e-18	
      6705.97298	      1.06629e-18	
      6707.87393	      3.58035e-19	
      6709.77488	      1.37667e-18	
      6711.67583	      1.05286e-18	
      6713.57678	      9.63171e-19	
      6715.47773	      2.03961e-18	
      6717.37868	      1.72775e-18	
      6719.27963	      1.92683e-18	
      6721.18058	      1.65954e-18	
      6723.08153	      2.21680e-18	
      6724.98248	      2.40922e-18	
      6726.88343	      2.72372e-18	
      6728.78438	      2.29843e-18	
      6730.68533	      1.91104e-18	
      6732.58628	      1.60194e-18	
      6734.48724	      2.75753e-18	
      6736.38819	      2.74319e-18	
      6738.28914	      3.20083e-18	
      6740.19009	      2.42428e-18	
      6742.09104	      2.05954e-18	
      6743.99199	      2.69600e-18	
      6745.89294	      3.39779e-18	
      6747.79389	      2.84601e-18	
      6749.69484	      3.32451e-18	
      6751.59579	      3.62993e-18	
      6753.49674	      3.78868e-18	
      6755.39769	      3.20854e-18	
      6757.29864	      2.90667e-18	
      6759.19959	      2.52652e-18	
      6761.10054	      3.12981e-18	
      6763.00149	      2.81627e-18	
      6764.90244	      3.05022e-18	
      6766.80339	      3.14152e-18	
      6768.70434	      3.19980e-18	
      6770.60529	      3.43967e-18	
      6772.50624	      4.00612e-18	
      6774.40719	      2.85323e-18	
      6776.30814	      3.37893e-18	
      6778.20910	      3.15247e-18	
      6780.11005	      2.95507e-18	
      6782.01100	      2.43103e-18	
      6783.91195	      2.68949e-18	
      6785.81290	      2.66003e-18	
      6787.71385	      2.40396e-18	
      6789.61480	      2.36992e-18	
      6791.51575	      3.06649e-18	
      6793.41670	      2.95608e-18	
      6795.31765	      3.02802e-18	
      6797.21860	      3.15476e-18	
      6799.11955	      3.13369e-18	
      6801.02050	      3.63182e-18	
      6802.92145	      3.16553e-18	
      6804.82240	      3.76668e-18	
      6806.72335	      3.43535e-18	
      6808.62430	      3.18537e-18	
      6810.52525	      3.28789e-18	
      6812.42620	      3.10946e-18	
      6814.32715	      3.39588e-18	
      6816.22810	      3.15437e-18	
      6818.12905	      3.29021e-18	
      6820.03000	      3.49280e-18	
      6821.93095	      3.34920e-18	
      6823.83191	      3.07903e-18	
      6825.73286	      2.67136e-18	
      6827.63381	      3.09059e-18	
      6829.53476	      3.15038e-18	
      6831.43571	      3.16332e-18	
      6833.33666	      3.58485e-18	
      6835.23761	      4.07452e-18	
      6837.13856	      3.77593e-18	
      6839.03951	      2.89690e-18	
      6840.94046	      2.52526e-18	
      6842.84141	      3.42518e-18	
      6844.74236	      4.04711e-18	
      6846.64331	      3.22493e-18	
      6848.54426	      3.48123e-18	
      6850.44521	      3.36343e-18	
      6852.34616	      3.08921e-18	
      6854.24711	      3.23122e-18	
      6856.14806	      3.33191e-18	
      6858.04901	      3.59624e-18	
      6859.94996	      3.70038e-18	
      6861.85091	      3.00283e-18	
      6863.75186	      3.20849e-18	
      6865.65281	      2.51301e-18	
      6867.55377	      3.22677e-18	
      6869.45472	      2.84028e-18	
      6871.35567	      2.33096e-18	
      6873.25662	      2.53345e-18	
      6875.15757	      3.01167e-18	
      6877.05852	      3.13847e-18	
      6878.95947	      3.18760e-18	
      6880.86042	      3.41472e-18	
      6882.76137	      3.18437e-18	
      6884.66232	      3.92257e-18	
      6886.56327	      3.54113e-18	
      6888.46422	      2.53273e-18	
      6890.36517	      2.61669e-18	
      6892.26612	      2.56424e-18	
      6894.16707	      2.71461e-18	
      6896.06802	      2.61968e-18	
      6897.96897	      2.28908e-18	
      6899.86992	      2.49324e-18	
      6901.77087	      3.27088e-18	
      6903.67182	      3.11680e-18	
      6905.57277	      2.87890e-18	
      6907.47372	      3.37919e-18	
      6909.37467	      3.14174e-18	
      6911.27563	      2.76380e-18	
      6913.17658	      2.53638e-18	
      6915.07753	      1.99001e-18	
      6916.97848	      2.85047e-18	
      6918.87943	      2.61583e-18	
      6920.78038	      2.80137e-18	
      6922.68133	      2.68078e-18	
      6924.58228	      2.04464e-18	
      6926.48323	      3.02299e-18	
      6928.38418	      3.08229e-18	
      6930.28513	      2.51539e-18	
      6932.18608	      3.22315e-18	
      6934.08703	      2.83693e-18	
      6935.98798	      2.33357e-18	
      6937.88893	      2.23885e-18	
      6939.78988	      2.19971e-18	
      6941.69083	      2.97335e-18	
      6943.59178	      3.10982e-18	
      6945.49273	      2.78078e-18	
      6947.39368	      2.93474e-18	
      6949.29463	      2.93162e-18	
      6951.19558	      2.81036e-18	
      6953.09653	      3.73736e-18	
      6954.99749	      3.71269e-18	
      6956.89844	      3.60029e-18	
      6958.79939	      2.76858e-18	
      6960.70034	      2.96339e-18	
      6962.60129	      2.79067e-18	
      6964.50224	      3.18174e-18	
      6966.40319	      2.58239e-18	
      6968.30414	      1.94069e-18	
      6970.20509	      2.63950e-18	
      6972.10604	      2.72886e-18	
      6974.00699	      3.20386e-18	
      6975.90794	      2.88220e-18	
      6977.80889	      2.90363e-18	
      6979.70984	      3.54702e-18	
      6981.61079	      3.38130e-18	
      6983.51174	      3.11701e-18	
      6985.41269	      3.70257e-18	
      6987.31364	      4.36823e-18	
      6989.21459	      2.95577e-18	
      6991.11554	      2.88703e-18	
      6993.01649	      2.79534e-18	
      6994.91744	      2.94632e-18	
      6996.81839	      2.65959e-18	
      6998.71935	      2.26615e-18	
      7000.62030	      2.79154e-18	
      7002.52125	      2.88480e-18	
      7004.42220	      2.96626e-18	
      7006.32315	      3.57273e-18	
      7008.22410	      3.53174e-18	
      7010.12505	      3.10063e-18	
      7012.02600	      2.52111e-18	
      7013.92695	      2.52169e-18	
      7015.82790	      2.93504e-18	
      7017.72885	      2.49471e-18	
      7019.62980	      2.39749e-18	
      7021.53075	      3.01963e-18	
      7023.43170	      3.13758e-18	
      7025.33265	      3.08172e-18	
      7027.23360	      3.52070e-18	
      7029.13455	      2.76147e-18	
      7031.03550	      3.57817e-18	
      7032.93645	      2.95350e-18	
      7034.83740	      3.08370e-18	
      7036.73835	      3.28578e-18	
      7038.63930	      3.26660e-18	
      7040.54025	      2.90007e-18	
      7042.44121	      3.80636e-18	
      7044.34216	      3.46006e-18	
      7046.24311	      2.56624e-18	
      7048.14406	      3.66101e-18	
      7050.04501	      4.04395e-18	
      7051.94596	      3.30376e-18	
      7053.84691	      3.31995e-18	
      7055.74786	      4.14061e-18	
      7057.64881	      3.72213e-18	
      7059.54976	      3.24432e-18	
      7061.45071	      3.63368e-18	
      7063.35166	      3.15785e-18	
      7065.25261	      3.23402e-18	
      7067.15356	      3.40778e-18	
      7069.05451	      3.69637e-18	
      7070.95546	      4.21926e-18	
      7072.85641	      3.69507e-18	
      7074.75736	      3.34444e-18	
      7076.65831	      3.81352e-18	
      7078.55926	      4.08030e-18	
      7080.46021	      3.40282e-18	
      7082.36116	      3.84751e-18	
      7084.26211	      4.02417e-18	
      7086.16306	      3.31505e-18	
      7088.06402	      4.02843e-18	
      7089.96497	      3.78863e-18	
      7091.86592	      2.79564e-18	
      7093.76687	      3.31402e-18	
      7095.66782	      3.57380e-18	
      7097.56877	      3.92317e-18	
      7099.46972	      3.85564e-18	
      7101.37067	      3.34529e-18	
      7103.27162	      3.55142e-18	
      7105.17257	      3.14844e-18	
      7107.07352	      3.57798e-18	
      7108.97447	      3.29891e-18	
      7110.87542	      3.20126e-18	
      7112.77637	      3.61508e-18	
      7114.67732	      3.94422e-18	
      7116.57827	      3.59361e-18	
      7118.47922	      3.99822e-18	
      7120.38017	      4.19464e-18	
      7122.28112	      4.16134e-18	
      7124.18207	      4.19827e-18	
      7126.08302	      4.08467e-18	
      7127.98397	      4.69401e-18	
      7129.88492	      3.96456e-18	
      7131.78588	      3.61664e-18	
      7133.68683	      3.79036e-18	
      7135.58778	      3.90320e-18	
      7137.48873	      3.88565e-18	
      7139.38968	      3.50271e-18	
      7141.29063	      3.86058e-18	
      7143.19158	      3.94895e-18	
      7145.09253	      3.46452e-18	
      7146.99348	      4.02740e-18	
      7148.89443	      3.72831e-18	
      7150.79538	      4.02375e-18	
      7152.69633	      4.57664e-18	
      7154.59728	      4.15612e-18	
      7156.49823	      3.63636e-18	
      7158.39918	      3.65068e-18	
      7160.30013	      3.87746e-18	
      7162.20108	      4.04678e-18	
      7164.10203	      4.40792e-18	
      7166.00298	      4.70297e-18	
      7167.90393	      3.86728e-18	
      7169.80488	      3.56255e-18	
      7171.70583	      3.76866e-18	
      7173.60678	      3.94831e-18	
      7175.50774	      3.73034e-18	
      7177.40869	      3.65948e-18	
      7179.30964	      3.52570e-18	
      7181.21059	      3.95236e-18	
      7183.11154	      4.22850e-18	
      7185.01249	      4.08920e-18	
      7186.91344	      4.04164e-18	
      7188.81439	      3.79954e-18	
      7190.71534	      3.76541e-18	
      7192.61629	      3.60748e-18	
      7194.51724	      3.92246e-18	
      7196.41819	      3.93901e-18	
      7198.31914	      3.97026e-18	
      7200.22009	      4.54169e-18	
      7202.12104	      4.18185e-18	
      7204.02199	      3.70769e-18	
      7205.92294	      3.83557e-18	
      7207.82389	      4.07993e-18	
      7209.72484	      4.41679e-18	
      7211.62579	      4.75223e-18	
      7213.52674	      4.76379e-18	
      7215.42769	      4.26785e-18	
      7217.32864	      4.48947e-18	
      7219.22960	      4.36337e-18	
      7221.13055	      4.20813e-18	
      7223.03150	      4.19660e-18	
      7224.93245	      4.35709e-18	
      7226.83340	      4.19355e-18	
      7228.73435	      4.29339e-18	
      7230.63530	      4.30568e-18	
      7232.53625	      4.00927e-18	
      7234.43720	      4.32562e-18	
      7236.33815	      4.30954e-18	
      7238.23910	      3.48031e-18	
      7240.14005	      3.53718e-18	
      7242.04100	      4.10418e-18	
      7243.94195	      4.73715e-18	
      7245.84290	      4.64277e-18	
      7247.74385	      3.74800e-18	
      7249.64480	      3.52082e-18	
      7251.54575	      4.31387e-18	
      7253.44670	      4.22972e-18	
      7255.34765	      4.74339e-18	
      7257.24860	      4.80002e-18	
      7259.14955	      3.92542e-18	
      7261.05050	      4.40566e-18	
      7262.95146	      4.62553e-18	
      7264.85241	      5.53036e-18	
      7266.75336	      5.27087e-18	
      7268.65431	      3.92262e-18	
      7270.55526	      4.44273e-18	
      7272.45621	      5.60386e-18	
      7274.35716	      4.44425e-18	
      7276.25811	      2.92729e-18	
      7278.15906	      4.22622e-18	
      7280.06001	      3.75059e-18	
      7281.96096	      5.08661e-18	
      7283.86191	      4.37200e-18	
      7285.76286	      5.36198e-18	
      7287.66381	      3.80771e-18	
      7289.56476	      3.96667e-18	
      7291.46571	      4.33516e-18	
      7293.36666	      3.19697e-18	
      7295.26761	      3.94736e-18	
      7297.16856	      4.47649e-18	
      7299.06951	      5.12064e-18	
      7300.97046	      4.14607e-18	
      7302.87141	      3.50624e-18	
      7304.77236	      3.68560e-18	
      7306.67332	      3.56236e-18	
      7308.57427	      4.64249e-18	
      7310.47522	      4.37906e-18	
      7312.37617	      3.63484e-18	
      7314.27712	      4.05055e-18	
      7316.17807	      4.06585e-18	
      7318.07902	      3.97265e-18	
      7319.97997	      4.20298e-18	
      7321.88092	      4.22257e-18	
      7323.78187	      4.92970e-18	
      7325.68282	      4.78900e-18	
      7327.58377	      4.67242e-18	
      7329.48472	      4.04900e-18	
      7331.38567	      4.05332e-18	
      7333.28662	      4.33903e-18	
      7335.18757	      3.80827e-18	
      7337.08852	      4.32443e-18	
      7338.98947	      4.38820e-18	
      7340.89042	      3.83656e-18	
      7342.79137	      1.89113e-18	
      7344.69232	      3.26766e-18	
      7346.59327	      5.02935e-18	
      7348.49422	      4.70526e-18	
      7350.39517	      4.03293e-18	
      7352.29613	      3.87921e-18	
      7354.19708	      4.64512e-18	
      7356.09803	      4.18254e-18	
      7357.99898	      4.93152e-18	
      7359.89993	      4.20849e-18	
      7361.80088	      3.69832e-18	
      7363.70183	      4.25981e-18	
      7365.60278	      4.17818e-18	
      7367.50373	      4.00908e-18	
      7369.40468	      5.14152e-18	
      7371.30563	      3.67460e-18	
      7373.20658	      3.69719e-18	
      7375.10753	      4.11657e-18	
      7377.00848	      3.85175e-18	
      7378.90943	      3.77376e-18	
      7380.81038	      3.89152e-18	
      7382.71133	      3.16708e-18	
      7384.61228	      3.06237e-18	
      7386.51323	      3.70083e-18	
      7388.41418	      3.96827e-18	
      7390.31513	      3.32309e-18	
      7392.21608	      3.33504e-18	
      7394.11703	      4.40341e-18	
      7396.01799	      4.23753e-18	
      7397.91894	      4.36100e-18	
      7399.81989	      4.26377e-18	
      7401.72084	      4.68533e-18	
      7403.62179	      3.67698e-18	
      7405.52274	      3.66891e-18	
      7407.42369	      3.77579e-18	
      7409.32464	      3.41373e-18	
      7411.22559	      3.78414e-18	
      7413.12654	      4.05422e-18	
      7415.02749	      4.09054e-18	
      7416.92844	      3.97954e-18	
      7418.82939	      3.35264e-18	
      7420.73034	      3.68062e-18	
      7422.63129	      3.63511e-18	
      7424.53224	      3.71966e-18	
      7426.43319	      3.92351e-18	
      7428.33414	      3.27570e-18	
      7430.23509	      4.07866e-18	
      7432.13604	      3.67291e-18	
      7434.03699	      4.42867e-18	
      7435.93794	      3.58382e-18	
      7437.83889	      4.30334e-18	
      7439.73985	      2.27644e-18	
      7441.64080	      3.63218e-18	
      7443.54175	      2.97340e-18	
      7445.44270	      3.06585e-18	
      7447.34365	      2.67167e-18	
      7449.24460	      3.00171e-18	
      7451.14555	      3.67404e-18	
      7453.04650	      3.42556e-18	
      7454.94745	      3.20576e-18	
      7456.84840	      2.71160e-18	
      7458.74935	      3.06546e-18	
      7460.65030	      3.60735e-18	
      7462.55125	      2.84378e-18	
      7464.45220	      2.97311e-18	
      7466.35315	      2.84438e-18	
      7468.25410	      2.17557e-18	
      7470.15505	      2.36926e-18	
      7472.05600	      2.79002e-18	
      7473.95695	      3.48484e-18	
      7475.85790	      2.97668e-18	
      7477.75885	      1.98483e-18	
      7479.65980	      3.16948e-18	
      7481.56075	      3.81172e-18	
      7483.46171	      2.76216e-18	
      7485.36266	      2.38610e-18	
      7487.26361	      3.00794e-18	
      7489.16456	      3.27135e-18	
      7491.06551	      3.20088e-18	
      7492.96646	      2.44395e-18	
      7494.86741	      1.68953e-18	
      7496.76836	      2.05794e-18	
      7498.66931	      2.85572e-18	
      7500.57026	      2.72641e-18	
      7502.47121	      2.67528e-18	
      7504.37216	      2.90353e-18	
      7506.27311	      2.34455e-18	
      7508.17406	      2.67759e-18	
      7510.07501	      2.43903e-18	
      7511.97596	      2.41816e-18	
      7513.87691	      2.47897e-18	
      7515.77786	      2.67827e-18	
      7517.67881	      3.41571e-18	
      7519.57976	      3.08473e-18	
      7521.48071	      2.54836e-18	
      7523.38166	      2.72724e-18	
      7525.28261	      2.19029e-18	
      7527.18357	      3.22883e-18	
      7529.08452	      3.64773e-18	
      7530.98547	      2.34257e-18	
      7532.88642	      2.21149e-18	
      7534.78737	      2.25753e-18	
      7536.68832	      2.03221e-18	
      7538.58927	      2.38259e-18	
      7540.49022	      2.55915e-18	
      7542.39117	      2.16793e-18	
      7544.29212	      2.01425e-18	
      7546.19307	      2.09983e-18	
      7548.09402	      2.29356e-18	
      7549.99497	      1.99310e-18	
      7551.89592	      2.66376e-18	
      7553.79687	      2.61070e-18	
      7555.69782	      1.70117e-18	
      7557.59877	      2.19938e-18	
      7559.49972	      2.34630e-18	
      7561.40067	      2.22416e-18	
      7563.30162	      2.19379e-18	
      7565.20257	      1.39014e-18	
      7567.10352	      2.00128e-18	
      7569.00447	      1.76206e-18	
      7570.90543	      9.74317e-19	
      7572.80638	      1.66833e-18	
      7574.70733	      2.86668e-18	
      7576.60828	      2.50471e-18	
      7578.50923	      1.37458e-18	
      7580.41018	      1.68653e-18	
      7582.31113	      1.91091e-18	
      7584.21208	      1.94480e-18	
      7586.11303	      1.83104e-18	
      7588.01398	      1.58626e-18	
      7589.91493	      1.82054e-18	
      7591.81588	      2.35364e-18	
      7593.71683	      1.18243e-18	
      7595.61778	      8.35979e-19	
      7597.51873	      1.03377e-18	
      7599.41968	      1.13171e-18	
      7601.32063	      9.65834e-19	
      7603.22158	      5.71294e-19	
      7605.12253	      6.65271e-19	
      7607.02348	      1.54972e-18	
      7608.92443	      1.37022e-18	
      7610.82538	      1.00905e-18	
      7612.72633	      1.20247e-18	
      7614.62729	      1.26516e-18	
      7616.52824	      6.78059e-19	
      7618.42919	      1.12966e-19	
      7620.33014	      6.68250e-19	
      7622.23109	      3.27961e-19	
      7624.13204	      3.35806e-19	
      7626.03299	      9.44444e-19	
      7627.93394	      7.13537e-19	
      7629.83489	      3.76633e-19	
      7631.73584	     -2.81363e-19	
      7633.63679	      1.72694e-19	
      7635.53774	      7.31205e-19	
      7637.43869	      3.29512e-19	
      7639.33964	      6.37713e-19	
      7641.24059	      1.08145e-18	
      7643.14154	      4.45369e-19	
      7645.04249	      5.10590e-20	
      7646.94344	      4.95814e-20	
      7648.84439	      5.54152e-19	
      7650.74534	      1.21185e-18	
      7652.64629	      9.05059e-19	
      7654.54724	      4.56247e-19	
      7656.44819	      5.93981e-19	
      7658.34914	      4.14686e-19	
      7660.25010	      6.19010e-19	
      7662.15105	     -1.32611e-19	
      7664.05200	      3.89343e-19	
      7665.95295	      5.28263e-19	
      7667.85390	     -1.71620e-19	
      7669.75485	     -1.69609e-19	
      7671.65580	      1.56168e-19	
      7673.55675	      2.76212e-19	
      7675.45770	      5.92519e-19	
      7677.35865	     -6.52727e-20	
      7679.25960	     -2.18569e-18	
      7681.16055	     -3.13992e-18	
      7683.06150	      7.96634e-19	
      7684.96245	      7.78684e-19	
      7686.86340	      6.44096e-19	
      7688.76435	      1.38547e-18	
      7690.66530	      1.31217e-18	
      7692.56625	      2.02090e-19	
      7694.46720	      3.09904e-19	
      7696.36815	      3.67279e-19	
      7698.26910	      2.75127e-20	
      7700.17005	      1.59135e-19	
      7702.07100	      9.83882e-20	
      7703.97196	      1.04706e-18	
      7705.87291	      9.64070e-19	
      7707.77386	      3.53545e-19	
      7709.67481	     -2.59583e-19	
      7711.57576	      5.08777e-19	
      7713.47671	     -5.63089e-19	
      7715.37766	      7.30020e-19	
      7717.27861	      6.70712e-19	
      7719.17956	      6.67395e-19	
      7721.08051	      1.59236e-18	
      7722.98146	      1.52182e-18	
      7724.88241	      1.33094e-18	
      7726.78336	      8.68084e-19	
      7728.68431	      8.51468e-19	
      7730.58526	      1.09965e-18	
      7732.48621	      1.54999e-18	
      7734.38716	      1.58815e-18	
      7736.28811	      1.80419e-18	
      7738.18906	      1.99852e-18	
      7740.09001	      1.73192e-18	
      7741.99096	      1.51679e-18	
      7743.89191	      8.28927e-19	
      7745.79286	      7.62589e-19	
      7747.69382	      3.38744e-18	
      7749.59477	      4.02047e-18	
      7751.49572	      2.13371e-18	
      7753.39667	      2.14432e-18	
      7755.29762	      2.02508e-18	
      7757.19857	      8.80685e-19	
      7759.09952	      1.31249e-18	
      7761.00047	      1.10460e-18	
      7762.90142	      1.67372e-18	
      7764.80237	      1.81333e-18	
      7766.70332	      1.98235e-18	
      7768.60427	      1.33016e-18	
      7770.50522	      1.27971e-18	
      7772.40617	      1.49898e-18	
      7774.30712	      1.85202e-18	
      7776.20807	      2.20387e-18	
      7778.10902	      2.13962e-18	
      7780.00997	      3.36704e-18	
      7781.91092	      3.76726e-18	
      7783.81187	      2.15088e-18	
      7785.71282	      2.03714e-18	
      7787.61377	      2.92155e-18	
      7789.51472	      1.41310e-18	
      7791.41568	      1.62350e-18	
      7793.31663	      2.82647e-18	
      7795.21758	      5.62666e-19	
      7797.11853	      1.25888e-18	
      7799.01948	      1.62701e-18	
      7800.92043	      1.08239e-18	
      7802.82138	      1.75604e-18	
      7804.72233	      1.59092e-18	
      7806.62328	      1.67854e-18	
      7808.52423	      2.72516e-18	
      7810.42518	      2.19790e-18	
      7812.32613	      2.60452e-18	
      7814.22708	      2.96482e-18	
      7816.12803	      3.90259e-18	
      7818.02898	      3.19815e-18	
      7819.92993	      3.75022e-18	
      7821.83088	      3.84764e-18	
      7823.73183	      2.78860e-18	
      7825.63278	      3.40423e-18	
      7827.53373	      2.53777e-18	
      7829.43468	      2.61007e-18	
      7831.33563	      3.36858e-18	
      7833.23658	      2.66511e-18	
      7835.13754	      2.93093e-18	
      7837.03849	      4.00764e-18	
      7838.93944	      3.59450e-18	
      7840.84039	      3.79489e-18	
      7842.74134	      4.46767e-18	
      7844.64229	      3.97489e-18	
      7846.54324	      4.14594e-18	
      7848.44419	      3.96855e-18	
      7850.34514	      3.76445e-18	
      7852.24609	      2.59196e-18	
      7854.14704	      2.71277e-18	
      7856.04799	      2.69929e-18	
      7857.94894	      3.58575e-18	
      7859.84989	      3.19474e-18	
      7861.75084	      4.83392e-18	
      7863.65179	      6.39160e-18	
      7865.55274	      5.06688e-18	
      7867.45369	      3.69966e-18	
      7869.35464	      3.89386e-18	
      7871.25559	      3.74894e-18	
      7873.15654	      3.27313e-18	
      7875.05749	      4.42913e-18	
      7876.95844	      4.07305e-18	
      7878.85940	      3.23952e-18	
      7880.76035	      4.16242e-18	
      7882.66130	      3.70278e-18	
      7884.56225	      3.39253e-18	
      7886.46320	      3.92283e-18	
      7888.36415	      4.36361e-18	
      7890.26510	      5.73850e-18	
      7892.16605	      5.83791e-18	
      7894.06700	      6.62734e-18	
      7895.96795	      5.60411e-18	
      7897.86890	      5.58387e-18	
      7899.76985	      5.16496e-18	
      7901.67080	      5.05030e-18	
      7903.57175	      5.90270e-18	
      7905.47270	      5.44967e-18	
      7907.37365	      5.21492e-18	
      7909.27460	      6.20172e-18	
      7911.17555	      6.39689e-18	
      7913.07650	      5.03222e-18	
      7914.97745	      5.44552e-18	
      7916.87840	      6.21088e-18	
      7918.77935	      5.65699e-18	
      7920.68030	      6.69632e-18	
      7922.58125	      6.83520e-18	
      7924.48221	      5.61816e-18	
      7926.38316	      5.72442e-18	
      7928.28411	      6.93619e-18	
      7930.18506	      5.90753e-18	
      7932.08601	      6.07971e-18	
      7933.98696	      7.42721e-18	
      7935.88791	      6.78289e-18	
      7937.78886	      6.19278e-18	
      7939.68981	      6.48104e-18	
      7941.59076	      5.36343e-18	
      7943.49171	      3.98378e-18	
      7945.39266	      3.43344e-18	
      7947.29361	      3.07592e-18	
      7949.19456	      3.30567e-18	
      7951.09551	      3.67854e-18	
      7952.99646	      5.49009e-18	
      7954.89741	      6.36741e-18	
      7956.79836	      6.13952e-18	
      7958.69931	      6.61449e-18	
      7960.60026	      6.04976e-18	
      7962.50121	      6.69307e-18	
      7964.40216	      7.90880e-18	
      7966.30311	      7.72066e-18	
      7968.20407	      6.68103e-18	
      7970.10502	      7.62044e-18	
      7972.00597	      6.89091e-18	
      7973.90692	      8.16509e-18	
      7975.80787	      8.16523e-18	
      7977.70882	      7.00103e-18	
      7979.60977	      8.10659e-18	
      7981.51072	      8.07492e-18	
      7983.41167	      6.98152e-18	
      7985.31262	      7.64906e-18	
      7987.21357	      7.47097e-18	
      7989.11452	      6.83400e-18	
      7991.01547	      9.27277e-18	
      7992.91642	      8.85531e-18	
      7994.81737	      8.54107e-18	
      7996.71832	      7.52383e-18	
      7998.61927	      7.30849e-18	
      8000.52022	      7.44290e-18	
      8002.42117	      8.40639e-18	
      8004.32212	      8.33361e-18	
      8006.22307	      7.83122e-18	
      8008.12402	      7.47039e-18	
      8010.02497	      8.55217e-18	
      8011.92593	      8.34908e-18	
      8013.82688	      9.38420e-18	
      8015.72783	      9.77935e-18	
      8017.62878	      8.14563e-18	
      8019.52973	      9.18353e-18	
      8021.43068	      8.75285e-18	
      8023.33163	      8.15032e-18	
      8025.23258	      8.37869e-18	
      8027.13353	      9.89467e-18	
      8029.03448	      9.43510e-18	
      8030.93543	      9.39682e-18	
      8032.83638	      9.43671e-18	
      8034.73733	      8.49056e-18	
      8036.63828	      9.45405e-18	
      8038.53923	      9.84668e-18	
      8040.44018	      9.47423e-18	
      8042.34113	      9.88322e-18	
      8044.24208	      9.79253e-18	
      8046.14303	      9.19101e-18	
      8048.04398	      9.84244e-18	
      8049.94493	      1.08228e-17	
      8051.84588	      9.99520e-18	
      8053.74683	      1.04590e-17	
      8055.64779	      1.08635e-17	
      8057.54874	      1.41157e-17	
      8059.44969	      1.37194e-17	
      8061.35064	      9.51671e-18	
      8063.25159	      1.03738e-17	
      8065.15254	      9.97938e-18	
      8067.05349	      1.02630e-17	
      8068.95444	      1.06584e-17	
      8070.85539	      1.11616e-17	
      8072.75634	      1.10430e-17	
      8074.65729	      1.12697e-17	
      8076.55824	      1.09158e-17	
      8078.45919	      9.86666e-18	
      8080.36014	      1.05085e-17	
      8082.26109	      1.22330e-17	
      8084.16204	      1.27247e-17	
      8086.06299	      1.23564e-17	
      8087.96394	      1.10791e-17	
      8089.86489	      1.16271e-17	
      8091.76584	      1.20452e-17	
      8093.66679	      1.17424e-17	
      8095.56774	      1.12715e-17	
      8097.46869	      1.04721e-17	
      8099.36965	      1.06785e-17	
      8101.27060	      1.20920e-17	
      8103.17155	      1.29479e-17	
      8105.07250	      1.21609e-17	
      8106.97345	      1.26656e-17	
      8108.87440	      1.22941e-17	
      8110.77535	      1.09621e-17	
      8112.67630	      1.15849e-17	
      8114.57725	      1.23644e-17	
      8116.47820	      1.21513e-17	
      8118.37915	      1.24092e-17	
      8120.28010	      1.25333e-17	
      8122.18105	      1.29862e-17	
      8124.08200	      1.28621e-17	
      8125.98295	      1.27105e-17	
      8127.88390	      1.27149e-17	
      8129.78485	      1.28065e-17	
      8131.68580	      1.27897e-17	
      8133.58675	      1.32337e-17	
      8135.48770	      1.32802e-17	
      8137.38865	      1.27809e-17	
      8139.28960	      1.27720e-17	
      8141.19055	      1.22673e-17	
      8143.09151	      1.24439e-17	
      8144.99246	      1.25965e-17	
      8146.89341	      1.25254e-17	
      8148.79436	      1.27317e-17	
      8150.69531	      1.30357e-17	
      8152.59626	      1.34331e-17	
      8154.49721	      1.29894e-17	
      8156.39816	      1.32132e-17	
      8158.29911	      1.32635e-17	
      8160.20006	      1.37857e-17	
      8162.10101	      1.30204e-17	
      8164.00196	      1.30324e-17	
      8165.90291	      1.41873e-17	
      8167.80386	      1.41570e-17	
      8169.70481	      1.39124e-17	
      8171.60576	      1.37490e-17	
      8173.50671	      1.36415e-17	
      8175.40766	      1.32847e-17	
      8177.30861	      1.29858e-17	
      8179.20956	      1.26200e-17	
      8181.11051	      1.19570e-17	
      8183.01146	      1.20742e-17	
      8184.91241	      1.21690e-17	
      8186.81336	      1.26417e-17	
      8188.71432	      1.31280e-17	
      8190.61527	      1.26765e-17	
      8192.51622	      1.10109e-17	
      8194.41717	      1.08263e-17	
      8196.31812	      1.17548e-17	
      8198.21907	      1.25163e-17	
      8200.12002	      1.37889e-17	
      8202.02097	      1.49706e-17	
      8203.92192	      1.55537e-17	
      8205.82287	      1.47474e-17	
      8207.72382	      1.43344e-17	
      8209.62477	      1.54657e-17	
      8211.52572	      1.52816e-17	
      8213.42667	      1.56862e-17	
      8215.32762	      1.57073e-17	
      8217.22857	      1.53285e-17	
      8219.12952	      1.59483e-17	
      8221.03047	      1.66310e-17	
      8222.93142	      1.57863e-17	
      8224.83237	      1.57793e-17	
      8226.73332	      1.50486e-17	
      8228.63427	      1.53827e-17	
      8230.53522	      1.60471e-17	
      8232.43618	      1.63458e-17	
      8234.33713	      1.58421e-17	
      8236.23808	      1.59527e-17	
      8238.13903	      1.66290e-17	
      8240.03998	      1.54857e-17	
      8241.94093	      1.58717e-17	
      8243.84188	      1.50204e-17	
      8245.74283	      1.61670e-17	
      8247.64378	      1.71716e-17	
      8249.54473	      1.67685e-17	
      8251.44568	      1.61116e-17	
      8253.34663	      1.52109e-17	
      8255.24758	      1.57232e-17	
      8257.14853	      1.57116e-17	
      8259.04948	      1.67006e-17	
      8260.95043	      1.68759e-17	
      8262.85138	      1.61181e-17	
      8264.75233	      1.65239e-17	
      8266.65328	      1.65263e-17	
      8268.55423	      1.69762e-17	
      8270.45518	      1.73852e-17	
      8272.35613	      1.69794e-17	
      8274.25708	      1.59914e-17	
      8276.15804	      1.70038e-17	
      8278.05899	      1.80184e-17	
      8279.95994	      1.76201e-17	
      8281.86089	      1.83467e-17	
      8283.76184	      1.97424e-17	
      8285.66279	      1.73567e-17	
      8287.56374	      1.67530e-17	
      8289.46469	      1.74608e-17	
      8291.36564	      1.90932e-17	
      8293.26659	      1.87918e-17	
      8295.16754	      1.81612e-17	
      8297.06849	      1.85082e-17	
      8298.96944	      1.84225e-17	
      8300.87039	      1.72168e-17	
      8302.77134	      1.93204e-17	
      8304.67229	      1.85028e-17	
      8306.57324	      1.87368e-17	
      8308.47419	      1.79920e-17	
      8310.37514	      1.84550e-17	
      8312.27609	      1.76460e-17	
      8314.17704	      1.76599e-17	
      8316.07799	      1.88335e-17	
      8317.97894	      1.88962e-17	
      8319.87990	      1.87734e-17	
      8321.78085	      1.92297e-17	
      8323.68180	      1.85511e-17	
      8325.58275	      1.87908e-17	
      8327.48370	      1.88786e-17	
      8329.38465	      1.93908e-17	
      8331.28560	      1.89215e-17	
      8333.18655	      1.81342e-17	
      8335.08750	      1.89128e-17	
      8336.98845	      1.96028e-17	
      8338.88940	      2.14195e-17	
      8340.79035	      2.29688e-17	
      8342.69130	      2.38414e-17	
      8344.59225	      2.06208e-17	
      8346.49320	      1.99633e-17	
      8348.39415	      1.93902e-17	
      8350.29510	      1.89766e-17	
      8352.19605	      1.95083e-17	
      8354.09700	      1.93546e-17	
      8355.99795	      1.84286e-17	
      8357.89890	      1.97883e-17	
      8359.79985	      1.90880e-17	
      8361.70080	      1.94058e-17	
      8363.60176	      2.09536e-17	
      8365.50271	      2.07841e-17	
      8367.40366	      2.05112e-17	
      8369.30461	      2.05946e-17	
      8371.20556	      1.99518e-17	
      8373.10651	      2.08099e-17	
      8375.00746	      2.11322e-17	
      8376.90841	      2.08602e-17	
      8378.80936	      2.02107e-17	
      8380.71031	      2.15264e-17	
      8382.61126	      2.19973e-17	
      8384.51221	      2.07842e-17	
      8386.41316	      2.07733e-17	
      8388.31411	      2.17093e-17	
      8390.21506	      2.03918e-17	
      8392.11601	      1.97808e-17	
      8394.01696	      1.92799e-17	
      8395.91791	      1.59971e-17	
      8397.81886	      1.94839e-17	
      8399.71981	      1.85770e-17	
      8401.62076	      1.96764e-17	
      8403.52171	      2.23200e-17	
      8405.42266	      2.31351e-17	
      8407.32362	      2.11748e-17	
      8409.22457	      2.25991e-17	
      8411.12552	      2.38793e-17	
      8413.02647	      2.34444e-17	
      8414.92742	      2.19974e-17	
      8416.82837	      2.15795e-17	
      8418.72932	      2.14584e-17	
      8420.63027	      2.07529e-17	
      8422.53122	      2.20521e-17	
      8424.43217	      2.09187e-17	
      8426.33312	      1.73019e-17	
      8428.23407	      2.03302e-17	
      8430.13502	      1.79480e-17	
      8432.03597	      2.05896e-17	
      8433.93692	      2.15236e-17	
      8435.83787	      2.26942e-17	
      8437.73882	      2.18456e-17	
      8439.63977	      2.25151e-17	
      8441.54072	      2.24362e-17	
      8443.44167	      2.27787e-17	
      8445.34262	      2.30265e-17	
      8447.24357	      2.44760e-17	
      8449.14452	      2.31565e-17	
      8451.04548	      2.39892e-17	
      8452.94643	      2.31896e-17	
      8454.84738	      2.29982e-17	
      8456.74833	      2.29835e-17	
      8458.64928	      2.39140e-17	
      8460.55023	      2.71646e-17	
      8462.45118	      2.76779e-17	
      8464.35213	      2.45834e-17	
      8466.25308	      2.21829e-17	
      8468.15403	      2.30350e-17	
      8470.05498	      2.29350e-17	
      8471.95593	      2.31368e-17	
      8473.85688	      2.29510e-17	
      8475.75783	      2.32407e-17	
      8477.65878	      2.29814e-17	
      8479.55973	      2.18103e-17	
      8481.46068	      2.16046e-17	
      8483.36163	      2.28644e-17	
      8485.26258	      2.21743e-17	
      8487.16353	      2.25169e-17	
      8489.06448	      2.39861e-17	
      8490.96543	      2.22662e-17	
      8492.86638	      2.13325e-17	
      8494.76733	      2.16089e-17	
      8496.66829	      2.18493e-17	
      8498.56924	      2.29170e-17	
      8500.47019	      2.32354e-17	
      8502.37114	      2.53171e-17	
      8504.27209	      2.47878e-17	
      8506.17304	      2.48481e-17	
      8508.07399	      2.51484e-17	
      8509.97494	      2.53909e-17	
      8511.87589	      2.38970e-17	
      8513.77684	      2.21185e-17	
      8515.67779	      1.97360e-17	
      8517.57874	      1.56622e-17	
      8519.47969	      1.34229e-17	
      8521.38064	      1.34722e-17	
      8523.28159	      1.62956e-17	
      8525.18254	      1.96160e-17	
      8527.08349	      2.21828e-17	
      8528.98444	      2.34085e-17	
      8530.88539	      2.36617e-17	
      8532.78634	      2.39090e-17	
      8534.68729	      2.45114e-17	
      8536.58824	      2.46641e-17	
      8538.48919	      2.49288e-17	
      8540.39015	      2.49484e-17	
      8542.29110	      2.43485e-17	
      8544.19205	      2.43758e-17	
      8546.09300	      2.50627e-17	
      8547.99395	      2.50803e-17	
      8549.89490	      2.60318e-17	
      8551.79585	      2.60349e-17	
      8553.69680	      2.48494e-17	
      8555.59775	      2.60858e-17	
      8557.49870	      2.61297e-17	
      8559.39965	      2.74358e-17	
      8561.30060	      2.79083e-17	
      8563.20155	      2.73795e-17	
      8565.10250	      2.71863e-17	
      8567.00345	      2.64501e-17	
      8568.90440	      2.64666e-17	
      8570.80535	      2.56812e-17	
      8572.70630	      2.67284e-17	
      8574.60725	      2.71797e-17	
      8576.50820	      2.74827e-17	
      8578.40915	      2.71987e-17	
      8580.31010	      2.64097e-17	
      8582.21105	      2.60529e-17	
      8584.11201	      2.61977e-17	
      8586.01296	      2.57900e-17	
      8587.91391	      2.55201e-17	
      8589.81486	      2.67698e-17	
      8591.71581	      2.62865e-17	
      8593.61676	      2.72756e-17	
      8595.51771	      2.63251e-17	
      8597.41866	      2.80330e-17	
      8599.31961	      2.82494e-17	
      8601.22056	      2.85082e-17	
      8603.12151	      2.83874e-17	
      8605.02246	      2.78280e-17	
      8606.92341	      2.60811e-17	
      8608.82436	      2.23432e-17	
      8610.72531	      1.93389e-17	
      8612.62626	      1.65217e-17	
      8614.52721	      1.45778e-17	
      8616.42816	      1.45614e-17	
      8618.32911	      1.43462e-17	
      8620.23006	      1.43482e-17	
      8622.13101	      1.46737e-17	
      8624.03196	      1.51452e-17	
      8625.93291	      1.50139e-17	
      8627.83387	      1.32116e-17	
      8629.73482	      1.08218e-17	
      8631.63577	      1.02080e-17	
      8633.53672	      1.20278e-17	
      8635.43767	      1.29575e-17	
      8637.33862	      1.39275e-17	
      8639.23957	      1.61910e-17	
      8641.14052	      1.77806e-17	
      8643.04147	      1.60214e-17	
      8644.94242	      1.69126e-17	
      8646.84337	      1.81092e-17	
      8648.74432	      1.65450e-17	
      8650.64527	      1.85411e-17	
      8652.54622	      1.84484e-17	
      8654.44717	      1.87998e-17	
      8656.34812	      1.94245e-17	
      8658.24907	      1.94991e-17	
      8660.15002	      1.96791e-17	
      8662.05097	      1.84972e-17	
      8663.95192	      1.94688e-17	
      8665.85287	      1.94508e-17	
      8667.75382	      1.99719e-17	
      8669.65477	      2.04330e-17	
      8671.55573	      2.10597e-17	
      8673.45668	      2.11566e-17	
      8675.35763	      2.15504e-17	
      8677.25858	      2.15006e-17	
      8679.15953	      1.95894e-17	
      8681.06048	      1.92848e-17	
      8682.96143	      1.89941e-17	
      8684.86238	      1.92857e-17	
      8686.76333	      2.14492e-17	
      8688.66428	      2.20758e-17	
      8690.56523	      2.09693e-17	
      8692.46618	      1.85411e-17	
      8694.36713	      1.65064e-17	
      8696.26808	      1.71889e-17	
      8698.16903	      1.84751e-17	
      8700.06998	      1.92968e-17	
      8701.97093	      1.84772e-17	
      8703.87188	      1.81587e-17	
      8705.77283	      1.78158e-17	
      8707.67378	      1.68184e-17	
      8709.57473	      1.73688e-17	
      8711.47568	      1.71097e-17	
      8713.37663	      1.79773e-17	
      8715.27759	      1.78979e-17	
      8717.17854	      1.65097e-17	
      8719.07949	      1.68000e-17	
      8720.98044	      1.73139e-17	
      8722.88139	      1.70407e-17	
      8724.78234	      1.84416e-17	
      8726.68329	      1.96274e-17	
      8728.58424	      1.92422e-17	
      8730.48519	      1.93794e-17	
      8732.38614	      1.88819e-17	
      8734.28709	      1.92920e-17	
      8736.18804	      2.02152e-17	
      8738.08899	      1.97324e-17	
      8739.98994	      1.95340e-17	
      8741.89089	      2.00682e-17	
      8743.79184	      1.98830e-17	
      8745.69279	      2.07777e-17	
      8747.59374	      2.10557e-17	
      8749.49469	      2.11057e-17	
      8751.39564	      2.13969e-17	
      8753.29659	      2.15987e-17	
      8755.19754	      2.37125e-17	
      8757.09849	      2.18841e-17	
      8758.99944	      2.02710e-17	
      8760.90040	      2.06677e-17	
      8762.80135	      2.12714e-17	
      8764.70230	      1.86998e-17	
      8766.60325	      1.89394e-17	
      8768.50420	      2.00563e-17	
      8770.40515	      2.01729e-17	
      8772.30610	      2.35935e-17	
      8774.20705	      2.65974e-17	
      8776.10800	      2.24076e-17	
      8778.00895	      1.94976e-17	
      8779.90990	      2.10747e-17	
      8781.81085	      2.14705e-17	
      8783.71180	      1.95700e-17	
      8785.61275	      1.93295e-17	
      8787.51370	      1.84331e-17	
      8789.41465	      2.03724e-17	
      8791.31560	      2.14595e-17	
      8793.21655	      2.19349e-17	
      8795.11750	      2.17748e-17	
      8797.01845	      2.17735e-17	
      8798.91940	      2.12225e-17	
      8800.82035	      2.06207e-17	
      8802.72130	      1.89738e-17	
      8804.62226	      1.87325e-17	
      8806.52321	      1.98614e-17	
      8808.42416	      2.02651e-17	
      8810.32511	      2.17121e-17	
      8812.22606	      2.29511e-17	
      8814.12701	      2.45035e-17	
      8816.02796	      2.56557e-17	
      8817.92891	      2.39900e-17	
      8819.82986	      2.27559e-17	
      8821.73081	      1.94335e-17	
      8823.63176	      1.76991e-17	
      8825.53271	      1.77283e-17	
      8827.43366	      1.59803e-17	
      8829.33461	      1.98579e-17	
      8831.23556	      2.12989e-17	
      8833.13651	      2.06565e-17	
      8835.03746	      2.45014e-17	
      8836.93841	      2.69088e-17	
      8838.83936	      2.66271e-17	
      8840.74031	      2.53864e-17	
      8842.64126	      2.25328e-17	
      8844.54221	      2.16178e-17	
      8846.44316	      2.16375e-17	
      8848.34412	      2.08523e-17	
      8850.24507	      2.56700e-17	
      8852.14602	      2.49882e-17	
      8854.04697	      2.25637e-17	
      8855.94792	      2.16467e-17	
      8857.84887	      2.33448e-17	
      8859.74982	      2.48813e-17	
      8861.65077	      2.59193e-17	
      8863.55172	      2.62433e-17	
      8865.45267	      2.66884e-17	
      8867.35362	      2.37814e-17	
      8869.25457	      2.06219e-17	
      8871.15552	      2.35528e-17	
      8873.05647	      2.32429e-17	
      8874.95742	      2.53154e-17	
      8876.85837	      2.70205e-17	
      8878.75932	      2.75125e-17	
      8880.66027	      2.70456e-17	
      8882.56122	      2.56758e-17	
      8884.46217	      2.41775e-17	
      8886.36312	      2.78827e-17	
      8888.26407	      2.76441e-17	
      8890.16502	      2.73897e-17	
      8892.06598	      2.54337e-17	
      8893.96693	      2.40287e-17	
      8895.86788	      2.34703e-17	
      8897.76883	      2.44798e-17	
      8899.66978	      2.57683e-17	
      8901.57073	      2.51994e-17	
      8903.47168	      2.77815e-17	
      8905.37263	      2.58508e-17	
      8907.27358	      2.45764e-17	
      8909.17453	      2.60873e-17	
      8911.07548	      2.63054e-17	
      8912.97643	      2.96530e-17	
      8914.87738	      3.02829e-17	
      8916.77833	      3.03584e-17	
      8918.67928	      2.90926e-17	
      8920.58023	      2.52850e-17	
      8922.48118	      2.29886e-17	
      8924.38213	      2.44053e-17	
      8926.28308	      2.68438e-17	
      8928.18403	      2.91691e-17	
      8930.08498	      2.96619e-17	
      8931.98593	      2.94696e-17	
      8933.88688	      2.88549e-17	
      8935.78784	      2.59739e-17	
      8937.68879	      2.41188e-17	
      8939.58974	      2.10388e-17	
      8941.49069	      2.04843e-17	
      8943.39164	      1.84508e-17	
      8945.29259	      1.88776e-17	
      8947.19354	      2.34718e-17	
      8949.09449	      2.51975e-17	
      8950.99544	      2.61081e-17	
      8952.89639	      2.68625e-17	
      8954.79734	      2.92269e-17	
      8956.69829	      2.99179e-17	
      8958.59924	      3.07843e-17	
      8960.50019	      3.11561e-17	
      8962.40114	      2.80017e-17	
      8964.30209	      2.56935e-17	
      8966.20304	      2.65218e-17	
      8968.10399	      2.70080e-17	
      8970.00494	      2.67219e-17	
      8971.90589	      2.77913e-17	
      8973.80684	      2.96472e-17	
      8975.70779	      2.91653e-17	
      8977.60874	      2.81328e-17	
      8979.50970	      2.70584e-17	
      8981.41065	      2.83069e-17	
      8983.31160	      2.73758e-17	
      8985.21255	      2.78657e-17	
      8987.11350	      2.93846e-17	
      8989.01445	      3.02180e-17	
      8990.91540	      2.88257e-17	
      8992.81635	      2.95791e-17	
      8994.71730	      2.64779e-17	
      8996.61825	      2.58915e-17	
      8998.51920	      2.82860e-17	
      9000.42015	      3.09994e-17	
      9002.32110	      3.05968e-17	
      9004.22205	      3.05400e-17	
      9006.12300	      3.01768e-17	
      9008.02395	      3.00032e-17	
      9009.92490	      2.93737e-17	
      9011.82585	      2.87060e-17	
      9013.72680	      2.89386e-17	
      9015.62775	      2.86792e-17	
      9017.52870	      3.01117e-17	
      9019.42965	      3.04872e-17	
      9021.33060	      2.92365e-17	
      9023.23155	      2.73993e-17	
      9025.13251	      2.64739e-17	
      9027.03346	      2.58994e-17	
      9028.93441	      2.59509e-17	
      9030.83536	      2.92182e-17	
      9032.73631	      3.09869e-17	
      9034.63726	      3.23276e-17	
      9036.53821	      3.15620e-17	
      9038.43916	      3.03259e-17	
      9040.34011	      3.05899e-17	
      9042.24106	      3.07051e-17	
      9044.14201	      2.87836e-17	
      9046.04296	      2.97177e-17	
      9047.94391	      3.04540e-17	
      9049.84486	      3.12600e-17	
      9051.74581	      3.07087e-17	
      9053.64676	      3.03647e-17	
      9055.54771	      3.02640e-17	
      9057.44866	      2.94096e-17	
      9059.34961	      2.81797e-17	
      9061.25056	      2.92598e-17	
      9063.15151	      3.00834e-17	
      9065.05246	      3.04172e-17	
      9066.95341	      2.89717e-17	
      9068.85437	      2.82528e-17	
      9070.75532	      2.90727e-17	
      9072.65627	      2.88015e-17	
      9074.55722	      2.84804e-17	
      9076.45817	      2.97699e-17	
      9078.35912	      3.07533e-17	
      9080.26007	      3.08578e-17	
      9082.16102	      3.03005e-17	
      9084.06197	      3.13877e-17	
      9085.96292	      3.06606e-17	
      9087.86387	      3.08178e-17	
      9089.76482	      3.19741e-17	
      9091.66577	      3.14631e-17	
      9093.56672	      3.14799e-17	
      9095.46767	      3.18127e-17	
      9097.36862	      3.19834e-17	
      9099.26957	      3.22543e-17	
      9101.17052	      3.25740e-17	
      9103.07147	      3.16478e-17	
      9104.97242	      3.23532e-17	
      9106.87337	      3.11752e-17	
      9108.77432	      3.21765e-17	
      9110.67527	      3.19101e-17	
      9112.57623	      3.23164e-17	
      9114.47718	      3.35769e-17	
      9116.37813	      3.27717e-17	
      9118.27908	      3.33675e-17	
      9120.18003	      3.33024e-17	
      9122.08098	      3.44480e-17	
      9123.98193	      3.21100e-17	
      9125.88288	      3.18092e-17	
      9127.78383	      3.31459e-17	
      9129.68478	      3.36586e-17	
      9131.58573	      3.30874e-17	
      9133.48668	      3.23361e-17	
      9135.38763	      3.20196e-17	
      9137.28858	      3.12563e-17	
      9139.18953	      3.05738e-17	
      9141.09048	      3.28378e-17	
      9142.99143	      3.26706e-17	
      9144.89238	      3.28207e-17	
      9146.79333	      3.16950e-17	
      9148.69428	      3.19326e-17	
      9150.59523	      3.35417e-17	
      9152.49618	      3.43011e-17	
      9154.39713	      3.45827e-17	
      9156.29809	      3.57228e-17	
      9158.19904	      3.53063e-17	
      9160.09999	      3.39870e-17	
      9162.00094	      3.35939e-17	
      9163.90189	      3.51268e-17	
      9165.80284	      3.58101e-17	
      9167.70379	      3.59818e-17	
      9169.60474	      3.42431e-17	
      9171.50569	      3.28535e-17	
      9173.40664	      3.27376e-17	
      9175.30759	      3.21012e-17	
      9177.20854	      3.49610e-17	
      9179.10949	      3.50799e-17	
      9181.01044	      3.48264e-17	
      9182.91139	      3.52402e-17	
      9184.81234	      3.48046e-17	
      9186.71329	      3.61643e-17	
      9188.61424	      3.66508e-17	
      9190.51519	      3.68713e-17	
      9192.41614	      3.66130e-17	
      9194.31709	      3.53751e-17	
      9196.21804	      3.37070e-17	
      9198.11899	      3.48876e-17	
      9200.01995	      3.64873e-17	
      9201.92090	      3.68195e-17	
      9203.82185	      3.80103e-17	
      9205.72280	      3.64534e-17	
      9207.62375	      3.51673e-17	
      9209.52470	      3.50605e-17	
      9211.42565	      3.46260e-17	
      9213.32660	      3.49745e-17	
      9215.22755	      3.53015e-17	
      9217.12850	      3.61988e-17	
      9219.02945	      3.79322e-17	
      9220.93040	      3.82174e-17	
      9222.83135	      3.68162e-17	
      9224.73230	      3.52771e-17	
      9226.63325	      3.73282e-17	
      9228.53420	      3.80045e-17	
      9230.43515	      3.74294e-17	
      9232.33610	      3.55286e-17	
      9234.23705	      3.59214e-17	
      9236.13800	      3.64289e-17	
      9238.03895	      3.59813e-17	
      9239.93990	      3.69639e-17	
      9241.84085	      3.52340e-17	
      9243.74181	      3.52704e-17	
      9245.64276	      3.56972e-17	
      9247.54371	      3.45780e-17	
      9249.44466	      3.60361e-17	
      9251.34561	      3.53958e-17	
      9253.24656	      3.63085e-17	
      9255.14751	      3.78533e-17	
      9257.04846	      3.86282e-17	
      9258.94941	      3.55058e-17	
      9260.85036	      3.55689e-17	
      9262.75131	      3.48043e-17	
      9264.65226	      3.56302e-17	
      9266.55321	      3.74334e-17	
      9268.45416	      3.70328e-17	
      9270.35511	      3.44953e-17	
      9272.25606	      3.36252e-17	
      9274.15701	      3.22453e-17	
      9276.05796	      3.08644e-17	
      9277.95891	      3.02853e-17	
      9279.85986	      3.32647e-17	
      9281.76081	      3.46197e-17	
      9283.66176	      3.23082e-17	
      9285.56271	      3.12387e-17	
      9287.46367	      3.39521e-17	
      9289.36462	      3.34954e-17	
      9291.26557	      3.24523e-17	
      9293.16652	      3.49140e-17	
      9295.06747	      3.44083e-17	
      9296.96842	      3.21993e-17	
      9298.86937	      3.37516e-17	
      9300.77032	      3.44885e-17	
      9302.67127	      3.46808e-17	
      9304.57222	      3.37487e-17	
      9306.47317	      3.59577e-17	
      9308.37412	      3.88035e-17	
      9310.27507	      3.82696e-17	
      9312.17602	      3.56866e-17	
      9314.07697	      3.34967e-17	
      9315.97792	      3.04058e-17	
      9317.87887	      2.87713e-17	
      9319.77982	      3.15854e-17	
      9321.68077	      3.10170e-17	
      9323.58172	      3.17325e-17	
      9325.48267	      3.33503e-17	
      9327.38362	      3.16846e-17	
      9329.28457	      2.85020e-17	
      9331.18552	      2.99175e-17	
      9333.08648	      3.10529e-17	
      9334.98743	      3.05320e-17	
      9336.88838	      2.76195e-17	
      9338.78933	      2.60167e-17	
      9340.69028	      2.83322e-17	
      9342.59123	      2.98351e-17	
      9344.49218	      3.05132e-17	
      9346.39313	      3.29059e-17	
      9348.29408	      3.23111e-17	
      9350.19503	      2.94223e-17	
      9352.09598	      2.93433e-17	
      9353.99693	      2.68705e-17	
      9355.89788	      2.93190e-17	
      9357.79883	      3.14847e-17	
      9359.69978	      3.36483e-17	
      9361.60073	      3.38412e-17	
      9363.50168	      3.23692e-17	
      9365.40263	      3.25279e-17	
      9367.30358	      3.06404e-17	
      9369.20453	      2.99073e-17	
      9371.10548	      3.12210e-17	
      9373.00643	      3.14348e-17	
      9374.90738	      3.81254e-17	
      9376.80834	      3.40611e-17	
      9378.70929	      3.16731e-17	
      9380.61024	      3.63607e-17	
      9382.51119	      3.51687e-17	
      9384.41214	      3.82217e-17	
      9386.31309	      3.72116e-17	
      9388.21404	      3.68334e-17	
      9390.11499	      3.82896e-17	
      9392.01594	      3.82061e-17	
      9393.91689	      3.85246e-17	
      9395.81784	      3.83163e-17	
      9397.71879	      3.59671e-17	
      9399.61974	      3.53294e-17	
      9401.52069	      3.72455e-17	
      9403.42164	      3.82969e-17	
      9405.32259	      3.84607e-17	
      9407.22354	      3.78807e-17	
      9409.12449	      3.85478e-17	
      9411.02544	      3.83332e-17	
      9412.92639	      3.73702e-17	
      9414.82734	      3.68082e-17	
      9416.72829	      3.80561e-17	
      9418.62924	      3.69797e-17	
      9420.53020	      3.60195e-17	
      9422.43115	      3.17585e-17	
      9424.33210	      3.26684e-17	
      9426.23305	      3.25372e-17	
      9428.13400	      3.42565e-17	
      9430.03495	      3.59171e-17	
      9431.93590	      3.78841e-17	
      9433.83685	      3.82447e-17	
      9435.73780	      3.75257e-17	
      9437.63875	      3.19258e-17	
      9439.53970	      3.16550e-17	
      9441.44065	      3.52547e-17	
      9443.34160	      3.83307e-17	
      9445.24255	      4.18550e-17	
      9447.14350	      4.11219e-17	
      9449.04445	      4.12892e-17	
      9450.94540	      3.85704e-17	
      9452.84635	      3.60118e-17	
      9454.74730	      3.82563e-17	
      9456.64825	      3.53243e-17	
      9458.54920	      3.51080e-17	
      9460.45015	      3.46652e-17	
      9462.35110	      3.93740e-17	
      9464.25206	      3.96433e-17	
      9466.15301	      3.76748e-17	
      9468.05396	      3.56336e-17	
      9469.95491	      3.76621e-17	
      9471.85586	      3.95621e-17	
      9473.75681	      3.45305e-17	
      9475.65776	      3.53350e-17	
      9477.55871	      3.52723e-17	
      9479.45966	      4.25778e-17	
      9481.36061	      4.12307e-17	
      9483.26156	      4.25872e-17	
      9485.16251	      4.21070e-17	
      9487.06346	      4.12356e-17	
      9488.96441	      3.99334e-17	
      9490.86536	      3.70812e-17	
      9492.76631	      3.73077e-17	
      9494.66726	      3.67998e-17	
      9496.56821	      3.51980e-17	
      9498.46916	      3.64408e-17	
      9500.37011	      3.95262e-17	
      9502.27106	      4.53491e-17	
      9504.17201	      4.12045e-17	
      9506.07296	      4.33054e-17	
      9507.97392	      4.36492e-17	
      9509.87487	      3.91968e-17	
      9511.77582	      3.62893e-17	
      9513.67677	      2.83799e-17	
      9515.57772	      2.49687e-17	
      9517.47867	      3.12393e-17	
      9519.37962	      2.59646e-17	
      9521.28057	      3.62022e-17	
      9523.18152	      3.92608e-17	
      9525.08247	      4.17429e-17	
      9526.98342	      4.33525e-17	
      9528.88437	      4.39328e-17	
      9530.78532	      4.34618e-17	
      9532.68627	      4.05101e-17	
      9534.58722	      4.22710e-17	
      9536.48817	      4.16685e-17	
      9538.38912	      4.10347e-17	
      9540.29007	      4.27854e-17	
      9542.19102	      4.04039e-17	
      9544.09197	      4.18248e-17	
      9545.99292	      4.19091e-17	
      9547.89387	      4.32791e-17	
      9549.79482	      4.19165e-17	
      9551.69578	      4.07205e-17	
      9553.59673	      4.46018e-17	
      9555.49768	      4.47712e-17	
      9557.39863	      4.15891e-17	
      9559.29958	      4.16355e-17	
      9561.20053	      3.86031e-17	
      9563.10148	      3.60067e-17	
      9565.00243	      3.78277e-17	
      9566.90338	      3.88207e-17	
      9568.80433	      4.05666e-17	
      9570.70528	      4.45021e-17	
      9572.60623	      4.57737e-17	
      9574.50718	      4.36147e-17	
      9576.40813	      4.31864e-17	
      9578.30908	      4.30478e-17	
      9580.21003	      4.38630e-17	
      9582.11098	      4.73160e-17	
      9584.01193	      4.55231e-17	
      9585.91288	      4.39868e-17	
      9587.81383	      4.31703e-17	
      9589.71478	      3.96804e-17	
      9591.61573	      4.33410e-17	
      9593.51668	      4.30023e-17	
      9595.41763	      4.16766e-17	
      9597.31859	      4.36665e-17	
      9599.21954	      4.55015e-17	
      9601.12049	      4.57563e-17	
      9603.02144	      4.47554e-17	
      9604.92239	      4.27435e-17	
      9606.82334	      4.18506e-17	
      9608.72429	      4.44240e-17	
      9610.62524	      4.71252e-17	
      9612.52619	      4.42354e-17	
      9614.42714	      4.66297e-17	
      9616.32809	      4.73058e-17	
      9618.22904	      4.61505e-17	
      9620.12999	      4.44656e-17	
      9622.03094	      4.71618e-17	
      9623.93189	      4.67555e-17	
      9625.83284	      4.50905e-17	
      9627.73379	      4.53256e-17	
      9629.63474	      4.22092e-17	
      9631.53569	      4.09469e-17	
      9633.43664	      4.07378e-17	
      9635.33759	      4.08706e-17	
      9637.23854	      3.80838e-17	
      9639.13949	      3.86040e-17	
      9641.04045	      4.26457e-17	
      9642.94140	      4.45987e-17	
      9644.84235	      4.42839e-17	
      9646.74330	      4.62226e-17	
      9648.64425	      4.85001e-17	
      9650.54520	      4.73230e-17	
      9652.44615	      4.32235e-17	
      9654.34710	      4.35129e-17	
      9656.24805	      4.39913e-17	
      9658.14900	      4.42712e-17	
      9660.04995	      4.64063e-17	
      9661.95090	      4.51453e-17	
      9663.85185	      4.74823e-17	
      9665.75280	      4.85169e-17	
      9667.65375	      4.91962e-17	
      9669.55470	      5.10457e-17	
      9671.45565	      4.89604e-17	
      9673.35660	      5.19295e-17	
      9675.25755	      5.03328e-17	
      9677.15850	      5.07096e-17	
      9679.05945	      4.97265e-17	
      9680.96040	      5.33461e-17	
      9682.86135	      5.05252e-17	
      9684.76231	      5.06311e-17	
      9686.66326	      4.91084e-17	
      9688.56421	      4.62039e-17	
      9690.46516	      4.25656e-17	
      9692.36611	      4.42574e-17	
      9694.26706	      4.46015e-17	
      9696.16801	      4.70480e-17	
      9698.06896	      4.70831e-17	
      9699.96991	      4.49502e-17	
      9701.87086	      4.77430e-17	
      9703.77181	      4.78395e-17	
      9705.67276	      4.89654e-17	
      9707.57371	      4.63846e-17	
      9709.47466	      5.16077e-17	
      9711.37561	      4.98421e-17	
      9713.27656	      5.36559e-17	
      9715.17751	      5.29413e-17	
      9717.07846	      4.89564e-17	
      9718.97941	      5.29222e-17	
      9720.88036	      5.39318e-17	
      9722.78131	      5.20190e-17	
      9724.68226	      5.21533e-17	
      9726.58321	      5.09736e-17	
      9728.48417	      5.20356e-17	
      9730.38512	      5.23529e-17	
      9732.28607	      5.23797e-17	
      9734.18702	      5.16452e-17	
      9736.08797	      5.19974e-17	
      9737.98892	      5.47081e-17	
      9739.88987	      5.23229e-17	
      9741.79082	      5.54409e-17	
      9743.69177	      5.22543e-17	
      9745.59272	      5.07133e-17	
      9747.49367	      4.96368e-17	
      9749.39462	      5.05651e-17	
      9751.29557	      5.02116e-17	
      9753.19652	      5.23051e-17	
      9755.09747	      5.31445e-17	
      9756.99842	      5.26060e-17	
      9758.89937	      5.19226e-17	
      9760.80032	      5.37655e-17	
      9762.70127	      5.12455e-17	
      9764.60222	      4.98109e-17	
      9766.50317	      5.52023e-17	
      9768.40412	      5.63036e-17	
      9770.30507	      5.38367e-17	
      9772.20603	      5.45940e-17	
      9774.10698	      5.58579e-17	
      9776.00793	      5.41594e-17	
      9777.90888	      5.40719e-17	
      9779.80983	      5.75205e-17	
      9781.71078	      6.05426e-17	
      9783.61173	      6.12193e-17	
      9785.51268	      7.55931e-17	
      9787.41363	      8.16689e-17	
      9789.31458	      7.51489e-17	
      9791.21553	      7.69393e-17	
      9793.11648	      7.66566e-17	
      9795.01743	      7.55600e-17	
      9796.91838	      7.21600e-17	
      9798.81933	      6.07240e-17	
      9800.72028	      5.64036e-17	
      9802.62123	      5.39727e-17	
      9804.52218	      5.36311e-17	
      9806.42313	      5.45805e-17	
      9808.32408	      5.51591e-17	
      9810.22503	      5.74030e-17	
      9812.12598	      5.31040e-17	
      9814.02693	      5.19772e-17	
      9815.92789	      5.03602e-17	
      9817.82884	      4.94536e-17	
      9819.72979	      5.39154e-17	
      9821.63074	      5.16443e-17	
      9823.53169	      5.33181e-17	
      9825.43264	      5.87383e-17	
      9827.33359	      5.31658e-17	
      9829.23454	      5.68533e-17	
      9831.13549	      5.96545e-17	
      9833.03644	      5.82194e-17	
      9834.93739	      5.86224e-17	
      9836.83834	      5.24632e-17	
      9838.73929	      5.49926e-17	
      9840.64024	      5.15661e-17	
      9842.54119	      5.50248e-17	
      9844.44214	      5.60099e-17	
      9846.34309	      5.90637e-17	
      9848.24404	      5.79764e-17	
      9850.14499	      5.48628e-17	
      9852.04594	      5.57432e-17	
      9853.94689	      6.06805e-17	
      9855.84784	      5.84433e-17	
      9857.74879	      5.63233e-17	
      9859.64974	      5.86901e-17	
      9861.55070	      6.09009e-17	
      9863.45165	      5.72256e-17	
      9865.35260	      5.63952e-17	
      9867.25355	      5.99575e-17	
      9869.15450	      5.88592e-17	
      9871.05545	      5.54289e-17	
      9872.95640	      5.39309e-17	
      9874.85735	      6.05551e-17	
      9876.75830	      6.20539e-17	
      9878.65925	      5.86322e-17	
      9880.56020	      6.36452e-17	
      9882.46115	      6.02794e-17	
      9884.36210	      5.99638e-17	
      9886.26305	      5.56478e-17	
      9888.16400	      5.41092e-17	
      9890.06495	      6.00627e-17	
      9891.96590	      5.35442e-17	
      9893.86685	      4.00274e-17	
      9895.76780	      4.44203e-17	
      9897.66875	      4.50261e-17	
      9899.56970	      4.34495e-17	
      9901.47065	      4.37401e-17	
      9903.37160	      4.72020e-17	
      9905.27256	      4.33443e-17	
      9907.17351	      4.39560e-17	
      9909.07446	      3.36813e-17	
      9910.97541	      3.34735e-17	
      9912.87636	      3.42839e-17	
      9914.77731	      4.36081e-17	
      9916.67826	      4.31895e-17	
      9918.57921	      3.64494e-17	
      9920.48016	      2.96837e-17	
      9922.38111	      4.16119e-17	
      9924.28206	      4.19224e-17	
      9926.18301	      3.17861e-17	
      9928.08396	      3.52492e-17	
      9929.98491	      4.16856e-17	
      9931.88586	      4.16001e-17	
      9933.78681	      4.41758e-17	
      9935.68776	      4.26690e-17	
      9937.58871	      4.27594e-17	
      9939.48966	      4.22350e-17	
      9941.39061	      4.96653e-17	
      9943.29156	      6.82266e-17	
      9945.19251	      4.40669e-17	
      9947.09346	      4.84006e-17	
      9948.99442	      5.62022e-17	
      9950.89537	      5.86410e-17	
      9952.79632	      5.54600e-17	
      9954.69727	      6.71750e-17	
      9956.59822	      4.45345e-17	
      9958.49917	      5.40304e-17	
      9960.40012	      5.64344e-17	
      9962.30107	      5.65290e-17	
      9964.20202	      4.85165e-17	
      9966.10297	      4.60864e-17	
      9968.00392	      5.58687e-17	
      9969.90487	      5.56679e-17	
      9971.80582	      4.25679e-17	
      9973.70677	      4.92623e-17	
      9975.60772	      3.95673e-17	
      9977.50867	      4.41017e-17	
      9979.40962	      4.81748e-17	
      9981.31057	      5.10439e-17	
      9983.21152	      4.74514e-17	
      9985.11247	      4.77766e-17	
      9987.01342	      4.71474e-17	
      9988.91437	      4.75677e-17	
      9990.81532	      4.81670e-17	
      9992.71628	      5.15106e-17	
      9994.61723	      4.81613e-17	
      9996.51818	      3.74711e-17	
      9998.41913	      5.57243e-17	
     10000.32008	      5.29200e-17	
     10002.22103	      5.60105e-17	
     10004.12198	      6.00456e-17	
     10006.02293	      6.00470e-17	
     10007.92388	      5.78041e-17	
     10009.82483	      4.77040e-17	
     10011.72578	      4.58405e-17	
     10013.62673	      3.83162e-17	
     10015.52768	      4.20136e-17	
     10017.42863	      4.79088e-17	
     10019.32958	      4.42742e-17	
     10021.23053	      5.34531e-17	
     10023.13148	      5.26047e-17	
     10025.03243	      4.97512e-17	
     10026.93338	      5.00255e-17	
     10028.83433	      4.74967e-17	
     10030.73528	      3.85052e-17	
     10032.63623	      4.12294e-17	
     10034.53718	      5.42204e-17	
     10036.43814	      4.76791e-17	
     10038.33909	      5.11641e-17	
     10040.24004	      5.54975e-17	
     10042.14099	      5.79107e-17	
     10044.04194	      4.74086e-17	
     10045.94289	      3.98337e-17	
     10047.84384	      4.88900e-17	
     10049.74479	      5.01106e-17	
     10051.64574	      4.94460e-17	
     10053.54669	      5.28214e-17	
     10055.44764	      5.58208e-17	
     10057.34859	      5.18120e-17	
     10059.24954	      3.95424e-17	
     10061.15049	      3.93480e-17	
     10063.05144	      5.25197e-17	
     10064.95239	      4.65828e-17	
     10066.85334	      5.08265e-17	
     10068.75429	      6.29059e-17	
     10070.65524	      5.75279e-17	
     10072.55619	      5.78016e-17	
     10074.45714	      6.51054e-17	
     10076.35809	      6.09179e-17	
     10078.25904	      6.74985e-17	
     10080.16000	      7.52600e-17	
     10082.06095	      8.26236e-17	
     10083.96190	      7.78148e-17	
     10085.86285	      6.78646e-17	
     10087.76380	      3.39771e-17	
     10089.66475	      1.19766e-17	
     10091.56570	      5.57678e-17	
     10093.46665	      5.69638e-17	
     10095.36760	      5.02821e-17	
     10097.26855	      5.03522e-17	
     10099.16950	      5.48760e-17	
     10101.07045	      4.95194e-17	
     10102.97140	      4.33610e-17	
     10104.87235	      5.52986e-17	
     10106.77330	      5.81004e-17	
     10108.67425	      6.21367e-17	
     10110.57520	      6.89434e-17	
     10112.47615	      6.87553e-17	
     10114.37710	      6.79247e-17	
     10116.27805	      5.65570e-17	
     10118.17900	      4.99929e-17	
     10120.07995	      5.77364e-17	
     10121.98090	      7.25671e-17	
     10123.88186	      8.19934e-17	
     10125.78281	      6.76515e-17	
     10127.68376	      6.67209e-17	
     10129.58471	      7.57241e-17	
     10131.48566	      5.97471e-17	
     10133.38661	      5.57421e-17	
     10135.28756	      6.65034e-17	
     10137.18851	      6.99761e-17	
     10139.08946	      6.39897e-17	
     10140.99041	      6.53605e-17	
     10142.89136	      6.42836e-17	
     10144.79231	      7.04237e-17	
     10146.69326	      7.60807e-17	
     10148.59421	      6.93235e-17	
     10150.49516	      5.47466e-17	
     10152.39611	      6.57377e-17	
     10154.29706	      6.64492e-17	
     10156.19801	      1.99746e-17	
     10158.09896	     -3.00462e-17	
     10159.99991	      1.66159e-17	
#time:0.033640
