# Keck LRIS spectra of late-M, L and T dwarfs
# spty = L3  (Spectral type)
#
#     WAVELENGTH	#           FLUX	
#     (ANGSTROM)	#  (ERG/CM2/S/A)	
################	################	
      6300.00000	     6.60305e-18	
      6301.90000	     7.20961e-18	
      6303.80000	     7.21144e-18	
      6305.70000	     6.39967e-18	
      6307.60000	     7.36188e-18	
      6309.50000	     7.26777e-18	
      6311.40000	     7.18549e-18	
      6313.30000	     7.36556e-18	
      6315.20000	     7.20403e-18	
      6317.10000	     6.94244e-18	
      6319.00000	     6.16011e-18	
      6320.90000	     5.25541e-18	
      6322.80000	     8.24288e-18	
      6324.70000	     7.62069e-18	
      6326.60000	     7.33669e-18	
      6328.50000	     7.88798e-18	
      6330.40000	     8.87458e-18	
      6332.30000	     6.64340e-18	
      6334.20000	     7.10216e-18	
      6336.10000	     7.96817e-18	
      6338.00000	     8.95063e-18	
      6339.90000	     8.48502e-18	
      6341.80000	     8.55980e-18	
      6343.70000	     8.51902e-18	
      6345.60000	     8.35218e-18	
      6347.50000	     8.60276e-18	
      6349.40000	     8.84669e-18	
      6351.30000	     8.82264e-18	
      6353.20000	     1.00370e-17	
      6355.10000	     8.85005e-18	
      6357.00000	     7.08973e-18	
      6358.90000	     7.42025e-18	
      6360.80000	     9.62086e-18	
      6362.70000	     8.55378e-18	
      6364.60000	     9.18130e-18	
      6366.50000	     9.38096e-18	
      6368.40000	     9.10008e-18	
      6370.30000	     7.94630e-18	
      6372.20000	     9.73656e-18	
      6374.10000	     8.59413e-18	
      6376.00000	     8.50693e-18	
      6377.90000	     9.28548e-18	
      6379.80000	     9.46663e-18	
      6381.70000	     9.20498e-18	
      6383.60000	     8.67688e-18	
      6385.50000	     8.79282e-18	
      6387.40000	     8.24179e-18	
      6389.30000	     8.44200e-18	
      6391.20000	     8.41938e-18	
      6393.10000	     7.93452e-18	
      6395.00000	     8.59037e-18	
      6396.90000	     9.42037e-18	
      6398.80000	     9.08530e-18	
      6400.70000	     7.45296e-18	
      6402.60000	     8.54581e-18	
      6404.50000	     9.52875e-18	
      6406.40000	     9.87553e-18	
      6408.30000	     9.83297e-18	
      6410.20000	     9.30735e-18	
      6412.10000	     9.96914e-18	
      6414.00000	     1.00881e-17	
      6415.90000	     8.93675e-18	
      6417.80000	     9.08054e-18	
      6419.70000	     8.48505e-18	
      6421.60000	     9.22512e-18	
      6423.50000	     9.87042e-18	
      6425.40000	     1.01185e-17	
      6427.30000	     9.67491e-18	
      6429.20000	     9.70662e-18	
      6431.10000	     9.86665e-18	
      6433.00000	     9.14794e-18	
      6434.90000	     9.51833e-18	
      6436.80000	     9.64132e-18	
      6438.70000	     9.33111e-18	
      6440.60000	     9.24323e-18	
      6442.50000	     1.13850e-17	
      6444.40000	     1.05861e-17	
      6446.30000	     9.83996e-18	
      6448.20000	     9.50240e-18	
      6450.10000	     9.83370e-18	
      6452.00000	     9.45411e-18	
      6453.90000	     1.04419e-17	
      6455.80000	     9.58269e-18	
      6457.70000	     9.88491e-18	
      6459.60000	     1.07384e-17	
      6461.50000	     1.05841e-17	
      6463.40000	     1.15033e-17	
      6465.30000	     1.09958e-17	
      6467.20000	     1.05100e-17	
      6469.10000	     1.08931e-17	
      6471.00000	     1.08977e-17	
      6472.90000	     1.16574e-17	
      6474.80000	     1.03414e-17	
      6476.70000	     9.38979e-18	
      6478.60000	     1.11220e-17	
      6480.50000	     1.08829e-17	
      6482.40000	     1.07809e-17	
      6484.30000	     1.06838e-17	
      6486.20000	     9.48203e-18	
      6488.10000	     1.00146e-17	
      6490.00000	     1.03590e-17	
      6491.90000	     1.07626e-17	
      6493.80000	     1.15206e-17	
      6495.70000	     1.05575e-17	
      6497.60000	     1.12861e-17	
      6499.50000	     1.20752e-17	
      6501.40000	     1.27388e-17	
      6503.30000	     1.25896e-17	
      6505.20000	     1.12517e-17	
      6507.10000	     1.27340e-17	
      6509.00000	     1.21377e-17	
      6510.90000	     1.15857e-17	
      6512.80000	     1.14590e-17	
      6514.70000	     1.37053e-17	
      6516.60000	     1.39592e-17	
      6518.50000	     1.44695e-17	
      6520.40000	     1.41764e-17	
      6522.30000	     1.34525e-17	
      6524.20000	     1.49307e-17	
      6526.10000	     1.44177e-17	
      6528.00000	     1.49486e-17	
      6529.90000	     1.46122e-17	
      6531.80000	     1.46161e-17	
      6533.70000	     1.58814e-17	
      6535.60000	     1.65434e-17	
      6537.50000	     1.65262e-17	
      6539.40000	     1.60265e-17	
      6541.30000	     1.58339e-17	
      6543.20000	     1.65866e-17	
      6545.10000	     1.72480e-17	
      6547.00000	     1.72278e-17	
      6548.90000	     1.67882e-17	
      6550.80000	     1.54261e-17	
      6552.70000	     1.69946e-17	
      6554.60000	     1.78629e-17	
      6556.50000	     1.71595e-17	
      6558.40000	     1.79221e-17	
      6560.30000	     1.89387e-17	
      6562.20000	     1.96270e-17	
      6564.10000	     2.08091e-17	
      6566.00000	     2.07408e-17	
      6567.90000	     1.82834e-17	
      6569.80000	     1.72722e-17	
      6571.70000	     1.63708e-17	
      6573.60000	     1.66449e-17	
      6575.50000	     1.72819e-17	
      6577.40000	     1.76018e-17	
      6579.30000	     1.77198e-17	
      6581.20000	     1.74990e-17	
      6583.10000	     1.71837e-17	
      6585.00000	     1.66404e-17	
      6586.90000	     1.74950e-17	
      6588.80000	     1.71208e-17	
      6590.70000	     1.72840e-17	
      6592.60000	     1.64206e-17	
      6594.50000	     1.73290e-17	
      6596.40000	     1.70995e-17	
      6598.30000	     1.84045e-17	
      6600.20000	     1.83058e-17	
      6602.10000	     1.75734e-17	
      6604.00000	     1.80706e-17	
      6605.90000	     1.78483e-17	
      6607.80000	     1.78919e-17	
      6609.70000	     1.85400e-17	
      6611.60000	     1.79360e-17	
      6613.50000	     1.82738e-17	
      6615.40000	     1.86722e-17	
      6617.30000	     2.00397e-17	
      6619.20000	     1.95986e-17	
      6621.10000	     1.93844e-17	
      6623.00000	     1.82833e-17	
      6624.90000	     1.93943e-17	
      6626.80000	     1.84227e-17	
      6628.70000	     1.80533e-17	
      6630.60000	     1.88023e-17	
      6632.50000	     2.01172e-17	
      6634.40000	     1.96421e-17	
      6636.30000	     1.95708e-17	
      6638.20000	     1.93750e-17	
      6640.10000	     1.96878e-17	
      6642.00000	     1.93735e-17	
      6643.90000	     1.98490e-17	
      6645.80000	     1.90386e-17	
      6647.70000	     1.89246e-17	
      6649.60000	     1.95169e-17	
      6651.50000	     1.99353e-17	
      6653.40000	     2.00371e-17	
      6655.30000	     2.01326e-17	
      6657.20000	     1.87755e-17	
      6659.10000	     1.86905e-17	
      6661.00000	     1.98433e-17	
      6662.90000	     2.08898e-17	
      6664.80000	     2.00104e-17	
      6666.70000	     1.96571e-17	
      6668.60000	     1.96275e-17	
      6670.50000	     2.09460e-17	
      6672.40000	     2.11998e-17	
      6674.30000	     2.06516e-17	
      6676.20000	     2.02190e-17	
      6678.10000	     2.07041e-17	
      6680.00000	     2.13157e-17	
      6681.90000	     2.04555e-17	
      6683.80000	     2.00782e-17	
      6685.70000	     2.07373e-17	
      6687.60000	     2.12557e-17	
      6689.50000	     2.12850e-17	
      6691.40000	     2.14183e-17	
      6693.30000	     2.13964e-17	
      6695.20000	     2.21292e-17	
      6697.10000	     2.11702e-17	
      6699.00000	     2.04641e-17	
      6700.90000	     2.05133e-17	
      6702.80000	     2.05760e-17	
      6704.70000	     2.14066e-17	
      6706.60000	     2.14958e-17	
      6708.50000	     2.17994e-17	
      6710.40000	     2.16465e-17	
      6712.30000	     2.15315e-17	
      6714.20000	     2.19523e-17	
      6716.10000	     2.19297e-17	
      6718.00000	     2.36181e-17	
      6719.90000	     2.18002e-17	
      6721.80000	     2.20189e-17	
      6723.70000	     2.28402e-17	
      6725.60000	     2.32527e-17	
      6727.50000	     2.12037e-17	
      6729.40000	     2.27504e-17	
      6731.30000	     2.22901e-17	
      6733.20000	     2.26381e-17	
      6735.10000	     2.19266e-17	
      6737.00000	     2.28273e-17	
      6738.90000	     2.30263e-17	
      6740.80000	     2.22386e-17	
      6742.70000	     2.36066e-17	
      6744.60000	     2.36801e-17	
      6746.50000	     2.28361e-17	
      6748.40000	     2.31554e-17	
      6750.30000	     2.31816e-17	
      6752.20000	     2.29920e-17	
      6754.10000	     2.32216e-17	
      6756.00000	     2.35336e-17	
      6757.90000	     2.43481e-17	
      6759.80000	     2.43340e-17	
      6761.70000	     2.36394e-17	
      6763.60000	     2.35790e-17	
      6765.50000	     2.34998e-17	
      6767.40000	     2.47212e-17	
      6769.30000	     2.37511e-17	
      6771.20000	     2.34114e-17	
      6773.10000	     2.39068e-17	
      6775.00000	     2.43712e-17	
      6776.90000	     2.39484e-17	
      6778.80000	     2.47229e-17	
      6780.70000	     2.30929e-17	
      6782.60000	     2.28209e-17	
      6784.50000	     2.38499e-17	
      6786.40000	     2.32867e-17	
      6788.30000	     2.19942e-17	
      6790.20000	     2.27582e-17	
      6792.10000	     2.21080e-17	
      6794.00000	     2.23609e-17	
      6795.90000	     2.17630e-17	
      6797.80000	     2.17680e-17	
      6799.70000	     2.36673e-17	
      6801.60000	     2.25874e-17	
      6803.50000	     2.15596e-17	
      6805.40000	     2.24205e-17	
      6807.30000	     2.18486e-17	
      6809.20000	     2.24058e-17	
      6811.10000	     2.09953e-17	
      6813.00000	     2.16944e-17	
      6814.90000	     2.23021e-17	
      6816.80000	     2.17789e-17	
      6818.70000	     2.11953e-17	
      6820.60000	     2.08905e-17	
      6822.50000	     2.17203e-17	
      6824.40000	     2.15472e-17	
      6826.30000	     2.05372e-17	
      6828.20000	     1.93772e-17	
      6830.10000	     2.12671e-17	
      6832.00000	     2.23913e-17	
      6833.90000	     2.03498e-17	
      6835.80000	     2.13655e-17	
      6837.70000	     2.05154e-17	
      6839.60000	     2.11073e-17	
      6841.50000	     2.05918e-17	
      6843.40000	     2.04901e-17	
      6845.30000	     2.03676e-17	
      6847.20000	     1.99327e-17	
      6849.10000	     1.93879e-17	
      6851.00000	     2.00681e-17	
      6852.90000	     1.98983e-17	
      6854.80000	     1.92979e-17	
      6856.70000	     2.00294e-17	
      6858.60000	     2.06746e-17	
      6860.50000	     2.08468e-17	
      6862.40000	     1.99872e-17	
      6864.30000	     1.99208e-17	
      6866.20000	     1.92461e-17	
      6868.10000	     1.82899e-17	
      6870.00000	     1.55935e-17	
      6871.90000	     1.33585e-17	
      6873.80000	     1.48182e-17	
      6875.70000	     1.54694e-17	
      6877.60000	     1.53010e-17	
      6879.50000	     1.73080e-17	
      6881.40000	     1.85544e-17	
      6883.30000	     1.84453e-17	
      6885.20000	     1.84787e-17	
      6887.10000	     1.85475e-17	
      6889.00000	     1.67697e-17	
      6890.90000	     1.60422e-17	
      6892.80000	     1.58783e-17	
      6894.70000	     1.59756e-17	
      6896.60000	     1.58686e-17	
      6898.50000	     1.67163e-17	
      6900.40000	     1.63341e-17	
      6902.30000	     1.60988e-17	
      6904.20000	     1.64140e-17	
      6906.10000	     1.70401e-17	
      6908.00000	     1.80865e-17	
      6909.90000	     1.77928e-17	
      6911.80000	     1.71937e-17	
      6913.70000	     1.75475e-17	
      6915.60000	     1.64804e-17	
      6917.50000	     1.75747e-17	
      6919.40000	     1.85596e-17	
      6921.30000	     1.84839e-17	
      6923.20000	     1.85491e-17	
      6925.10000	     1.98988e-17	
      6927.00000	     2.01913e-17	
      6928.90000	     2.08553e-17	
      6930.80000	     1.99844e-17	
      6932.70000	     2.11776e-17	
      6934.60000	     2.17313e-17	
      6936.50000	     2.14847e-17	
      6938.40000	     2.17510e-17	
      6940.30000	     2.13897e-17	
      6942.20000	     2.06646e-17	
      6944.10000	     2.29149e-17	
      6946.00000	     2.44922e-17	
      6947.90000	     2.37427e-17	
      6949.80000	     2.38236e-17	
      6951.70000	     2.36982e-17	
      6953.60000	     2.41973e-17	
      6955.50000	     2.32558e-17	
      6957.40000	     2.32233e-17	
      6959.30000	     2.31074e-17	
      6961.20000	     2.21934e-17	
      6963.10000	     2.32337e-17	
      6965.00000	     2.36181e-17	
      6966.90000	     2.33594e-17	
      6968.80000	     2.29272e-17	
      6970.70000	     2.29601e-17	
      6972.60000	     2.38781e-17	
      6974.50000	     2.36500e-17	
      6976.40000	     2.36105e-17	
      6978.30000	     2.44362e-17	
      6980.20000	     2.33266e-17	
      6982.10000	     2.27565e-17	
      6984.00000	     2.34587e-17	
      6985.90000	     2.42745e-17	
      6987.80000	     2.35217e-17	
      6989.70000	     2.43184e-17	
      6991.60000	     2.33395e-17	
      6993.50000	     2.31166e-17	
      6995.40000	     2.37755e-17	
      6997.30000	     2.39256e-17	
      6999.20000	     2.44641e-17	
      7001.10000	     2.47854e-17	
      7003.00000	     2.51713e-17	
      7004.90000	     2.57468e-17	
      7006.80000	     2.53456e-17	
      7008.70000	     2.54609e-17	
      7010.60000	     2.69669e-17	
      7012.50000	     2.73245e-17	
      7014.40000	     2.71621e-17	
      7016.30000	     2.72854e-17	
      7018.20000	     2.73101e-17	
      7020.10000	     2.75392e-17	
      7022.00000	     2.91180e-17	
      7023.90000	     2.92444e-17	
      7025.80000	     3.01583e-17	
      7027.70000	     3.10159e-17	
      7029.60000	     3.15496e-17	
      7031.50000	     3.14940e-17	
      7033.40000	     3.17196e-17	
      7035.30000	     3.31820e-17	
      7037.20000	     3.41499e-17	
      7039.10000	     3.36043e-17	
      7041.00000	     3.50853e-17	
      7042.90000	     3.55940e-17	
      7044.80000	     3.60697e-17	
      7046.70000	     3.66769e-17	
      7048.60000	     3.58017e-17	
      7050.50000	     3.61910e-17	
      7052.40000	     3.63562e-17	
      7054.30000	     3.56240e-17	
      7056.20000	     3.46329e-17	
      7058.10000	     3.53534e-17	
      7060.00000	     3.59609e-17	
      7061.90000	     3.44341e-17	
      7063.80000	     3.35334e-17	
      7065.70000	     3.36252e-17	
      7067.60000	     3.51373e-17	
      7069.50000	     3.59427e-17	
      7071.40000	     3.52875e-17	
      7073.30000	     3.61389e-17	
      7075.20000	     3.59748e-17	
      7077.10000	     3.62062e-17	
      7079.00000	     3.55771e-17	
      7080.90000	     3.60917e-17	
      7082.80000	     3.68890e-17	
      7084.70000	     3.53514e-17	
      7086.60000	     3.56278e-17	
      7088.50000	     3.54149e-17	
      7090.40000	     3.37746e-17	
      7092.30000	     3.42265e-17	
      7094.20000	     3.52939e-17	
      7096.10000	     3.52232e-17	
      7098.00000	     3.61965e-17	
      7099.90000	     3.48300e-17	
      7101.80000	     3.65383e-17	
      7103.70000	     3.76350e-17	
      7105.60000	     3.60928e-17	
      7107.50000	     3.64838e-17	
      7109.40000	     3.71821e-17	
      7111.30000	     3.68826e-17	
      7113.20000	     3.61244e-17	
      7115.10000	     3.72969e-17	
      7117.00000	     3.67050e-17	
      7118.90000	     3.62369e-17	
      7120.80000	     3.76961e-17	
      7122.70000	     3.83461e-17	
      7124.60000	     3.83076e-17	
      7126.50000	     3.75323e-17	
      7128.40000	     3.73962e-17	
      7130.30000	     3.58745e-17	
      7132.20000	     3.69213e-17	
      7134.10000	     3.79767e-17	
      7136.00000	     3.84810e-17	
      7137.90000	     3.89399e-17	
      7139.80000	     3.83277e-17	
      7141.70000	     3.76895e-17	
      7143.60000	     3.73292e-17	
      7145.50000	     3.83738e-17	
      7147.40000	     3.96222e-17	
      7149.30000	     4.02103e-17	
      7151.20000	     4.04077e-17	
      7153.10000	     3.87222e-17	
      7155.00000	     3.94408e-17	
      7156.90000	     3.91206e-17	
      7158.80000	     4.04993e-17	
      7160.70000	     3.94561e-17	
      7162.60000	     3.94859e-17	
      7164.50000	     3.96529e-17	
      7166.40000	     4.03936e-17	
      7168.30000	     4.26217e-17	
      7170.20000	     4.07491e-17	
      7172.10000	     3.89605e-17	
      7174.00000	     3.88086e-17	
      7175.90000	     4.09359e-17	
      7177.80000	     4.07378e-17	
      7179.70000	     4.04049e-17	
      7181.60000	     3.99794e-17	
      7183.50000	     4.15905e-17	
      7185.40000	     4.11328e-17	
      7187.30000	     4.05825e-17	
      7189.20000	     4.01200e-17	
      7191.10000	     3.96303e-17	
      7193.00000	     3.93607e-17	
      7194.90000	     4.09781e-17	
      7196.80000	     4.29138e-17	
      7198.70000	     4.31930e-17	
      7200.60000	     4.19576e-17	
      7202.50000	     4.17816e-17	
      7204.40000	     4.23682e-17	
      7206.30000	     4.29809e-17	
      7208.20000	     4.39922e-17	
      7210.10000	     4.34877e-17	
      7212.00000	     4.31021e-17	
      7213.90000	     4.46035e-17	
      7215.80000	     4.52130e-17	
      7217.70000	     4.44917e-17	
      7219.60000	     4.54542e-17	
      7221.50000	     4.39925e-17	
      7223.40000	     4.41181e-17	
      7225.30000	     4.60466e-17	
      7227.20000	     4.51043e-17	
      7229.10000	     4.69598e-17	
      7231.00000	     4.60302e-17	
      7232.90000	     4.59387e-17	
      7234.80000	     4.52294e-17	
      7236.70000	     4.35425e-17	
      7238.60000	     4.40515e-17	
      7240.50000	     4.46929e-17	
      7242.40000	     4.61289e-17	
      7244.30000	     4.49748e-17	
      7246.20000	     4.67730e-17	
      7248.10000	     4.54206e-17	
      7250.00000	     4.87728e-17	
      7251.90000	     5.10615e-17	
      7253.80000	     5.06007e-17	
      7255.70000	     4.87953e-17	
      7257.60000	     4.92265e-17	
      7259.50000	     4.89597e-17	
      7261.40000	     4.87266e-17	
      7263.30000	     4.93631e-17	
      7265.20000	     4.93853e-17	
      7267.10000	     5.04073e-17	
      7269.00000	     4.94272e-17	
      7270.90000	     5.01198e-17	
      7272.80000	     5.14681e-17	
      7274.70000	     4.75007e-17	
      7276.60000	     4.79469e-17	
      7278.50000	     5.04022e-17	
      7280.40000	     5.01034e-17	
      7282.30000	     4.97422e-17	
      7284.20000	     5.16856e-17	
      7286.10000	     5.28473e-17	
      7288.00000	     5.16298e-17	
      7289.90000	     5.01484e-17	
      7291.80000	     5.04952e-17	
      7293.70000	     5.03803e-17	
      7295.60000	     5.15863e-17	
      7297.50000	     5.41980e-17	
      7299.40000	     5.59761e-17	
      7301.30000	     5.39544e-17	
      7303.20000	     5.37651e-17	
      7305.10000	     5.42268e-17	
      7307.00000	     5.26732e-17	
      7308.90000	     5.30791e-17	
      7310.80000	     5.55952e-17	
      7312.70000	     5.41329e-17	
      7314.60000	     5.60020e-17	
      7316.50000	     5.55517e-17	
      7318.40000	     5.50210e-17	
      7320.30000	     5.78372e-17	
      7322.20000	     5.67959e-17	
      7324.10000	     5.63555e-17	
      7326.00000	     5.62897e-17	
      7327.90000	     5.58626e-17	
      7329.80000	     5.34980e-17	
      7331.70000	     5.50204e-17	
      7333.60000	     5.50330e-17	
      7335.50000	     5.53250e-17	
      7337.40000	     5.98185e-17	
      7339.30000	     6.01960e-17	
      7341.20000	     5.88244e-17	
      7343.10000	     5.79223e-17	
      7345.00000	     5.64637e-17	
      7346.90000	     5.61750e-17	
      7348.80000	     5.73566e-17	
      7350.70000	     5.84574e-17	
      7352.60000	     5.83978e-17	
      7354.50000	     5.74634e-17	
      7356.40000	     5.43127e-17	
      7358.30000	     5.39689e-17	
      7360.20000	     5.53728e-17	
      7362.10000	     5.77054e-17	
      7364.00000	     5.58485e-17	
      7365.90000	     5.64288e-17	
      7367.80000	     5.73032e-17	
      7369.70000	     5.84771e-17	
      7371.60000	     5.82162e-17	
      7373.50000	     6.02978e-17	
      7375.40000	     5.73017e-17	
      7377.30000	     5.64802e-17	
      7379.20000	     5.73505e-17	
      7381.10000	     5.74118e-17	
      7383.00000	     5.77871e-17	
      7384.90000	     5.67541e-17	
      7386.80000	     5.70067e-17	
      7388.70000	     5.71110e-17	
      7390.60000	     5.74771e-17	
      7392.50000	     5.65361e-17	
      7394.40000	     5.57382e-17	
      7396.30000	     5.58898e-17	
      7398.20000	     5.58773e-17	
      7400.10000	     5.69285e-17	
      7402.00000	     5.68748e-17	
      7403.90000	     5.76037e-17	
      7405.80000	     5.63324e-17	
      7407.70000	     5.64314e-17	
      7409.60000	     5.67370e-17	
      7411.50000	     5.73646e-17	
      7413.40000	     5.66799e-17	
      7415.30000	     5.51650e-17	
      7417.20000	     5.44956e-17	
      7419.10000	     5.42942e-17	
      7421.00000	     5.37818e-17	
      7422.90000	     5.47883e-17	
      7424.80000	     5.60385e-17	
      7426.70000	     5.58345e-17	
      7428.60000	     5.57001e-17	
      7430.50000	     5.47724e-17	
      7432.40000	     5.49411e-17	
      7434.30000	     5.42685e-17	
      7436.20000	     5.44539e-17	
      7438.10000	     5.26341e-17	
      7440.00000	     5.35378e-17	
      7441.90000	     5.35124e-17	
      7443.80000	     5.36578e-17	
      7445.70000	     5.32425e-17	
      7447.60000	     5.42294e-17	
      7449.50000	     5.51310e-17	
      7451.40000	     5.39887e-17	
      7453.30000	     5.46879e-17	
      7455.20000	     5.36379e-17	
      7457.10000	     5.39003e-17	
      7459.00000	     5.44508e-17	
      7460.90000	     5.42158e-17	
      7462.80000	     5.28073e-17	
      7464.70000	     5.24642e-17	
      7466.60000	     5.21878e-17	
      7468.50000	     5.25871e-17	
      7470.40000	     5.39715e-17	
      7472.30000	     5.45079e-17	
      7474.20000	     5.36760e-17	
      7476.10000	     5.27898e-17	
      7478.00000	     5.23148e-17	
      7479.90000	     5.27112e-17	
      7481.80000	     5.19892e-17	
      7483.70000	     5.16377e-17	
      7485.60000	     5.37582e-17	
      7487.50000	     5.35241e-17	
      7489.40000	     5.38892e-17	
      7491.30000	     5.28573e-17	
      7493.20000	     5.27566e-17	
      7495.10000	     5.24989e-17	
      7497.00000	     5.20155e-17	
      7498.90000	     5.29760e-17	
      7500.80000	     5.39017e-17	
      7502.70000	     5.27366e-17	
      7504.60000	     5.35011e-17	
      7506.50000	     5.42827e-17	
      7508.40000	     5.24036e-17	
      7510.30000	     5.30480e-17	
      7512.20000	     5.38117e-17	
      7514.10000	     5.23299e-17	
      7516.00000	     5.30783e-17	
      7517.90000	     5.41232e-17	
      7519.80000	     5.18604e-17	
      7521.70000	     5.09960e-17	
      7523.60000	     5.06685e-17	
      7525.50000	     5.13006e-17	
      7527.40000	     5.22330e-17	
      7529.30000	     5.18372e-17	
      7531.20000	     5.31919e-17	
      7533.10000	     5.17340e-17	
      7535.00000	     5.29633e-17	
      7536.90000	     5.14929e-17	
      7538.80000	     5.22844e-17	
      7540.70000	     5.17189e-17	
      7542.60000	     5.16996e-17	
      7544.50000	     5.06291e-17	
      7546.40000	     5.01181e-17	
      7548.30000	     4.93004e-17	
      7550.20000	     4.98458e-17	
      7552.10000	     5.12880e-17	
      7554.00000	     5.03709e-17	
      7555.90000	     5.00355e-17	
      7557.80000	     4.91851e-17	
      7559.70000	     5.02185e-17	
      7561.60000	     4.96304e-17	
      7563.50000	     4.87877e-17	
      7565.40000	     4.87531e-17	
      7567.30000	     4.86746e-17	
      7569.20000	     4.87633e-17	
      7571.10000	     4.80412e-17	
      7573.00000	     4.73451e-17	
      7574.90000	     4.80466e-17	
      7576.80000	     4.71072e-17	
      7578.70000	     4.53242e-17	
      7580.60000	     4.49188e-17	
      7582.50000	     4.51736e-17	
      7584.40000	     4.49144e-17	
      7586.30000	     4.38291e-17	
      7588.20000	     4.32987e-17	
      7590.10000	     4.23319e-17	
      7592.00000	     4.10236e-17	
      7593.90000	     3.65393e-17	
      7595.80000	     2.69872e-17	
      7597.70000	     2.05715e-17	
      7599.60000	     1.78974e-17	
      7601.50000	     1.50309e-17	
      7603.40000	     1.13249e-17	
      7605.30000	     1.10609e-17	
      7607.20000	     1.05140e-17	
      7609.10000	     1.16565e-17	
      7611.00000	     1.33806e-17	
      7612.90000	     1.66203e-17	
      7614.80000	     2.00701e-17	
      7616.70000	     2.50316e-17	
      7618.60000	     2.55144e-17	
      7620.50000	     2.67201e-17	
      7622.40000	     2.47716e-17	
      7624.30000	     1.89022e-17	
      7626.20000	     1.63405e-17	
      7628.10000	     1.57975e-17	
      7630.00000	     1.51783e-17	
      7631.90000	     1.30204e-17	
      7633.80000	     1.40821e-17	
      7635.70000	     1.24065e-17	
      7637.60000	     1.21503e-17	
      7639.50000	     1.29737e-17	
      7641.40000	     1.26401e-17	
      7643.30000	     1.18357e-17	
      7645.20000	     1.10527e-17	
      7647.10000	     1.07321e-17	
      7649.00000	     9.43455e-18	
      7650.90000	     8.25287e-18	
      7652.80000	     8.61248e-18	
      7654.70000	     7.39695e-18	
      7656.60000	     6.30541e-18	
      7658.50000	     6.04812e-18	
      7660.40000	     4.96221e-18	
      7662.30000	     3.94752e-18	
      7664.20000	     2.76909e-18	
      7666.10000	     2.66035e-18	
      7668.00000	     3.69664e-18	
      7669.90000	     5.08007e-18	
      7671.80000	     6.81360e-18	
      7673.70000	     7.69015e-18	
      7675.60000	     8.34853e-18	
      7677.50000	     9.43067e-18	
      7679.40000	     1.08694e-17	
      7681.30000	     1.02821e-17	
      7683.20000	     1.22872e-17	
      7685.10000	     1.14648e-17	
      7687.00000	     1.24347e-17	
      7688.90000	     1.12650e-17	
      7690.80000	     9.35408e-18	
      7692.70000	     9.39704e-18	
      7694.60000	     5.85983e-18	
      7696.50000	     4.96039e-18	
      7698.40000	     4.25981e-18	
      7700.30000	     3.55255e-18	
      7702.20000	     5.45829e-18	
      7704.10000	     8.03701e-18	
      7706.00000	     8.26203e-18	
      7707.90000	     1.12370e-17	
      7709.80000	     1.35803e-17	
      7711.70000	     1.34550e-17	
      7713.60000	     1.58960e-17	
      7715.50000	     1.67322e-17	
      7717.40000	     1.95313e-17	
      7719.30000	     2.00759e-17	
      7721.20000	     2.20073e-17	
      7723.10000	     2.48311e-17	
      7725.00000	     2.60999e-17	
      7726.90000	     2.76139e-17	
      7728.80000	     2.94122e-17	
      7730.70000	     2.97263e-17	
      7732.60000	     3.12463e-17	
      7734.50000	     3.16701e-17	
      7736.40000	     3.25472e-17	
      7738.30000	     3.20855e-17	
      7740.20000	     3.33126e-17	
      7742.10000	     3.61516e-17	
      7744.00000	     3.57367e-17	
      7745.90000	     3.56110e-17	
      7747.80000	     3.56071e-17	
      7749.70000	     3.64309e-17	
      7751.60000	     3.71007e-17	
      7753.50000	     3.60506e-17	
      7755.40000	     3.86768e-17	
      7757.30000	     4.17159e-17	
      7759.20000	     4.20443e-17	
      7761.10000	     4.20761e-17	
      7763.00000	     4.05596e-17	
      7764.90000	     4.22393e-17	
      7766.80000	     4.48495e-17	
      7768.70000	     4.62547e-17	
      7770.60000	     4.92777e-17	
      7772.50000	     4.92333e-17	
      7774.40000	     4.84427e-17	
      7776.30000	     4.74952e-17	
      7778.20000	     4.61189e-17	
      7780.10000	     4.79185e-17	
      7782.00000	     4.68971e-17	
      7783.90000	     4.76606e-17	
      7785.80000	     4.68691e-17	
      7787.70000	     4.76019e-17	
      7789.60000	     4.75448e-17	
      7791.50000	     5.06783e-17	
      7793.40000	     4.55278e-17	
      7795.30000	     4.12893e-17	
      7797.20000	     3.31070e-17	
      7799.10000	     2.82281e-17	
      7801.00000	     2.68943e-17	
      7802.90000	     3.54805e-17	
      7804.80000	     4.53402e-17	
      7806.70000	     5.03453e-17	
      7808.60000	     5.16432e-17	
      7810.50000	     4.91962e-17	
      7812.40000	     4.99163e-17	
      7814.30000	     5.56871e-17	
      7816.20000	     5.57529e-17	
      7818.10000	     5.48628e-17	
      7820.00000	     5.56534e-17	
      7821.90000	     5.60251e-17	
      7823.80000	     5.53828e-17	
      7825.70000	     5.55858e-17	
      7827.60000	     5.61232e-17	
      7829.50000	     5.61624e-17	
      7831.40000	     5.84431e-17	
      7833.30000	     6.10259e-17	
      7835.20000	     6.19193e-17	
      7837.10000	     6.07800e-17	
      7839.00000	     6.18061e-17	
      7840.90000	     6.11839e-17	
      7842.80000	     6.30832e-17	
      7844.70000	     6.64917e-17	
      7846.60000	     6.92482e-17	
      7848.50000	     6.75734e-17	
      7850.40000	     6.42249e-17	
      7852.30000	     6.27002e-17	
      7854.20000	     6.46122e-17	
      7856.10000	     6.62681e-17	
      7858.00000	     6.59421e-17	
      7859.90000	     6.73592e-17	
      7861.80000	     6.94867e-17	
      7863.70000	     7.13866e-17	
      7865.60000	     7.24803e-17	
      7867.50000	     7.13342e-17	
      7869.40000	     6.82313e-17	
      7871.30000	     6.38143e-17	
      7873.20000	     6.28303e-17	
      7875.10000	     6.75603e-17	
      7877.00000	     6.99490e-17	
      7878.90000	     7.24125e-17	
      7880.80000	     7.37381e-17	
      7882.70000	     7.37181e-17	
      7884.60000	     7.20499e-17	
      7886.50000	     7.00686e-17	
      7888.40000	     6.94868e-17	
      7890.30000	     6.80708e-17	
      7892.20000	     7.22389e-17	
      7894.10000	     7.50162e-17	
      7896.00000	     7.57316e-17	
      7897.90000	     7.58416e-17	
      7899.80000	     7.63990e-17	
      7901.70000	     7.70612e-17	
      7903.60000	     7.58442e-17	
      7905.50000	     7.53003e-17	
      7907.40000	     7.36990e-17	
      7909.30000	     7.23080e-17	
      7911.20000	     7.26233e-17	
      7913.10000	     6.95261e-17	
      7915.00000	     7.33597e-17	
      7916.90000	     7.43401e-17	
      7918.80000	     7.57276e-17	
      7920.70000	     7.64633e-17	
      7922.60000	     7.45833e-17	
      7924.50000	     7.12484e-17	
      7926.40000	     7.27891e-17	
      7928.30000	     7.65356e-17	
      7930.20000	     7.92990e-17	
      7932.10000	     8.30691e-17	
      7934.00000	     8.40374e-17	
      7935.90000	     8.14532e-17	
      7937.80000	     8.16721e-17	
      7939.70000	     7.93554e-17	
      7941.60000	     7.58139e-17	
      7943.50000	     6.39944e-17	
      7945.40000	     5.28229e-17	
      7947.30000	     4.65988e-17	
      7949.20000	     5.28342e-17	
      7951.10000	     6.62695e-17	
      7953.00000	     7.89362e-17	
      7954.90000	     8.52533e-17	
      7956.80000	     8.48809e-17	
      7958.70000	     8.31623e-17	
      7960.60000	     8.28981e-17	
      7962.50000	     8.35677e-17	
      7964.40000	     8.53954e-17	
      7966.30000	     8.89130e-17	
      7968.20000	     8.96086e-17	
      7970.10000	     8.80131e-17	
      7972.00000	     8.78953e-17	
      7973.90000	     8.84246e-17	
      7975.80000	     8.98479e-17	
      7977.70000	     8.76715e-17	
      7979.60000	     8.60576e-17	
      7981.50000	     8.59354e-17	
      7983.40000	     8.47573e-17	
      7985.30000	     8.59282e-17	
      7987.20000	     8.61247e-17	
      7989.10000	     8.56823e-17	
      7991.00000	     8.80772e-17	
      7992.90000	     9.02496e-17	
      7994.80000	     9.37855e-17	
      7996.70000	     9.56925e-17	
      7998.60000	     9.29188e-17	
      8000.50000	     9.29685e-17	
      8002.40000	     9.25604e-17	
      8004.30000	     9.10556e-17	
      8006.20000	     9.22078e-17	
      8008.10000	     9.30593e-17	
      8010.00000	     9.18977e-17	
      8011.90000	     9.48561e-17	
      8013.80000	     9.68076e-17	
      8015.70000	     9.75620e-17	
      8017.60000	     9.87288e-17	
      8019.50000	     9.87238e-17	
      8021.40000	     1.02166e-16	
      8023.30000	     1.03093e-16	
      8025.20000	     1.04941e-16	
      8027.10000	     1.05038e-16	
      8029.00000	     1.00973e-16	
      8030.90000	     1.03947e-16	
      8032.80000	     1.04319e-16	
      8034.70000	     1.00409e-16	
      8036.60000	     9.82018e-17	
      8038.50000	     1.00004e-16	
      8040.40000	     1.02837e-16	
      8042.30000	     1.05427e-16	
      8044.20000	     1.07869e-16	
      8046.10000	     1.09368e-16	
      8048.00000	     1.10416e-16	
      8049.90000	     1.11325e-16	
      8051.80000	     1.12777e-16	
      8053.70000	     1.14385e-16	
      8055.60000	     1.11955e-16	
      8057.50000	     1.15008e-16	
      8059.40000	     1.15454e-16	
      8061.30000	     1.10855e-16	
      8063.20000	     1.10518e-16	
      8065.10000	     1.11045e-16	
      8067.00000	     1.15414e-16	
      8068.90000	     1.17939e-16	
      8070.80000	     1.18835e-16	
      8072.70000	     1.19852e-16	
      8074.60000	     1.21892e-16	
      8076.50000	     1.23766e-16	
      8078.40000	     1.22519e-16	
      8080.30000	     1.23879e-16	
      8082.20000	     1.27761e-16	
      8084.10000	     1.27846e-16	
      8086.00000	     1.25218e-16	
      8087.90000	     1.24231e-16	
      8089.80000	     1.24426e-16	
      8091.70000	     1.26099e-16	
      8093.60000	     1.24487e-16	
      8095.50000	     1.25418e-16	
      8097.40000	     1.24606e-16	
      8099.30000	     1.20747e-16	
      8101.20000	     1.21509e-16	
      8103.10000	     1.25684e-16	
      8105.00000	     1.30705e-16	
      8106.90000	     1.33831e-16	
      8108.80000	     1.34739e-16	
      8110.70000	     1.33207e-16	
      8112.60000	     1.31347e-16	
      8114.50000	     1.32660e-16	
      8116.40000	     1.34216e-16	
      8118.30000	     1.36556e-16	
      8120.20000	     1.37083e-16	
      8122.10000	     1.38795e-16	
      8124.00000	     1.39570e-16	
      8125.90000	     1.42375e-16	
      8127.80000	     1.42787e-16	
      8129.70000	     1.41564e-16	
      8131.60000	     1.39809e-16	
      8133.50000	     1.40343e-16	
      8135.40000	     1.43493e-16	
      8137.30000	     1.44498e-16	
      8139.20000	     1.41422e-16	
      8141.10000	     1.35990e-16	
      8143.00000	     1.31368e-16	
      8144.90000	     1.30954e-16	
      8146.80000	     1.32353e-16	
      8148.70000	     1.32241e-16	
      8150.60000	     1.33213e-16	
      8152.50000	     1.36548e-16	
      8154.40000	     1.37988e-16	
      8156.30000	     1.37957e-16	
      8158.20000	     1.38352e-16	
      8160.10000	     1.36397e-16	
      8162.00000	     1.38531e-16	
      8163.90000	     1.40325e-16	
      8165.80000	     1.43203e-16	
      8167.70000	     1.47769e-16	
      8169.60000	     1.48133e-16	
      8171.50000	     1.46593e-16	
      8173.40000	     1.44721e-16	
      8175.30000	     1.43407e-16	
      8177.20000	     1.30245e-16	
      8179.10000	     1.16580e-16	
      8181.00000	     1.05032e-16	
      8182.90000	     1.01530e-16	
      8184.80000	     1.10169e-16	
      8186.70000	     1.22810e-16	
      8188.60000	     1.23629e-16	
      8190.50000	     1.13400e-16	
      8192.40000	     9.62459e-17	
      8194.30000	     9.00686e-17	
      8196.20000	     9.74850e-17	
      8198.10000	     1.13223e-16	
      8200.00000	     1.28578e-16	
      8201.90000	     1.38799e-16	
      8203.80000	     1.47291e-16	
      8205.70000	     1.47942e-16	
      8207.60000	     1.47131e-16	
      8209.50000	     1.48679e-16	
      8211.40000	     1.49017e-16	
      8213.30000	     1.50278e-16	
      8215.20000	     1.50182e-16	
      8217.10000	     1.51754e-16	
      8219.00000	     1.54785e-16	
      8220.90000	     1.58176e-16	
      8222.80000	     1.57130e-16	
      8224.70000	     1.51770e-16	
      8226.60000	     1.46757e-16	
      8228.50000	     1.48062e-16	
      8230.40000	     1.49957e-16	
      8232.30000	     1.52487e-16	
      8234.20000	     1.56587e-16	
      8236.10000	     1.62045e-16	
      8238.00000	     1.64212e-16	
      8239.90000	     1.64162e-16	
      8241.80000	     1.64186e-16	
      8243.70000	     1.63931e-16	
      8245.60000	     1.67760e-16	
      8247.50000	     1.70271e-16	
      8249.40000	     1.71284e-16	
      8251.30000	     1.67309e-16	
      8253.20000	     1.63340e-16	
      8255.10000	     1.59234e-16	
      8257.00000	     1.61129e-16	
      8258.90000	     1.68517e-16	
      8260.80000	     1.72200e-16	
      8262.70000	     1.72431e-16	
      8264.60000	     1.71266e-16	
      8266.50000	     1.69390e-16	
      8268.40000	     1.66757e-16	
      8270.30000	     1.64418e-16	
      8272.20000	     1.64428e-16	
      8274.10000	     1.63821e-16	
      8276.00000	     1.65385e-16	
      8277.90000	     1.63562e-16	
      8279.80000	     1.60151e-16	
      8281.70000	     1.58539e-16	
      8283.60000	     1.57955e-16	
      8285.50000	     1.62474e-16	
      8287.40000	     1.58063e-16	
      8289.30000	     1.55135e-16	
      8291.20000	     1.55061e-16	
      8293.10000	     1.57469e-16	
      8295.00000	     1.60179e-16	
      8296.90000	     1.59343e-16	
      8298.80000	     1.61502e-16	
      8300.70000	     1.61835e-16	
      8302.60000	     1.62706e-16	
      8304.50000	     1.63786e-16	
      8306.40000	     1.64969e-16	
      8308.30000	     1.66222e-16	
      8310.20000	     1.65029e-16	
      8312.10000	     1.65527e-16	
      8314.00000	     1.67353e-16	
      8315.90000	     1.68508e-16	
      8317.80000	     1.70734e-16	
      8319.70000	     1.71064e-16	
      8321.60000	     1.70942e-16	
      8323.50000	     1.68399e-16	
      8325.40000	     1.67844e-16	
      8327.30000	     1.69451e-16	
      8329.20000	     1.72368e-16	
      8331.10000	     1.71670e-16	
      8333.00000	     1.73786e-16	
      8334.90000	     1.71597e-16	
      8336.80000	     1.73971e-16	
      8338.70000	     1.79370e-16	
      8340.60000	     1.81053e-16	
      8342.50000	     1.81403e-16	
      8344.40000	     1.74366e-16	
      8346.30000	     1.74372e-16	
      8348.20000	     1.75479e-16	
      8350.10000	     1.72335e-16	
      8352.00000	     1.75058e-16	
      8353.90000	     1.73531e-16	
      8355.80000	     1.73593e-16	
      8357.70000	     1.78766e-16	
      8359.60000	     1.78429e-16	
      8361.50000	     1.78805e-16	
      8363.40000	     1.81528e-16	
      8365.30000	     1.88083e-16	
      8367.20000	     1.92178e-16	
      8369.10000	     1.93404e-16	
      8371.00000	     1.85808e-16	
      8372.90000	     1.83243e-16	
      8374.80000	     1.85005e-16	
      8376.70000	     1.86291e-16	
      8378.60000	     1.93916e-16	
      8380.50000	     1.93846e-16	
      8382.40000	     1.87960e-16	
      8384.30000	     1.83964e-16	
      8386.20000	     1.80372e-16	
      8388.10000	     1.80228e-16	
      8390.00000	     1.78907e-16	
      8391.90000	     1.76116e-16	
      8393.80000	     1.82051e-16	
      8395.70000	     1.92650e-16	
      8397.60000	     1.98542e-16	
      8399.50000	     2.00863e-16	
      8401.40000	     1.95557e-16	
      8403.30000	     1.90423e-16	
      8405.20000	     1.86539e-16	
      8407.10000	     1.89470e-16	
      8409.00000	     1.94623e-16	
      8410.90000	     1.97135e-16	
      8412.80000	     2.01101e-16	
      8414.70000	     2.05448e-16	
      8416.60000	     2.04204e-16	
      8418.50000	     1.97650e-16	
      8420.40000	     1.97065e-16	
      8422.30000	     1.96334e-16	
      8424.20000	     1.97369e-16	
      8426.10000	     2.04606e-16	
      8428.00000	     2.05484e-16	
      8429.90000	     1.98673e-16	
      8431.80000	     1.90522e-16	
      8433.70000	     1.75704e-16	
      8435.60000	     1.76313e-16	
      8437.50000	     1.81908e-16	
      8439.40000	     1.79345e-16	
      8441.30000	     1.74623e-16	
      8443.20000	     1.68792e-16	
      8445.10000	     1.69077e-16	
      8447.00000	     1.71501e-16	
      8448.90000	     1.65043e-16	
      8450.80000	     1.63166e-16	
      8452.70000	     1.63302e-16	
      8454.60000	     1.59917e-16	
      8456.50000	     1.59833e-16	
      8458.40000	     1.59247e-16	
      8460.30000	     1.56995e-16	
      8462.20000	     1.58887e-16	
      8464.10000	     1.58540e-16	
      8466.00000	     1.59980e-16	
      8467.90000	     1.61594e-16	
      8469.80000	     1.65267e-16	
      8471.70000	     1.65738e-16	
      8473.60000	     1.67832e-16	
      8475.50000	     1.69665e-16	
      8477.40000	     1.67656e-16	
      8479.30000	     1.63144e-16	
      8481.20000	     1.57531e-16	
      8483.10000	     1.57986e-16	
      8485.00000	     1.61738e-16	
      8486.90000	     1.62555e-16	
      8488.80000	     1.65142e-16	
      8490.70000	     1.67000e-16	
      8492.60000	     1.63804e-16	
      8494.50000	     1.63509e-16	
      8496.40000	     1.66763e-16	
      8498.30000	     1.66470e-16	
      8500.20000	     1.68065e-16	
      8502.10000	     1.72614e-16	
      8504.00000	     1.73453e-16	
      8505.90000	     1.74385e-16	
      8507.80000	     1.71879e-16	
      8509.70000	     1.67110e-16	
      8511.60000	     1.63381e-16	
      8513.50000	     1.59050e-16	
      8515.40000	     1.52572e-16	
      8517.30000	     1.35865e-16	
      8519.20000	     1.20533e-16	
      8521.10000	     1.26068e-16	
      8523.00000	     1.46023e-16	
      8524.90000	     1.68289e-16	
      8526.80000	     1.74920e-16	
      8528.70000	     1.78393e-16	
      8530.60000	     1.81676e-16	
      8532.50000	     1.78343e-16	
      8534.40000	     1.76179e-16	
      8536.30000	     1.78078e-16	
      8538.20000	     1.80081e-16	
      8540.10000	     1.84202e-16	
      8542.00000	     1.86378e-16	
      8543.90000	     1.88140e-16	
      8545.80000	     1.91272e-16	
      8547.70000	     1.92916e-16	
      8549.60000	     1.92154e-16	
      8551.50000	     1.90482e-16	
      8553.40000	     1.89978e-16	
      8555.30000	     1.88344e-16	
      8557.20000	     1.89528e-16	
      8559.10000	     1.88599e-16	
      8561.00000	     1.86980e-16	
      8562.90000	     1.91834e-16	
      8564.80000	     1.95100e-16	
      8566.70000	     1.96169e-16	
      8568.60000	     1.97730e-16	
      8570.50000	     1.98834e-16	
      8572.40000	     1.97774e-16	
      8574.30000	     1.95617e-16	
      8576.20000	     1.93616e-16	
      8578.10000	     1.96038e-16	
      8580.00000	     1.99650e-16	
      8581.90000	     2.00752e-16	
      8583.80000	     2.03255e-16	
      8585.70000	     1.99440e-16	
      8587.60000	     1.98351e-16	
      8589.50000	     1.99949e-16	
      8591.40000	     1.97142e-16	
      8593.30000	     1.97827e-16	
      8595.20000	     1.98296e-16	
      8597.10000	     1.98779e-16	
      8599.00000	     2.00047e-16	
      8600.90000	     1.95891e-16	
      8602.80000	     1.96514e-16	
      8604.70000	     1.93874e-16	
      8606.60000	     1.79160e-16	
      8608.50000	     1.57987e-16	
      8610.40000	     1.35701e-16	
      8612.30000	     1.15756e-16	
      8614.20000	     1.05109e-16	
      8616.10000	     1.06018e-16	
      8618.00000	     1.06193e-16	
      8619.90000	     1.06457e-16	
      8621.80000	     1.07238e-16	
      8623.70000	     1.12441e-16	
      8625.60000	     1.15262e-16	
      8627.50000	     1.13518e-16	
      8629.40000	     1.06680e-16	
      8631.30000	     1.05584e-16	
      8633.20000	     1.08850e-16	
      8635.10000	     1.09878e-16	
      8637.00000	     1.12375e-16	
      8638.90000	     1.16353e-16	
      8640.80000	     1.20435e-16	
      8642.70000	     1.18067e-16	
      8644.60000	     1.20580e-16	
      8646.50000	     1.25340e-16	
      8648.40000	     1.32439e-16	
      8650.30000	     1.43273e-16	
      8652.20000	     1.47382e-16	
      8654.10000	     1.49068e-16	
      8656.00000	     1.50774e-16	
      8657.90000	     1.47996e-16	
      8659.80000	     1.46586e-16	
      8661.70000	     1.45327e-16	
      8663.60000	     1.46433e-16	
      8665.50000	     1.45839e-16	
      8667.40000	     1.44775e-16	
      8669.30000	     1.40293e-16	
      8671.20000	     1.47664e-16	
      8673.10000	     1.55138e-16	
      8675.00000	     1.56953e-16	
      8676.90000	     1.60379e-16	
      8678.80000	     1.50507e-16	
      8680.70000	     1.43114e-16	
      8682.60000	     1.41932e-16	
      8684.50000	     1.44389e-16	
      8686.40000	     1.48441e-16	
      8688.30000	     1.40993e-16	
      8690.20000	     1.22940e-16	
      8692.10000	     1.06624e-16	
      8694.00000	     1.00896e-16	
      8695.90000	     1.05807e-16	
      8697.80000	     1.11925e-16	
      8699.70000	     1.18286e-16	
      8701.60000	     1.21595e-16	
      8703.50000	     1.20052e-16	
      8705.40000	     1.14900e-16	
      8707.30000	     1.10258e-16	
      8709.20000	     1.06045e-16	
      8711.10000	     1.07669e-16	
      8713.00000	     1.08805e-16	
      8714.90000	     1.08279e-16	
      8716.80000	     1.06844e-16	
      8718.70000	     1.08477e-16	
      8720.60000	     1.11652e-16	
      8722.50000	     1.15082e-16	
      8724.40000	     1.22428e-16	
      8726.30000	     1.29251e-16	
      8728.20000	     1.30074e-16	
      8730.10000	     1.28705e-16	
      8732.00000	     1.24051e-16	
      8733.90000	     1.19179e-16	
      8735.80000	     1.22428e-16	
      8737.70000	     1.29552e-16	
      8739.60000	     1.36767e-16	
      8741.50000	     1.39896e-16	
      8743.40000	     1.40374e-16	
      8745.30000	     1.34494e-16	
      8747.20000	     1.30499e-16	
      8749.10000	     1.31239e-16	
      8751.00000	     1.35297e-16	
      8752.90000	     1.38704e-16	
      8754.80000	     1.45683e-16	
      8756.70000	     1.53541e-16	
      8758.60000	     1.53662e-16	
      8760.50000	     1.44601e-16	
      8762.40000	     1.33981e-16	
      8764.30000	     1.30339e-16	
      8766.20000	     1.36669e-16	
      8768.10000	     1.49275e-16	
      8770.00000	     1.64869e-16	
      8771.90000	     1.81120e-16	
      8773.80000	     1.78435e-16	
      8775.70000	     1.66460e-16	
      8777.60000	     1.54619e-16	
      8779.50000	     1.51100e-16	
      8781.40000	     1.55927e-16	
      8783.30000	     1.55377e-16	
      8785.20000	     1.54131e-16	
      8787.10000	     1.55892e-16	
      8789.00000	     1.60376e-16	
      8790.90000	     1.64133e-16	
      8792.80000	     1.65857e-16	
      8794.70000	     1.70848e-16	
      8796.60000	     1.65751e-16	
      8798.50000	     1.48832e-16	
      8800.40000	     1.37814e-16	
      8802.30000	     1.35657e-16	
      8804.20000	     1.39392e-16	
      8806.10000	     1.43807e-16	
      8808.00000	     1.54345e-16	
      8809.90000	     1.71180e-16	
      8811.80000	     1.86979e-16	
      8813.70000	     1.98022e-16	
      8815.60000	     1.98871e-16	
      8817.50000	     1.90957e-16	
      8819.40000	     1.72359e-16	
      8821.30000	     1.60912e-16	
      8823.20000	     1.53132e-16	
      8825.10000	     1.46554e-16	
      8827.00000	     1.53936e-16	
      8828.90000	     1.64247e-16	
      8830.80000	     1.72359e-16	
      8832.70000	     1.78772e-16	
      8834.60000	     1.82177e-16	
      8836.50000	     1.89093e-16	
      8838.40000	     1.94442e-16	
      8840.30000	     1.87960e-16	
      8842.20000	     1.76850e-16	
      8844.10000	     1.59766e-16	
      8846.00000	     1.51224e-16	
      8847.90000	     1.65110e-16	
      8849.80000	     1.89235e-16	
      8851.70000	     1.99434e-16	
      8853.60000	     1.91135e-16	
      8855.50000	     1.76554e-16	
      8857.40000	     1.71891e-16	
      8859.30000	     1.72015e-16	
      8861.20000	     1.75895e-16	
      8863.10000	     1.79630e-16	
      8865.00000	     1.75705e-16	
      8866.90000	     1.66133e-16	
      8868.80000	     1.52579e-16	
      8870.70000	     1.43162e-16	
      8872.60000	     1.59191e-16	
      8874.50000	     1.82114e-16	
      8876.40000	     1.98254e-16	
      8878.30000	     1.98062e-16	
      8880.20000	     1.80161e-16	
      8882.10000	     1.64571e-16	
      8884.00000	     1.68345e-16	
      8885.90000	     1.79317e-16	
      8887.80000	     1.91346e-16	
      8889.70000	     1.90382e-16	
      8891.60000	     1.77967e-16	
      8893.50000	     1.61293e-16	
      8895.40000	     1.58507e-16	
      8897.30000	     1.70047e-16	
      8899.20000	     1.90368e-16	
      8901.10000	     2.09151e-16	
      8903.00000	     2.09807e-16	
      8904.90000	     1.93832e-16	
      8906.80000	     1.79237e-16	
      8908.70000	     1.76435e-16	
      8910.60000	     1.83763e-16	
      8912.50000	     1.91853e-16	
      8914.40000	     2.04225e-16	
      8916.30000	     2.07034e-16	
      8918.20000	     2.01329e-16	
      8920.10000	     1.89982e-16	
      8922.00000	     1.73458e-16	
      8923.90000	     1.72310e-16	
      8925.80000	     1.77524e-16	
      8927.70000	     1.95027e-16	
      8929.60000	     2.15961e-16	
      8931.50000	     2.24380e-16	
      8933.40000	     2.16723e-16	
      8935.30000	     1.95109e-16	
      8937.20000	     1.76728e-16	
      8939.10000	     1.59236e-16	
      8941.00000	     1.49674e-16	
      8942.90000	     1.56054e-16	
      8944.80000	     1.74700e-16	
      8946.70000	     1.90437e-16	
      8948.60000	     1.88179e-16	
      8950.50000	     1.88621e-16	
      8952.40000	     1.94273e-16	
      8954.30000	     2.07889e-16	
      8956.20000	     2.26797e-16	
      8958.10000	     2.23942e-16	
      8960.00000	     2.11932e-16	
      8961.90000	     1.89583e-16	
      8963.80000	     1.84718e-16	
      8965.70000	     1.83918e-16	
      8967.60000	     1.96019e-16	
      8969.50000	     2.02073e-16	
      8971.40000	     2.07858e-16	
      8973.30000	     2.17920e-16	
      8975.20000	     2.20040e-16	
      8977.10000	     2.08653e-16	
      8979.00000	     2.02903e-16	
      8980.90000	     2.10241e-16	
      8982.80000	     2.26510e-16	
      8984.70000	     2.25802e-16	
      8986.60000	     2.10216e-16	
      8988.50000	     1.98434e-16	
      8990.40000	     1.98580e-16	
      8992.30000	     2.03707e-16	
      8994.20000	     2.02518e-16	
      8996.10000	     1.96505e-16	
      8998.00000	     1.97406e-16	
      8999.90000	     2.09538e-16	
      9001.80000	     2.28365e-16	
      9003.70000	     2.37585e-16	
      9005.60000	     2.26364e-16	
      9007.50000	     2.15954e-16	
      9009.40000	     2.15346e-16	
      9011.30000	     2.21484e-16	
      9013.20000	     2.24997e-16	
      9015.10000	     2.18457e-16	
      9017.00000	     2.10535e-16	
      9018.90000	     2.05041e-16	
      9020.80000	     1.90177e-16	
      9022.70000	     1.75174e-16	
      9024.60000	     1.77160e-16	
      9026.50000	     1.89099e-16	
      9028.40000	     2.01204e-16	
      9030.30000	     2.13699e-16	
      9032.20000	     2.33257e-16	
      9034.10000	     2.52085e-16	
      9036.00000	     2.54693e-16	
      9037.90000	     2.45562e-16	
      9039.80000	     2.29544e-16	
      9041.70000	     2.25218e-16	
      9043.60000	     2.41754e-16	
      9045.50000	     2.51834e-16	
      9047.40000	     2.45763e-16	
      9049.30000	     2.33819e-16	
      9051.20000	     2.20549e-16	
      9053.10000	     2.12807e-16	
      9055.00000	     2.10723e-16	
      9056.90000	     2.05809e-16	
      9058.80000	     2.04625e-16	
      9060.70000	     2.04380e-16	
      9062.60000	     2.03841e-16	
      9064.50000	     2.03964e-16	
      9066.40000	     2.01517e-16	
      9068.30000	     1.98165e-16	
      9070.20000	     1.95875e-16	
      9072.10000	     2.05043e-16	
      9074.00000	     2.18558e-16	
      9075.90000	     2.30751e-16	
      9077.80000	     2.34676e-16	
      9079.70000	     2.31495e-16	
      9081.60000	     2.25557e-16	
      9083.50000	     2.22565e-16	
      9085.40000	     2.25184e-16	
      9087.30000	     2.25710e-16	
      9089.20000	     2.36372e-16	
      9091.10000	     2.40984e-16	
      9093.00000	     2.46547e-16	
      9094.90000	     2.47388e-16	
      9096.80000	     2.49404e-16	
      9098.70000	     2.48857e-16	
      9100.60000	     2.48324e-16	
      9102.50000	     2.39640e-16	
      9104.40000	     2.28599e-16	
      9106.30000	     2.40110e-16	
      9108.20000	     2.56557e-16	
      9110.10000	     2.67581e-16	
      9112.00000	     2.68086e-16	
      9113.90000	     2.60103e-16	
      9115.80000	     2.56642e-16	
      9117.70000	     2.61636e-16	
      9119.60000	     2.69034e-16	
      9121.50000	     2.67116e-16	
      9123.40000	     2.64981e-16	
      9125.30000	     2.62482e-16	
      9127.20000	     2.70464e-16	
      9129.10000	     2.71390e-16	
      9131.00000	     2.65727e-16	
      9132.90000	     2.59407e-16	
      9134.80000	     2.41490e-16	
      9136.70000	     2.30868e-16	
      9138.60000	     2.33288e-16	
      9140.50000	     2.55359e-16	
      9142.40000	     2.69884e-16	
      9144.30000	     2.76460e-16	
      9146.20000	     2.66526e-16	
      9148.10000	     2.56961e-16	
      9150.00000	     2.58893e-16	
      9151.90000	     2.73824e-16	
      9153.80000	     2.86460e-16	
      9155.70000	     2.95411e-16	
      9157.60000	     2.93137e-16	
      9159.50000	     2.83365e-16	
      9161.40000	     2.86315e-16	
      9163.30000	     2.98327e-16	
      9165.20000	     3.04238e-16	
      9167.10000	     3.01179e-16	
      9169.00000	     2.92225e-16	
      9170.90000	     2.71848e-16	
      9172.80000	     2.55243e-16	
      9174.70000	     2.57216e-16	
      9176.60000	     2.75279e-16	
      9178.50000	     2.88454e-16	
      9180.40000	     2.84647e-16	
      9182.30000	     2.82555e-16	
      9184.20000	     2.98109e-16	
      9186.10000	     3.32911e-16	
      9188.00000	     3.47584e-16	
      9189.90000	     3.30906e-16	
      9191.80000	     3.09113e-16	
      9193.70000	     3.10928e-16	
      9195.60000	     3.23262e-16	
      9197.50000	     3.33806e-16	
      9199.40000	     3.41159e-16	
      9201.30000	     3.40173e-16	
      9203.20000	     3.13829e-16	
      9205.10000	     2.91875e-16	
      9207.00000	     2.78496e-16	
      9208.90000	     2.81410e-16	
      9210.80000	     2.89288e-16	
      9212.70000	     2.98396e-16	
      9214.60000	     2.98413e-16	
      9216.50000	     2.98642e-16	
      9218.40000	     3.01540e-16	
      9220.30000	     3.00417e-16	
      9222.20000	     2.99234e-16	
      9224.10000	     3.02864e-16	
      9226.00000	     3.09139e-16	
      9227.90000	     3.00925e-16	
      9229.80000	     2.91255e-16	
      9231.70000	     2.90548e-16	
      9233.60000	     2.87625e-16	
      9235.50000	     2.83234e-16	
      9237.40000	     2.92579e-16	
      9239.30000	     3.11364e-16	
      9241.20000	     3.23147e-16	
      9243.10000	     3.08947e-16	
      9245.00000	     2.89441e-16	
      9246.90000	     2.80420e-16	
      9248.80000	     2.72294e-16	
      9250.70000	     2.86846e-16	
      9252.60000	     3.16466e-16	
      9254.50000	     3.32031e-16	
      9256.40000	     3.29929e-16	
      9258.30000	     3.12534e-16	
      9260.20000	     3.05647e-16	
      9262.10000	     3.10231e-16	
      9264.00000	     3.24923e-16	
      9265.90000	     3.34012e-16	
      9267.80000	     3.19629e-16	
      9269.70000	     3.03193e-16	
      9271.60000	     2.93755e-16	
      9273.50000	     2.80424e-16	
      9275.40000	     2.65400e-16	
      9277.30000	     2.55293e-16	
      9279.20000	     2.69737e-16	
      9281.10000	     2.88711e-16	
      9283.00000	     2.90379e-16	
      9284.90000	     2.86110e-16	
      9286.80000	     2.86604e-16	
      9288.70000	     2.90527e-16	
      9290.60000	     2.88981e-16	
      9292.50000	     2.82773e-16	
      9294.40000	     2.75725e-16	
      9296.30000	     2.67917e-16	
      9298.20000	     2.58885e-16	
      9300.10000	     2.58964e-16	
      9302.00000	     2.74048e-16	
      9303.90000	     2.70986e-16	
      9305.80000	     2.62597e-16	
      9307.70000	     2.73731e-16	
      9309.60000	     2.89512e-16	
      9311.50000	     2.93434e-16	
      9313.40000	     2.69187e-16	
      9315.30000	     2.36716e-16	
      9317.20000	     2.42707e-16	
      9319.10000	     2.57243e-16	
      9321.00000	     2.40024e-16	
      9322.90000	     2.25346e-16	
      9324.80000	     2.33119e-16	
      9326.70000	     2.59002e-16	
      9328.60000	     2.70539e-16	
      9330.50000	     2.48555e-16	
      9332.40000	     2.25283e-16	
      9334.30000	     2.16180e-16	
      9336.20000	     2.23080e-16	
      9338.10000	     2.23709e-16	
      9340.00000	     2.05405e-16	
      9341.90000	     1.80490e-16	
      9343.80000	     1.95602e-16	
      9345.70000	     2.35675e-16	
      9347.60000	     2.66238e-16	
      9349.50000	     2.63316e-16	
      9351.40000	     2.37609e-16	
      9353.30000	     2.12176e-16	
      9355.20000	     2.06020e-16	
      9357.10000	     2.33373e-16	
      9359.00000	     2.76070e-16	
      9360.90000	     2.95696e-16	
      9362.80000	     2.78077e-16	
      9364.70000	     2.48878e-16	
      9366.60000	     2.30319e-16	
      9368.50000	     2.10083e-16	
      9370.40000	     2.28019e-16	
      9372.30000	     2.62184e-16	
      9374.20000	     2.85467e-16	
      9376.10000	     2.80396e-16	
      9378.00000	     2.45977e-16	
      9379.90000	     2.40012e-16	
      9381.80000	     2.64867e-16	
      9383.70000	     2.79160e-16	
      9385.60000	     2.81546e-16	
      9387.50000	     2.97546e-16	
      9389.40000	     3.15948e-16	
      9391.30000	     3.22505e-16	
      9393.20000	     3.14603e-16	
      9395.10000	     3.05679e-16	
      9397.00000	     2.94770e-16	
      9398.90000	     2.90137e-16	
      9400.80000	     2.94433e-16	
      9402.70000	     3.06504e-16	
      9404.60000	     3.16885e-16	
      9406.50000	     3.25882e-16	
      9408.40000	     3.14635e-16	
      9410.30000	     3.06637e-16	
      9412.20000	     3.12458e-16	
      9414.10000	     3.12001e-16	
      9416.00000	     3.11320e-16	
      9417.90000	     3.10208e-16	
      9419.80000	     3.09895e-16	
      9421.70000	     3.07267e-16	
      9423.60000	     2.88311e-16	
      9425.50000	     2.57694e-16	
      9427.40000	     2.56687e-16	
      9429.30000	     2.98376e-16	
      9431.20000	     3.39687e-16	
      9433.10000	     3.47750e-16	
      9435.00000	     3.06807e-16	
      9436.90000	     2.65598e-16	
      9438.80000	     2.27676e-16	
      9440.70000	     2.19782e-16	
      9442.60000	     2.53085e-16	
      9444.50000	     2.95981e-16	
      9446.40000	     3.26306e-16	
      9448.30000	     3.36725e-16	
      9450.20000	     3.24570e-16	
      9452.10000	     3.06493e-16	
      9454.00000	     2.93372e-16	
      9455.90000	     2.82022e-16	
      9457.80000	     2.76031e-16	
      9459.70000	     2.82143e-16	
      9461.60000	     3.10125e-16	
      9463.50000	     3.33377e-16	
      9465.40000	     3.34845e-16	
      9467.30000	     3.31906e-16	
      9469.20000	     3.31225e-16	
      9471.10000	     3.40769e-16	
      9473.00000	     3.50710e-16	
      9474.90000	     3.62488e-16	
      9476.80000	     3.57274e-16	
      9478.70000	     3.29425e-16	
      9480.60000	     3.15140e-16	
      9482.50000	     3.37442e-16	
      9484.40000	     3.69399e-16	
      9486.30000	     3.92916e-16	
      9488.20000	     4.02792e-16	
      9490.10000	     3.75313e-16	
      9492.00000	     3.32090e-16	
      9493.90000	     3.12618e-16	
      9495.80000	     3.11135e-16	
      9497.70000	     2.95182e-16	
      9499.60000	     2.89737e-16	
      9501.50000	     3.15413e-16	
      9503.40000	     3.53431e-16	
      9505.30000	     3.87072e-16	
      9507.20000	     3.95830e-16	
      9509.10000	     3.96896e-16	
      9511.00000	     3.75426e-16	
      9512.90000	     3.44973e-16	
      9514.80000	     3.16749e-16	
      9516.70000	     3.01418e-16	
      9518.60000	     3.05748e-16	
      9520.50000	     3.27304e-16	
      9522.40000	     3.53557e-16	
      9524.30000	     3.70505e-16	
      9526.20000	     3.77515e-16	
      9528.10000	     3.80763e-16	
      9530.00000	     3.89696e-16	
      9531.90000	     3.85075e-16	
      9533.80000	     3.73051e-16	
      9535.70000	     3.72226e-16	
      9537.60000	     3.86872e-16	
      9539.50000	     3.84677e-16	
      9541.40000	     3.71471e-16	
      9543.30000	     3.64310e-16	
      9545.20000	     3.81801e-16	
      9547.10000	     4.06165e-16	
      9549.00000	     4.05795e-16	
      9550.90000	     3.75242e-16	
      9552.80000	     3.62079e-16	
      9554.70000	     3.65588e-16	
      9556.60000	     3.84666e-16	
      9558.50000	     3.96007e-16	
      9560.40000	     3.85733e-16	
      9562.30000	     3.62796e-16	
      9564.20000	     3.43059e-16	
      9566.10000	     3.67959e-16	
      9568.00000	     3.90096e-16	
      9569.90000	     4.15756e-16	
      9571.80000	     4.19431e-16	
      9573.70000	     4.14858e-16	
      9575.60000	     4.04223e-16	
      9577.50000	     3.90483e-16	
      9579.40000	     3.79492e-16	
      9581.30000	     3.87539e-16	
      9583.20000	     3.95571e-16	
      9585.10000	     3.70118e-16	
      9587.00000	     3.35816e-16	
      9588.90000	     3.20275e-16	
      9590.80000	     3.20501e-16	
      9592.70000	     3.25528e-16	
      9594.60000	     3.28950e-16	
      9596.50000	     3.34268e-16	
      9598.40000	     3.49676e-16	
      9600.30000	     3.58228e-16	
      9602.20000	     3.52371e-16	
      9604.10000	     3.58611e-16	
      9606.00000	     3.62055e-16	
      9607.90000	     3.63362e-16	
      9609.80000	     3.64380e-16	
      9611.70000	     3.68495e-16	
      9613.60000	     3.72275e-16	
      9615.50000	     3.85641e-16	
      9617.40000	     3.86643e-16	
      9619.30000	     3.78129e-16	
      9621.20000	     3.65803e-16	
      9623.10000	     3.77916e-16	
      9625.00000	     3.86194e-16	
      9626.90000	     3.91090e-16	
      9628.80000	     3.99822e-16	
      9630.70000	     3.95021e-16	
      9632.60000	     3.66579e-16	
      9634.50000	     3.32189e-16	
      9636.40000	     3.15954e-16	
      9638.30000	     3.30670e-16	
      9640.20000	     3.55966e-16	
      9642.10000	     3.59520e-16	
      9644.00000	     3.58745e-16	
      9645.90000	     3.73909e-16	
      9647.80000	     3.84299e-16	
      9649.70000	     3.88926e-16	
      9651.60000	     3.88873e-16	
      9653.50000	     3.90689e-16	
      9655.40000	     4.11192e-16	
      9657.30000	     4.27886e-16	
      9659.20000	     4.29279e-16	
      9661.10000	     4.25064e-16	
      9663.00000	     4.30718e-16	
      9664.90000	     4.40043e-16	
      9666.80000	     4.35420e-16	
      9668.70000	     4.24391e-16	
      9670.60000	     4.32144e-16	
      9672.50000	     4.38828e-16	
      9674.40000	     4.42773e-16	
      9676.30000	     4.44297e-16	
      9678.20000	     4.38275e-16	
      9680.10000	     4.41329e-16	
      9682.00000	     4.36492e-16	
      9683.90000	     4.26065e-16	
      9685.80000	     4.35950e-16	
      9687.70000	     4.50514e-16	
      9689.60000	     4.62074e-16	
      9691.50000	     4.67746e-16	
      9693.40000	     4.77508e-16	
      9695.30000	     4.73143e-16	
      9697.20000	     4.62435e-16	
      9699.10000	     4.48199e-16	
      9701.00000	     4.48441e-16	
      9702.90000	     4.52195e-16	
      9704.80000	     4.64460e-16	
      9706.70000	     4.77192e-16	
      9708.60000	     4.92587e-16	
      9710.50000	     5.05836e-16	
      9712.40000	     5.12398e-16	
      9714.30000	     5.22990e-16	
      9716.20000	     5.13146e-16	
      9718.10000	     4.99432e-16	
      9720.00000	     4.86763e-16	
      9721.90000	     4.91422e-16	
      9723.80000	     4.99534e-16	
      9725.70000	     4.88779e-16	
      9727.60000	     4.99676e-16	
      9729.50000	     5.10143e-16	
      9731.40000	     5.15284e-16	
      9733.30000	     5.04750e-16	
      9735.20000	     4.94555e-16	
      9737.10000	     5.08130e-16	
      9739.00000	     5.09889e-16	
      9740.90000	     4.81796e-16	
      9742.80000	     4.88101e-16	
      9744.70000	     4.91379e-16	
      9746.60000	     5.00976e-16	
      9748.50000	     5.02017e-16	
      9750.40000	     5.09593e-16	
      9752.30000	     4.97174e-16	
      9754.20000	     5.02653e-16	
      9756.10000	     5.15349e-16	
      9758.00000	     5.08154e-16	
      9759.90000	     5.04931e-16	
      9761.80000	     5.14547e-16	
      9763.70000	     5.29234e-16	
      9765.60000	     5.30463e-16	
      9767.50000	     5.30331e-16	
      9769.40000	     5.31725e-16	
      9771.30000	     5.46815e-16	
      9773.20000	     5.31600e-16	
      9775.10000	     5.34472e-16	
      9777.00000	     5.21175e-16	
      9778.90000	     5.03966e-16	
      9780.80000	     4.84285e-16	
      9782.70000	     4.92628e-16	
      9784.60000	     4.86277e-16	
      9786.50000	     4.66386e-16	
      9788.40000	     4.79535e-16	
      9790.30000	     5.04957e-16	
      9792.20000	     5.19740e-16	
      9794.10000	     5.39349e-16	
      9796.00000	     5.40994e-16	
      9797.90000	     5.40404e-16	
      9799.80000	     5.31626e-16	
      9801.70000	     5.31471e-16	
      9803.60000	     5.48896e-16	
      9805.50000	     5.62133e-16	
      9807.40000	     5.81730e-16	
      9809.30000	     5.79857e-16	
      9811.20000	     5.58682e-16	
      9813.10000	     5.52972e-16	
      9815.00000	     5.47523e-16	
      9816.90000	     5.49031e-16	
      9818.80000	     5.53254e-16	
      9820.70000	     5.45156e-16	
      9822.60000	     5.39620e-16	
      9824.50000	     5.52447e-16	
      9826.40000	     5.58121e-16	
      9828.30000	     5.68996e-16	
      9830.20000	     5.57702e-16	
      9832.10000	     5.50940e-16	
      9834.00000	     5.48922e-16	
      9835.90000	     5.58204e-16	
      9837.80000	     5.61394e-16	
      9839.70000	     5.64216e-16	
      9841.60000	     5.70829e-16	
      9843.50000	     5.78927e-16	
      9845.40000	     5.69201e-16	
      9847.30000	     5.50375e-16	
      9849.20000	     5.52102e-16	
      9851.10000	     5.74198e-16	
      9853.00000	     5.79936e-16	
      9854.90000	     5.77314e-16	
      9856.80000	     5.71942e-16	
      9858.70000	     5.83926e-16	
      9860.60000	     6.12284e-16	
      9862.50000	     5.98074e-16	
      9864.40000	     5.88189e-16	
      9866.30000	     5.87128e-16	
      9868.20000	     6.02209e-16	
      9870.10000	     6.19599e-16	
      9872.00000	     6.32674e-16	
      9873.90000	     6.29918e-16	
      9875.80000	     6.06804e-16	
      9877.70000	     5.96694e-16	
      9879.60000	     6.31000e-16	
      9881.50000	     6.56990e-16	
      9883.40000	     6.71566e-16	
      9885.30000	     6.45699e-16	
      9887.20000	     6.07141e-16	
      9889.10000	     5.59105e-16	
      9891.00000	     5.04521e-16	
      9892.90000	     4.31063e-16	
      9894.80000	     3.80221e-16	
      9896.70000	     3.53749e-16	
      9898.60000	     3.41819e-16	
      9900.50000	     3.00527e-16	
      9902.40000	     2.72267e-16	
      9904.30000	     2.70841e-16	
      9906.20000	     2.74182e-16	
      9908.10000	     2.49607e-16	
      9910.00000	     2.30714e-16	
      9911.90000	     2.10098e-16	
      9913.80000	     1.92092e-16	
      9915.70000	     2.08877e-16	
      9917.60000	     2.40281e-16	
      9919.50000	     2.32153e-16	
      9921.40000	     2.51236e-16	
      9923.30000	     2.64739e-16	
      9925.20000	     2.73990e-16	
      9927.10000	     2.82860e-16	
      9929.00000	     2.88155e-16	
      9930.90000	     2.94143e-16	
      9932.80000	     3.17160e-16	
      9934.70000	     3.30745e-16	
      9936.60000	     3.46317e-16	
      9938.50000	     3.53558e-16	
      9940.40000	     3.44489e-16	
      9942.30000	     3.39626e-16	
      9944.20000	     3.61903e-16	
      9946.10000	     3.85888e-16	
      9948.00000	     4.05420e-16	
      9949.90000	     4.09018e-16	
      9951.80000	     3.97968e-16	
      9953.70000	     3.73895e-16	
      9955.60000	     3.85263e-16	
      9957.50000	     4.17269e-16	
      9959.40000	     4.51829e-16	
      9961.30000	     4.89941e-16	
      9963.20000	     4.75659e-16	
      9965.10000	     4.01409e-16	
      9967.00000	     3.43087e-16	
      9968.90000	     3.33081e-16	
      9970.80000	     3.36337e-16	
      9972.70000	     3.64748e-16	
      9974.60000	     3.94707e-16	
      9976.50000	     3.88568e-16	
      9978.40000	     3.74632e-16	
      9980.30000	     3.55198e-16	
      9982.20000	     3.63399e-16	
      9984.10000	     3.75009e-16	
      9986.00000	     3.70622e-16	
      9987.90000	     3.70082e-16	
      9989.80000	     3.70214e-16	
      9991.70000	     3.66268e-16	
      9993.60000	     3.75105e-16	
      9995.50000	     3.86975e-16	
      9997.40000	     4.26273e-16	
      9999.30000	     4.50247e-16	
     10001.20000	     4.73670e-16	
     10003.10000	     4.36303e-16	
     10005.00000	     4.26676e-16	
     10006.90000	     3.99245e-16	
     10008.80000	     4.68594e-16	
     10010.70000	     4.99923e-16	
     10012.60000	     5.12814e-16	
     10014.50000	     4.96378e-16	
     10016.40000	     4.49463e-16	
     10018.30000	     4.98084e-16	
     10020.20000	     5.39492e-16	
     10022.10000	     5.29254e-16	
     10024.00000	     5.05167e-16	
     10025.90000	     5.09118e-16	
     10027.80000	     4.87170e-16	
     10029.70000	     4.59788e-16	
     10031.60000	     4.37820e-16	
     10033.50000	     4.44949e-16	
     10035.40000	     4.56321e-16	
     10037.30000	     4.87054e-16	
     10039.20000	     5.02427e-16	
     10041.10000	     5.07683e-16	
     10043.00000	     5.15865e-16	
     10044.90000	     4.70877e-16	
     10046.80000	     3.98974e-16	
     10048.70000	     3.64354e-16	
     10050.60000	     3.53409e-16	
     10052.50000	     3.74249e-16	
     10054.40000	     3.99418e-16	
     10056.30000	     3.94917e-16	
     10058.20000	     4.13515e-16	
     10060.10000	     4.42887e-16	
     10062.00000	     4.74419e-16	
     10063.90000	     4.98845e-16	
     10065.80000	     4.99778e-16	
     10067.70000	     5.04202e-16	
     10069.60000	     5.08566e-16	
     10071.50000	     5.29339e-16	
     10073.40000	     5.42864e-16	
     10075.30000	     5.36724e-16	
     10077.20000	     5.94584e-16	
     10079.10000	     6.34934e-16	
     10081.00000	     6.59438e-16	
     10082.90000	     6.32114e-16	
     10084.80000	     5.95261e-16	
     10086.70000	     5.24232e-16	
     10088.60000	     5.30018e-16	
     10090.50000	     5.71399e-16	
     10092.40000	     6.27422e-16	
     10094.30000	     6.85419e-16	
     10096.20000	     7.03324e-16	
     10098.10000	     7.19440e-16	
#time:0.034938
