| slit |                    name | spat_pixpos | spat_fracpos | box_width | opt_fwhm |  s2n | wv_rms |
| 1038 | SPAT0755-SLIT1038-DET01 |       754.6 |        0.059 |      3.00 |    4.211 | 0.37 |  0.061 |
| 1038 | SPAT0756-SLIT1038-DET01 |       756.2 |        0.060 |      3.00 |    4.313 | 0.35 |  0.061 |
| 1038 | SPAT0855-SLIT1038-DET01 |       854.6 |        0.215 |      3.00 |    0.615 | 0.27 |  0.061 |
| 1038 | SPAT0938-SLIT1038-DET01 |       938.3 |        0.346 |      3.00 |    2.189 | 0.47 |  0.061 |
| 1038 | SPAT1073-SLIT1038-DET01 |      1072.5 |        0.554 |      3.00 |    0.824 | 6.30 |  0.061 |
| 1038 | SPAT1149-SLIT1038-DET01 |      1149.3 |        0.674 |      3.00 |    1.222 | 1.00 |  0.061 |
| 1038 | SPAT1153-SLIT1038-DET01 |      1153.3 |        0.686 |      3.00 |    4.035 | 0.86 |  0.061 |
| 1038 | SPAT1196-SLIT1038-DET01 |      1196.2 |        0.747 |      3.00 |    1.153 | 2.01 |  0.061 |
| 1038 | SPAT1259-SLIT1038-DET01 |      1259.2 |        0.844 |      3.00 |    5.632 | 0.27 |  0.061 |
