| slit |                    name | spat_pixpos | spat_fracpos | box_width | opt_fwhm |   s2n | wv_rms |
| 1038 | SPAT0750-SLIT1038-DET01 |       749.5 |        0.056 |      3.00 |    1.676 |  0.45 |  0.061 |
| 1038 | SPAT0778-SLIT1038-DET01 |       778.1 |        0.099 |      3.00 |    2.023 |  0.06 |  0.061 |
| 1038 | SPAT0792-SLIT1038-DET01 |       791.9 |        0.121 |      3.00 |    4.069 |  0.09 |  0.061 |
| 1038 | SPAT0875-SLIT1038-DET01 |       875.3 |        0.250 |      3.00 |    2.739 |  0.07 |  0.061 |
| 1038 | SPAT0894-SLIT1038-DET01 |       893.6 |        0.280 |      3.00 |    1.844 |  0.26 |  0.061 |
| 1038 | SPAT0936-SLIT1038-DET01 |       936.4 |        0.346 |      3.00 |    0.615 |  0.15 |  0.061 |
| 1038 | SPAT1085-SLIT1038-DET01 |      1085.2 |        0.577 |      3.00 |    0.896 | 31.75 |  0.061 |
| 1038 | SPAT1260-SLIT1038-DET01 |      1260.0 |        0.849 |      3.00 |    1.108 |  2.30 |  0.061 |
| 1038 | SPAT1278-SLIT1038-DET01 |      1278.3 |        0.878 |      3.00 |   10.000 |  0.19 |  0.061 |
