| slit |                    name | spat_pixpos | spat_fracpos | box_width | opt_fwhm |    s2n | wv_rms |
| 1038 | SPAT0812-SLIT1038-DET01 |       811.9 |        0.149 |      3.00 |    0.655 |  74.22 |  0.061 |
| 1038 | SPAT0939-SLIT1038-DET01 |       939.3 |        0.347 |      3.00 |    0.620 |   1.34 |  0.061 |
| 1038 | SPAT0997-SLIT1038-DET01 |       997.4 |        0.438 |      3.00 |    5.953 |  38.93 |  0.061 |
| 1038 | SPAT1169-SLIT1038-DET01 |      1169.3 |        0.704 |      3.00 |    1.783 |   3.98 |  0.061 |
| 1038 | SPAT1214-SLIT1038-DET01 |      1214.3 |        0.775 |      3.00 |   11.469 |  11.83 |  0.061 |
| 1038 | SPAT1268-SLIT1038-DET01 |      1268.4 |        0.859 |      3.00 |   35.660 |  28.17 |  0.061 |
| 1038 | SPAT1280-SLIT1038-DET01 |      1279.8 |        0.878 |      3.00 |   70.528 | 109.88 |  0.061 |
| 1038 | SPAT1342-SLIT1038-DET01 |      1342.4 |        0.972 |      3.00 |   67.485 |  42.79 |  0.061 |
| 1038 | SPAT1350-SLIT1038-DET01 |      1350.3 |        0.988 |      3.00 |   78.813 |  49.54 |  0.061 |
