| slit |                    name | spat_pixpos | spat_fracpos | box_width | opt_fwhm |   s2n | wv_rms |
| 1039 | SPAT0901-SLIT1039-DET01 |       901.1 |        0.288 |      3.00 |    1.070 |  0.08 |  0.054 |
| 1039 | SPAT0935-SLIT1039-DET01 |       935.0 |        0.339 |      3.00 |    1.562 |  2.34 |  0.054 |
| 1039 | SPAT0979-SLIT1039-DET01 |       979.0 |        0.409 |      3.00 |    1.533 |  0.34 |  0.054 |
| 1039 | SPAT0993-SLIT1039-DET01 |       992.9 |        0.429 |      3.00 |    1.552 |  1.31 |  0.054 |
| 1039 | SPAT1048-SLIT1039-DET01 |      1047.7 |        0.515 |      3.00 |    1.176 | 30.87 |  0.054 |
| 1039 | SPAT1190-SLIT1039-DET01 |      1190.3 |        0.737 |      3.00 |    1.573 |  0.42 |  0.054 |
| 1039 | SPAT1259-SLIT1039-DET01 |      1259.3 |        0.845 |      3.00 |    3.451 |  0.01 |  0.054 |
| 1039 | SPAT1280-SLIT1039-DET01 |      1279.9 |        0.877 |      3.00 |    3.358 |  0.10 |  0.054 |
| 1039 | SPAT1325-SLIT1039-DET01 |      1324.6 |        0.946 |      3.00 |    1.792 |  0.09 |  0.054 |
