| slit |                    name | spat_pixpos | spat_fracpos | box_width | opt_fwhm |   s2n | wv_rms |
| 1037 | SPAT0795-SLIT1037-DET01 |       795.3 |        0.124 |      3.00 |    2.262 |  0.16 |  0.055 |
| 1037 | SPAT0872-SLIT1037-DET01 |       872.2 |        0.244 |      3.00 |    4.690 |  0.14 |  0.055 |
| 1037 | SPAT0944-SLIT1037-DET01 |       943.5 |        0.355 |      3.00 |    1.091 |  0.76 |  0.055 |
| 1037 | SPAT1178-SLIT1037-DET01 |      1177.6 |        0.720 |      3.00 |    0.724 | 24.50 |  0.055 |
| 1037 | SPAT1236-SLIT1037-DET01 |      1235.6 |        0.811 |      3.00 |    4.377 | -0.10 |  0.055 |
| 1037 | SPAT1248-SLIT1037-DET01 |      1247.6 |        0.829 |      3.00 |    4.424 |  0.05 |  0.055 |
| 1037 | SPAT1263-SLIT1037-DET01 |      1263.4 |        0.854 |      3.00 |    2.169 |  0.15 |  0.055 |
| 1037 | SPAT1276-SLIT1037-DET01 |      1275.8 |        0.874 |      3.00 |    6.349 |  0.10 |  0.055 |
| 1037 | SPAT1315-SLIT1037-DET01 |      1315.3 |        0.934 |      3.00 |    1.046 |  0.39 |  0.055 |
