| slit |                    name | spat_pixpos | spat_fracpos | box_width | opt_fwhm |   s2n | wv_rms |
| 1039 | SPAT0750-SLIT1039-DET01 |       749.8 |        0.051 |      3.00 |    1.970 |  0.24 |  0.054 |
| 1039 | SPAT0941-SLIT1039-DET01 |       941.1 |        0.349 |      3.00 |    0.771 |  2.35 |  0.054 |
| 1039 | SPAT1015-SLIT1039-DET01 |      1014.5 |        0.463 |      3.00 |    0.996 | 36.62 |  0.054 |
| 1039 | SPAT1042-SLIT1039-DET01 |      1042.4 |        0.506 |      3.00 |    1.062 |  3.25 |  0.054 |
| 1039 | SPAT1082-SLIT1039-DET01 |      1082.0 |        0.568 |      3.00 |    0.993 |  2.07 |  0.054 |
| 1039 | SPAT1200-SLIT1039-DET01 |      1200.4 |        0.752 |      3.00 |    1.055 |  2.63 |  0.054 |
| 1039 | SPAT1224-SLIT1039-DET01 |      1224.0 |        0.789 |      3.00 |    1.447 |  0.54 |  0.054 |
| 1039 | SPAT1292-SLIT1039-DET01 |      1291.5 |        0.893 |      3.00 |    2.999 |  0.24 |  0.054 |
| 1039 | SPAT1341-SLIT1039-DET01 |      1340.8 |        0.971 |      3.00 |    0.865 | 10.46 |  0.054 |
