| slit |                    name | spat_pixpos | spat_fracpos | box_width | opt_fwhm |   s2n |
| 1035 | SPAT0081-SLIT1035-DET01 |        80.6 |        0.034 |      3.00 |    4.328 |  1.42 |
| 1035 | SPAT0286-SLIT1035-DET01 |       285.5 |        0.135 |      3.00 |    1.486 |  1.30 |
| 1035 | SPAT0838-SLIT1035-DET01 |       838.3 |        0.404 |      3.00 |    4.696 |  1.06 |
| 1035 | SPAT1050-SLIT1035-DET01 |      1049.9 |        0.507 |      3.00 |    0.879 |  1.38 |
| 1035 | SPAT1140-SLIT1035-DET01 |      1140.0 |        0.551 |      3.00 |    0.682 | 41.10 |
| 1035 | SPAT1654-SLIT1035-DET01 |      1653.6 |        0.802 |      3.00 |    2.478 |  0.91 |
| 1035 | SPAT1799-SLIT1035-DET01 |      1798.7 |        0.872 |      3.00 |    3.871 |  0.85 |
| 1035 | SPAT1812-SLIT1035-DET01 |      1812.2 |        0.879 |      3.00 |    1.430 |  1.43 |
| 1035 | SPAT1951-SLIT1035-DET01 |      1951.4 |        0.947 |      3.00 |    0.750 |  6.13 |
