| slit |                    name | spat_pixpos | spat_fracpos | box_width | opt_fwhm |  s2n | wv_rms |
| 1038 | SPAT0710-SLIT1038-DET01 |       710.0 |        0.011 |      3.00 |    0.615 | 1.97 |  0.049 |
| 1038 | SPAT0776-SLIT1038-DET01 |       775.5 |        0.114 |      3.00 |    4.596 | 0.20 |  0.049 |
| 1038 | SPAT0869-SLIT1038-DET01 |       869.3 |        0.260 |      3.00 |    1.074 | 0.05 |  0.049 |
| 1038 | SPAT0887-SLIT1038-DET01 |       887.4 |        0.288 |      3.00 |    1.980 | 0.01 |  0.049 |
| 1038 | SPAT0943-SLIT1038-DET01 |       942.5 |        0.374 |      3.00 |    0.785 | 1.15 |  0.049 |
| 1038 | SPAT0963-SLIT1038-DET01 |       962.6 |        0.407 |      3.00 |    1.709 | 0.05 |  0.049 |
| 1038 | SPAT1013-SLIT1038-DET01 |      1012.7 |        0.484 |      3.00 |    1.338 | 0.35 |  0.049 |
| 1038 | SPAT1250-SLIT1038-DET01 |      1250.0 |        0.852 |      3.00 |    3.918 | 0.04 |  0.049 |
| 1038 | SPAT1305-SLIT1038-DET01 |      1304.8 |        0.938 |      3.00 |    0.970 | 1.12 |  0.049 |
